L 520, -1243, -41, 583, -1243, -41, 65, 65, 65
L 573, -1230, -41, 576, -1230, -41, 65, 65, 65
L 588, -1175, -40, 588, -1206, -40, 65, 65, 65
L 517, -1175, -40, 588, -1175, -40, 65, 65, 65
L 517, -1246, -40, 517, -1175, -40, 65, 65, 65
L 588, -1246, -40, 517, -1246, -40, 65, 65, 65
L 588, -1215, -40, 588, -1246, -40, 65, 65, 65
L 529, -1301, -55, 532, -1304, -55, 60, 40, 0
L 532, -1299, -54, 529, -1301, -54, 60, 40, 0
L 1000, -1040, 29, 1015, -1040, 29, 65, 65, 65
L 1000, -1040, 29, 1000, -1056, 29, 65, 65, 65
L 1011, -1118, 29, 1021, -1118, 29, 64, 40, 0
L 1036, -1120, 30, 1021, -1120, 30, 0, 0, 0
L 144, -784, -39, 144, -791, -39, 65, 65, 65
L 136, -784, -39, 144, -784, -39, 65, 65, 65
L 136, -791, -39, 136, -784, -39, 65, 65, 65
L 144, -791, -39, 136, -791, -39, 65, 65, 65
L 215, -735, -55, 192, -735, -55, 65, 65, 65
L 184, -727, -55, 192, -727, -55, 65, 65, 65
L 184, -727, -55, 184, -744, -55, 65, 65, 65
L 192, -744, -55, 184, -744, -55, 65, 65, 65
L 168, -808, -71, 167, -783, -55, 65, 65, 65
L 136, -752, -55, 160, -752, -55, 65, 65, 65
L 136, -752, -55, 136, -744, -55, 65, 65, 65
L 136, -728, -55, 136, -720, -55, 65, 65, 65
L 128, -743, -55, 112, -743, -55, 65, 65, 65
L 128, -728, -55, 128, -720, -55, 65, 65, 65
L 128, -775, -31, 120, -775, -31, 65, 65, 65
L 136, -767, -31, 128, -775, -31, 65, 65, 65
L -14, 28, -27, -14, -226, -27, 60, 40, 0
L -15, 28, -27, -28, 28, -27, 60, 40, 0
L 857, -1343, -24, 864, -1343, -31, 65, 65, 65
L 863, -1336, -30, 863, -1343, -30, 65, 65, 65
L 862, -1343, -29, 862, -1336, -29, 65, 65, 65
L 861, -1336, -28, 861, -1343, -28, 65, 65, 65
L 860, -1343, -27, 860, -1336, -27, 65, 65, 65
L 859, -1336, -26, 859, -1343, -26, 65, 65, 65
L 858, -1343, -25, 858, -1336, -25, 65, 65, 65
L 857, -1336, -24, 857, -1343, -24, 65, 65, 65
L 887, -1336, -31, 864, -1336, -31, 65, 65, 65
L 864, -1336, -31, 887, -1336, -31, 65, 65, 65
L 848, -1336, -23, 864, -1336, -31, 65, 65, 65
L 848, -1343, -23, 848, -1336, -23, 65, 65, 65
L 863, -1351, -22, 855, -1343, -22, 65, 65, 65
L 848, -1343, -23, 855, -1343, -23, 65, 65, 65
L 848, -1351, -22, 848, -1343, -23, 65, 65, 65
L 863, -1351, -22, 848, -1351, -22, 65, 65, 65
L 887, -1349, -31, 887, -1352, -31, 65, 65, 65
L 848, -1352, -31, 848, -1344, -31, 65, 65, 65
L 888, -1278, -31, 888, -1280, -31, 65, 65, 65
L 896, -1272, -31, 888, -1278, -31, 65, 65, 65
L 896, -1247, -31, 896, -1272, -31, 65, 65, 65
L 903, -1263, -31, 912, -1263, -31, 65, 65, 65
L 903, -1263, -31, 903, -1272, -31, 65, 65, 65
L 911, -1321, -31, 903, -1327, -31, 65, 65, 65
L 911, -1321, -31, 911, -1319, -31, 65, 65, 65
L 919, -1319, -31, 911, -1319, -31, 65, 65, 65
L 467, -872, -31, 467, -856, -31, 65, 65, 65
L 472, -872, -31, 467, -872, -31, 65, 65, 65
L 472, -856, -31, 472, -872, -31, 65, 65, 65
L 479, -856, -31, 472, -856, -31, 65, 65, 65
L 479, -879, -31, 479, -856, -31, 65, 65, 65
L 456, -871, -31, 456, -879, -31, 65, 65, 65
L 479, -888, -31, 456, -888, -31, 65, 65, 65
L 479, -911, -31, 479, -888, -31, 65, 65, 65
L 456, -911, -31, 479, -911, -31, 65, 65, 65
L -29, -251, -27, -29, -242, -27, 65, 65, 65
L -13, -226, -15, -42, -226, -15, 65, 65, 65
L -29, -234, -27, -29, -226, -27, 65, 65, 65
L -28, -234, -27, -29, -234, -27, 65, 65, 65
L -29, -224, -27, -27, -227, -27, 0, 0, 0
L -28, -249, -27, -26, -249, -27, 65, 65, 65
L -28, -249, -27, -28, -252, -27, 65, 65, 65
L -26, -247, -27, -26, -249, -27, 65, 65, 65
L -28, -247, -27, -26, -247, -27, 65, 65, 65
L -14, -229, -27, -14, -234, -27, 65, 65, 65
L -16, -229, -27, -14, -229, -27, 65, 65, 65
L -16, -227, -27, -16, -229, -27, 65, 65, 65
L -15, -227, -27, -16, -227, -27, 65, 65, 65
L 42, -210, -27, 44, -224, -27, 0, 0, 0
L 14, -224, -27, 44, -224, -27, 0, 0, 0
L 43, -226, -15, 43, -250, -15, 65, 65, 65
L -13, -226, -15, 43, -226, -15, 65, 65, 65
L 783, -1371, -27, 784, -1198, -27, 0, 0, 0
L 742, -1371, -27, 783, -1371, -27, 0, 0, 0
L 685, -1357, -27, 742, -1371, -27, 0, 0, 0
L 424, -1885, -125, 407, -1885, -125, 65, 65, 65
L 424, -1889, -125, 424, -1885, -125, 65, 65, 65
L 411, -1890, -125, 424, -1889, -125, 65, 65, 65
L 416, -1893, -125, 411, -1890, -125, 65, 65, 65
L 420, -1899, -125, 416, -1893, -125, 65, 65, 65
L 424, -1899, -125, 420, -1899, -125, 65, 65, 65
L 424, -1904, -125, 424, -1899, -125, 65, 65, 65
L 420, -1904, -125, 424, -1904, -125, 65, 65, 65
L 416, -1909, -125, 420, -1904, -125, 65, 65, 65
L 415, -1910, -125, 416, -1909, -125, 65, 65, 65
L 411, -1913, -125, 415, -1910, -125, 65, 65, 65
L 424, -1913, -125, 411, -1913, -125, 65, 65, 65
L 424, -1918, -125, 424, -1913, -125, 65, 65, 65
L 392, -1918, -125, 424, -1918, -125, 65, 65, 65
L 391, -1917, -125, 392, -1918, -125, 65, 65, 65
L 392, -1913, -125, 391, -1917, -125, 65, 65, 65
L 405, -1913, -125, 392, -1913, -125, 65, 65, 65
L 400, -1910, -125, 405, -1913, -125, 65, 65, 65
L 399, -1909, -125, 400, -1910, -125, 65, 65, 65
L 396, -1904, -125, 399, -1909, -125, 65, 65, 65
L 392, -1904, -125, 396, -1904, -125, 65, 65, 65
L 391, -1903, -125, 392, -1904, -125, 65, 65, 65
L 392, -1899, -125, 391, -1903, -125, 65, 65, 65
L 396, -1899, -125, 392, -1899, -125, 65, 65, 65
L 399, -1893, -125, 396, -1899, -125, 65, 65, 65
L 400, -1893, -125, 399, -1893, -125, 65, 65, 65
L 405, -1890, -125, 400, -1893, -125, 65, 65, 65
L 392, -1890, -125, 405, -1890, -125, 65, 65, 65
L 391, -1889, -125, 392, -1890, -125, 65, 65, 65
L 392, -1885, -125, 391, -1889, -125, 65, 65, 65
L 414, -1885, -125, 392, -1885, -125, 65, 65, 65
L 56, -960, 25, 48, -960, 25, 64, 64, 64
L 56, -952, 25, 56, -960, 25, 64, 64, 64
L 64, -952, 25, 56, -952, 25, 64, 64, 64
L 64, -960, 25, 64, -952, 25, 64, 64, 64
L 72, -960, 25, 64, -960, 25, 64, 64, 64
L 72, -968, 25, 72, -960, 25, 64, 64, 64
L 80, -968, 25, 72, -968, 25, 64, 64, 64
L 80, -975, 25, 80, -968, 25, 64, 64, 64
L 72, -975, 25, 80, -975, 25, 64, 64, 64
L 72, -983, 25, 72, -975, 25, 64, 64, 64
L 64, -983, 25, 72, -983, 25, 64, 64, 64
L 64, -991, 25, 64, -983, 25, 64, 64, 64
L 56, -991, 25, 64, -991, 25, 64, 64, 64
L 56, -983, 25, 56, -991, 25, 64, 64, 64
L 48, -983, 25, 56, -983, 25, 64, 64, 64
L 48, -976, 25, 48, -983, 25, 64, 64, 64
L 47, -975, 25, 48, -976, 25, 64, 64, 64
L 44, -975, 25, 47, -975, 25, 64, 64, 64
L 44, -968, 25, 44, -975, 25, 64, 64, 64
L 48, -968, 25, 44, -968, 25, 64, 64, 64
L 48, -960, 25, 48, -968, 25, 64, 64, 64
L 64, -961, -39, 64, -955, -39, 64, 64, 64
L 48, -959, -39, 32, -959, -39, 64, 64, 64
L 56, -959, -39, 56, -951, -39, 64, 64, 64
L 64, -944, -39, 64, -959, -39, 64, 64, 64
L 40, -944, -39, 64, -944, -39, 64, 64, 64
L 32, -952, -39, 40, -944, -39, 64, 64, 64
L 32, -959, -39, 32, -952, -39, 64, 64, 64
L 64, -984, -39, 80, -984, -39, 64, 64, 64
L 80, -991, -39, 56, -991, -39, 64, 64, 64
L 80, -984, -39, 80, -991, -39, 64, 64, 64
L 82, -977, -9, 66, -977, -23, 64, 64, 64
L 71, -984, -23, 66, -984, -23, 64, 64, 64
L 71, -991, -23, 71, -984, -23, 64, 64, 64
L 48, -991, -23, 71, -991, -23, 64, 64, 64
L 48, -960, -23, 48, -991, -23, 64, 64, 64
L 71, -960, -23, 48, -960, -23, 64, 64, 64
L 82, -968, -9, 65, -968, -23, 64, 64, 64
L 570, -1181, -40, 570, -1178, -41, 65, 65, 65
L 570, -1187, -37, 570, -1181, -40, 65, 65, 65
L 570, -1193, -36, 570, -1187, -37, 65, 65, 65
L 585, -1178, -41, 570, -1179, -41, 65, 65, 65
L 585, -1179, -40, 570, -1181, -40, 65, 65, 65
L 585, -1180, -39, 570, -1183, -39, 65, 65, 65
L 585, -1181, -38, 570, -1185, -38, 65, 65, 65
L 585, -1182, -37, 570, -1187, -37, 65, 65, 65
L 585, -1183, -36, 570, -1189, -36, 65, 65, 65
L 570, -1200, -40, 570, -1203, -41, 65, 65, 65
L 570, -1192, -36, 570, -1200, -40, 65, 65, 65
L 585, -1203, -41, 570, -1202, -41, 65, 65, 65
L 585, -1202, -40, 570, -1200, -40, 65, 65, 65
L 585, -1201, -39, 570, -1198, -39, 65, 65, 65
L 585, -1200, -38, 570, -1196, -38, 65, 65, 65
L 585, -1199, -37, 570, -1194, -37, 65, 65, 65
L 585, -1198, -36, 570, -1192, -36, 65, 65, 65
L 585, -1203, -41, 569, -1203, -42, 65, 65, 65
L 585, -1178, -35, 585, -1203, -41, 65, 65, 65
L 585, -1178, -41, 532, -1178, -42, 65, 65, 65
L 534, -1243, -41, 534, -1218, -41, 65, 65, 65
L 532, -1242, -40, 520, -1242, -40, 65, 65, 65
L 532, -1219, -40, 532, -1242, -40, 65, 65, 65
L 531, -1219, -40, 532, -1219, -40, 65, 65, 65
L 520, -1219, -39, 531, -1219, -40, 65, 65, 65
L 530, -1221, -39, 520, -1221, -39, 65, 65, 65
L 530, -1240, -39, 530, -1221, -39, 65, 65, 65
L 520, -1240, -39, 530, -1240, -39, 65, 65, 65
L 520, -1242, -40, 520, -1243, -40, 65, 65, 65
L 520, -1240, -39, 520, -1242, -40, 65, 65, 65
L 520, -1239, -38, 520, -1240, -39, 65, 65, 65
L 520, -1219, -39, 520, -1218, -40, 65, 65, 65
L 520, -1221, -38, 520, -1219, -39, 65, 65, 65
L 520, -1240, -38, 520, -1221, -38, 65, 65, 65
L 534, -1218, -40, 536, -1218, -42, 65, 65, 65
L 520, -1218, -40, 534, -1218, -40, 65, 65, 65
L 534, -1203, -42, 532, -1203, -42, 65, 65, 65
L 534, -1206, -42, 534, -1203, -42, 65, 65, 65
L 520, -1206, -42, 534, -1206, -42, 65, 65, 65
L 520, -1215, -42, 520, -1206, -42, 65, 65, 65
L 562, -1215, -42, 520, -1215, -42, 65, 65, 65
L 562, -1218, -42, 562, -1215, -42, 65, 65, 65
L 536, -1218, -42, 562, -1218, -42, 65, 65, 65
L 573, -1218, -42, 574, -1243, -42, 65, 65, 65
L 571, -1218, -42, 573, -1218, -42, 65, 65, 65
L 571, -1215, -42, 571, -1218, -42, 65, 65, 65
L 602, -1215, -42, 571, -1215, -42, 65, 65, 65
L 602, -1245, -42, 602, -1215, -42, 60, 40, 0
L 588, -1260, -42, 602, -1245, -42, 60, 40, 0
L 518, -1260, -42, 588, -1260, -42, 60, 40, 0
L 504, -1247, -42, 518, -1260, -42, 60, 40, 0
L 503, -1245, -42, 504, -1247, -42, 60, 40, 0
L 504, -1175, -42, 503, -1245, -42, 60, 40, 0
L 518, -1161, -42, 504, -1175, -42, 60, 40, 0
L 588, -1161, -42, 518, -1161, -42, 60, 40, 0
L 602, -1175, -42, 588, -1161, -42, 60, 40, 0
L 602, -1206, -42, 602, -1175, -42, 60, 40, 0
L 543, -1206, -42, 602, -1206, -42, 65, 65, 65
L 543, -1203, -42, 543, -1206, -42, 65, 65, 65
L 569, -1203, -42, 543, -1203, -42, 65, 65, 65
L 532, -1203, -42, 532, -1178, -42, 65, 65, 65
L 210, -1918, -125, 196, -1876, -125, 0, 0, 0
L 210, -1962, -125, 210, -1918, -125, 0, 0, 0
L 210, -1963, -125, 225, -1988, -125, 0, 0, 0
L 264, -1918, -125, 254, -1918, -125, 64, 64, 64
L 264, -1917, -124, 264, -1918, -125, 64, 64, 64
L 264, -1886, -124, 264, -1917, -124, 64, 64, 64
L 324, -1886, -124, 264, -1886, -124, 64, 64, 64
L 324, -1918, -124, 324, -1886, -124, 64, 64, 64
L 334, -1918, -125, 324, -1918, -125, 64, 64, 64
L 333, -1879, -124, 334, -1918, -125, 64, 64, 64
L 254, -1879, -124, 333, -1879, -124, 64, 64, 64
L 254, -1918, -124, 254, -1879, -124, 64, 64, 64
L 431, -1929, -125, 419, -1959, -125, 0, 0, 0
L 434, -1917, -125, 431, -1929, -125, 0, 0, 0
L 447, -1885, -125, 434, -1917, -125, 0, 0, 0
L 447, -1847, -125, 447, -1885, -125, 0, 0, 0
L 440, -1832, -125, 447, -1847, -125, 0, 0, 0
L 419, -1834, -125, 440, -1832, -125, 0, 0, 0
L 419, -1819, -125, 419, -1834, -125, 0, 0, 0
L 433, -1819, -125, 419, -1819, -125, 0, 0, 0
L 405, -1791, -125, 433, -1819, -125, 0, 0, 0
L 405, -1777, -125, 405, -1791, -125, 0, 0, 0
L 390, -1764, -125, 405, -1777, -125, 0, 0, 0
L 389, -1724, -125, 390, -1764, -125, 0, 0, 0
L 350, -1707, -125, 389, -1724, -125, 0, 0, 0
L 350, -1694, -125, 350, -1707, -125, 0, 0, 0
L 350, -1693, -124, 350, -1694, -125, 0, 0, 0
L 392, -1693, -124, 350, -1693, -124, 0, 0, 0
L 419, -1679, -124, 392, -1693, -124, 0, 0, 0
L 433, -1653, -104, 419, -1679, -124, 0, 0, 0
L 461, -1624, -104, 433, -1653, -104, 0, 0, 0
L 489, -1595, -97, 461, -1624, -104, 0, 0, 0
L 531, -1554, -71, 489, -1595, -97, 0, 0, 0
L 531, -1554, -66, 531, -1554, -71, 0, 0, 0
L 531, -1553, -64, 531, -1554, -66, 0, 0, 0
L 531, -1511, -64, 531, -1553, -64, 0, 0, 0
L 559, -1469, -70, 531, -1511, -72, 0, 0, 0
L 557, -1425, -82, 559, -1469, -70, 0, 0, 0
L 557, -1412, -81, 557, -1425, -81, 0, 0, 0
L 558, -1411, -81, 557, -1412, -81, 0, 0, 0
L 576, -1411, -81, 558, -1411, -81, 0, 0, 0
L 576, -1413, -81, 576, -1411, -81, 0, 0, 0
L 602, -1413, -61, 576, -1413, -81, 0, 0, 0
L 615, -1399, -49, 602, -1413, -61, 0, 0, 0
L 615, -1386, -49, 615, -1399, -49, 0, 0, 0
L 615, -1344, -28, 615, -1386, -55, 0, 0, 0
L 616, -1343, -27, 615, -1344, -28, 0, 0, 0
L 616, -1344, -27, 616, -1343, -27, 0, 0, 0
L 644, -1385, -27, 616, -1344, -27, 0, 0, 0
L 557, -1401, -82, 557, -1387, -82, 0, 0, 0
L 558, -1402, -82, 557, -1401, -82, 0, 0, 0
L 574, -1402, -81, 558, -1402, -82, 0, 0, 0
L 574, -1400, -81, 574, -1402, -81, 0, 0, 0
L 588, -1400, -73, 574, -1400, -81, 0, 0, 0
L 602, -1386, -61, 588, -1400, -73, 0, 0, 0
L 602, -1372, -41, 602, -1386, -61, 0, 0, 0
L 601, -1371, -41, 602, -1372, -41, 0, 0, 0
L 596, -1371, -41, 601, -1371, -41, 0, 0, 0
L 596, -1344, -28, 596, -1371, -41, 0, 0, 0
L 602, -1344, -28, 596, -1344, -28, 0, 0, 0
L 602, -1343, -27, 602, -1344, -28, 0, 0, 0
L 603, -1330, -27, 602, -1343, -27, 0, 0, 0
L 615, -1330, -27, 603, -1330, -27, 0, 0, 0
L 702, -1318, -27, 718, -1318, -27, 65, 65, 65
L 702, -1341, -27, 702, -1318, -27, 65, 65, 65
L 765, -1341, -27, 702, -1341, -27, 65, 65, 65
L 765, -1318, -27, 765, -1341, -27, 65, 65, 65
L 727, -1318, -27, 765, -1318, -27, 65, 65, 65
L 727, -1334, -27, 727, -1318, -27, 65, 65, 65
L 725, -1315, -27, 725, -1334, -27, 65, 65, 65
L 699, -1344, -27, 770, -1344, -27, 65, 65, 65
L 699, -1315, -27, 699, -1344, -27, 65, 65, 65
L 485, -954, -29, 483, -954, -29, 65, 65, 65
L 483, -963, -29, 485, -963, -29, 65, 65, 65
L 472, -952, -30, 490, -952, -30, 65, 65, 65
L 496, -952, -39, 496, -950, -38, 65, 65, 65
L 496, -984, -31, 496, -952, -39, 65, 65, 65
L 479, -984, -31, 496, -984, -31, 65, 65, 65
L 489, -965, -30, 473, -965, -30, 65, 65, 65
L 483, -952, -30, 483, -965, -30, 65, 65, 65
L 485, -954, -29, 485, -963, -29, 65, 65, 65
L 487, -952, -28, 487, -965, -28, 65, 65, 65
L -41, -250, 9, -42, -250, 11, 65, 65, 65
L -8, -250, -15, -41, -250, 9, 65, 65, 65
L 1, -250, -15, -8, -250, -15, 65, 65, 65
L 1, -237, -15, 1, -250, -15, 65, 65, 65
L 31, -237, -15, 1, -237, -15, 65, 65, 65
L -92, -250, 11, -42, -250, 11, 65, 65, 65
L -100, -242, 11, -92, -250, 11, 65, 65, 65
L -100, -236, 11, -100, -242, 11, 65, 65, 65
L -98, -230, 11, -100, -236, 11, 65, 65, 65
L -96, -229, 11, -98, -230, 11, 65, 65, 65
L -92, -226, 11, -96, -229, 11, 65, 65, 65
L 52, -226, 11, -92, -226, 11, 65, 65, 65
L 59, -233, 11, 52, -226, 11, 65, 65, 65
L 58, -242, 11, 59, -233, 11, 65, 65, 65
L 55, -244, 11, 58, -242, 11, 65, 65, 65
L 53, -247, 11, 55, -244, 11, 65, 65, 65
L 52, -249, 11, 53, -247, 11, 65, 65, 65
L -28, -250, 11, 52, -249, 11, 65, 65, 65
L 956, -1289, -23, 956, -1300, -23, 65, 65, 65
L 955, -1289, -22, 955, -1300, -22, 65, 65, 65
L 954, -1289, -21, 954, -1300, -21, 65, 65, 65
L 953, -1289, -20, 953, -1300, -20, 65, 65, 65
L 952, -1300, -19, 952, -1289, -19, 65, 65, 65
L 951, -1289, -18, 951, -1300, -18, 65, 65, 65
L 950, -1300, -17, 950, -1289, -17, 65, 65, 65
L 949, -1289, -16, 949, -1300, -16, 65, 65, 65
L 948, -1300, -15, 948, -1289, -15, 65, 65, 65
L 947, -1289, -14, 947, -1300, -14, 65, 65, 65
L 946, -1300, -13, 946, -1289, -13, 65, 65, 65
L 945, -1289, -12, 945, -1300, -12, 65, 65, 65
L 933, -1289, -11, 933, -1300, -11, 65, 65, 65
L 931, -1289, -9, 931, -1300, -9, 65, 65, 65
L 930, -1289, -8, 930, -1300, -8, 65, 65, 65
L 929, -1289, -7, 929, -1300, -7, 65, 65, 65
L 928, -1289, -6, 928, -1300, -6, 65, 65, 65
L 927, -1289, -5, 927, -1300, -5, 65, 65, 65
L 926, -1289, -4, 926, -1300, -4, 65, 65, 65
L 925, -1289, -3, 925, -1300, -3, 65, 65, 65
L 924, -1289, -2, 924, -1300, -2, 65, 65, 65
L 923, -1300, -1, 923, -1289, -1, 65, 65, 65
L 922, -1289, -0, 922, -1300, -0, 65, 65, 65
L 921, -1300, 1, 921, -1289, 1, 65, 65, 65
L 910, -1289, 2, 910, -1300, 2, 65, 65, 65
L 909, -1289, 3, 909, -1300, 3, 65, 65, 65
L 908, -1289, 4, 908, -1300, 4, 65, 65, 65
L 907, -1289, 5, 907, -1300, 5, 65, 65, 65
L 906, -1289, 6, 906, -1300, 6, 65, 65, 65
L 905, -1289, 7, 905, -1300, 7, 65, 65, 65
L 904, -1289, 8, 904, -1300, 8, 65, 65, 65
L 903, -1289, 9, 903, -1300, 9, 65, 65, 65
L 902, -1289, 10, 902, -1300, 10, 65, 65, 65
L 901, -1289, 11, 901, -1300, 11, 65, 65, 65
L 900, -1289, 12, 900, -1300, 12, 65, 65, 65
L 899, -1289, 13, 899, -1300, 13, 65, 65, 65
L 848, -1264, -47, 840, -1271, -47, 65, 65, 65
L 872, -1264, -47, 848, -1264, -47, 65, 65, 65
L 878, -1271, -47, 872, -1264, -47, 65, 65, 65
L 863, -1271, -47, 871, -1271, -47, 65, 65, 65
L 921, -1311, -31, 927, -1303, -31, 65, 65, 65
L 919, -1319, -31, 919, -1311, -31, 65, 65, 65
L 912, -1328, -31, 912, -1336, -31, 65, 65, 65
L 927, -1328, -31, 912, -1328, -31, 65, 65, 65
L 927, -1352, -31, 927, -1328, -31, 65, 65, 65
L 936, -1352, -31, 927, -1352, -31, 65, 65, 65
L 936, -1344, -31, 936, -1352, -31, 65, 65, 65
L 959, -1344, -31, 936, -1344, -31, 65, 65, 65
L 959, -1359, -31, 959, -1344, -31, 65, 65, 65
L 912, -1359, -31, 959, -1359, -31, 65, 65, 65
L 912, -1343, -31, 912, -1359, -31, 65, 65, 65
L 903, -1375, -39, 903, -1343, -31, 65, 65, 65
L 904, -1376, -39, 903, -1375, -39, 65, 65, 65
L 935, -1376, -39, 904, -1376, -39, 65, 65, 65
L 935, -1399, -39, 935, -1376, -39, 65, 65, 65
L 920, -1399, -39, 935, -1399, -39, 65, 65, 65
L 920, -1383, -39, 920, -1399, -39, 65, 65, 65
L 912, -1383, -39, 920, -1383, -39, 65, 65, 65
L 911, -1384, -39, 912, -1383, -39, 65, 65, 65
L 911, -1391, -39, 911, -1384, -39, 65, 65, 65
L 888, -1391, -39, 911, -1391, -39, 65, 65, 65
L 888, -1383, -39, 888, -1391, -39, 65, 65, 65
L 880, -1383, -39, 888, -1383, -39, 65, 65, 65
L 879, -1384, -39, 880, -1383, -39, 65, 65, 65
L 879, -1399, -39, 879, -1384, -39, 65, 65, 65
L 864, -1399, -39, 879, -1399, -39, 65, 65, 65
L 864, -1376, -39, 864, -1399, -39, 65, 65, 65
L 896, -1376, -39, 864, -1376, -39, 65, 65, 65
L 887, -1359, -31, 896, -1359, -31, 65, 65, 65
L 887, -1367, -31, 887, -1359, -31, 65, 65, 65
L 848, -1367, -31, 887, -1367, -31, 65, 65, 65
L 848, -1352, -31, 848, -1367, -31, 65, 65, 65
L 872, -1352, -31, 848, -1352, -31, 65, 65, 65
L 872, -1349, -31, 872, -1352, -31, 65, 65, 65
L 848, -1349, -31, 872, -1349, -31, 65, 65, 65
L 864, -1344, -31, 864, -1336, -31, 65, 65, 65
L 848, -1344, -31, 864, -1344, -31, 65, 65, 65
L 848, -1349, -31, 848, -1344, -31, 65, 65, 65
L 887, -1336, -31, 864, -1336, -31, 65, 65, 65
L 887, -1349, -31, 887, -1336, -31, 65, 65, 65
L 879, -1349, -31, 887, -1349, -31, 65, 65, 65
L 896, -1352, -31, 879, -1352, -31, 65, 65, 65
L 896, -1327, -31, 896, -1352, -31, 65, 65, 65
L 888, -1321, -31, 896, -1327, -31, 65, 65, 65
L 888, -1319, -31, 888, -1321, -31, 65, 65, 65
L 880, -1319, -31, 888, -1319, -31, 65, 65, 65
L 880, -1311, -31, 880, -1319, -31, 65, 65, 65
L 878, -1311, -31, 880, -1311, -31, 65, 65, 65
L 872, -1303, -31, 878, -1311, -31, 65, 65, 65
L 864, -1303, -31, 872, -1303, -31, 65, 65, 65
L 863, -1304, -31, 864, -1303, -31, 65, 65, 65
L 863, -1327, -47, 863, -1304, -31, 65, 65, 65
L 864, -1328, -47, 863, -1327, -47, 65, 65, 65
L 872, -1327, -47, 864, -1328, -47, 65, 65, 65
L 872, -1319, -55, 872, -1327, -47, 65, 65, 65
L 864, -1311, -56, 872, -1319, -55, 65, 65, 65
L 856, -1311, -56, 864, -1311, -56, 65, 65, 65
L 852, -1314, -55, 856, -1311, -56, 65, 65, 65
L 852, -1315, -55, 852, -1314, -55, 65, 65, 65
L 847, -1319, -55, 852, -1315, -55, 65, 65, 65
L 847, -1327, -48, 847, -1319, -55, 65, 65, 65
L 848, -1328, -47, 847, -1327, -48, 65, 65, 65
L 856, -1328, -47, 848, -1328, -47, 65, 65, 65
L 856, -1327, -47, 856, -1328, -47, 65, 65, 65
L 856, -1303, -31, 856, -1327, -47, 65, 65, 65
L 855, -1303, -31, 856, -1303, -31, 65, 65, 65
L 824, -1303, -39, 855, -1303, -31, 65, 65, 65
L 823, -1303, -39, 824, -1303, -39, 65, 65, 65
L 807, -1319, -39, 823, -1303, -39, 65, 65, 65
L 815, -1327, -39, 807, -1319, -39, 65, 65, 65
L 793, -1327, -39, 815, -1327, -39, 65, 65, 65
L 800, -1319, -39, 793, -1327, -39, 65, 65, 65
L 784, -1303, -39, 800, -1319, -39, 65, 65, 65
L 783, -1303, -39, 784, -1303, -39, 65, 65, 65
L 776, -1311, -39, 783, -1303, -39, 65, 65, 65
L 776, -1288, -39, 776, -1311, -39, 65, 65, 65
L 784, -1296, -39, 776, -1288, -39, 65, 65, 65
L 800, -1280, -39, 784, -1296, -39, 65, 65, 65
L 800, -1279, -39, 800, -1280, -39, 65, 65, 65
L 793, -1272, -39, 800, -1279, -39, 65, 65, 65
L 815, -1272, -39, 793, -1272, -39, 65, 65, 65
L 807, -1279, -39, 815, -1272, -39, 65, 65, 65
L 823, -1296, -39, 807, -1279, -39, 65, 65, 65
L 824, -1296, -39, 823, -1296, -39, 65, 65, 65
L 824, -1272, -39, 824, -1296, -39, 65, 65, 65
L 832, -1272, -39, 824, -1272, -39, 65, 65, 65
L 832, -1264, -55, 832, -1279, -40, 65, 65, 65
L 832, -1263, -55, 832, -1264, -55, 65, 65, 65
L 816, -1270, -63, 832, -1263, -55, 65, 65, 65
L 791, -1270, -63, 816, -1270, -63, 65, 65, 65
L 774, -1287, -63, 791, -1270, -63, 65, 65, 65
L 774, -1311, -63, 774, -1287, -63, 65, 65, 65
L 791, -1329, -63, 774, -1311, -63, 65, 65, 65
L 815, -1329, -63, 791, -1329, -63, 65, 65, 65
L 823, -1343, -63, 815, -1329, -63, 65, 65, 65
L 784, -1343, -63, 823, -1343, -63, 65, 65, 65
L 760, -1319, -63, 784, -1343, -63, 65, 65, 65
L 760, -1280, -63, 760, -1319, -63, 65, 65, 65
L 784, -1256, -63, 760, -1280, -63, 65, 65, 65
L 839, -1256, -57, 784, -1256, -63, 65, 65, 65
L 839, -1280, -39, 839, -1256, -57, 65, 65, 65
L 839, -1287, -39, 839, -1280, -39, 65, 65, 65
L 832, -1287, -39, 839, -1287, -39, 65, 65, 65
L 831, -1288, -39, 832, -1287, -39, 65, 65, 65
L 831, -1296, -39, 831, -1288, -39, 65, 65, 65
L 832, -1296, -39, 831, -1296, -39, 65, 65, 65
L 855, -1296, -31, 832, -1296, -39, 65, 65, 65
L 856, -1296, -31, 855, -1296, -31, 65, 65, 65
L 856, -1272, -47, 856, -1296, -31, 65, 65, 65
L 856, -1271, -47, 856, -1272, -47, 65, 65, 65
L 848, -1271, -47, 856, -1271, -47, 65, 65, 65
L 847, -1272, -48, 848, -1271, -47, 65, 65, 65
L 847, -1279, -54, 847, -1272, -48, 65, 65, 65
L 847, -1280, -55, 847, -1279, -54, 65, 65, 65
L 855, -1287, -55, 847, -1280, -55, 65, 65, 65
L 856, -1288, -56, 855, -1287, -55, 65, 65, 65
L 864, -1288, -56, 856, -1288, -56, 65, 65, 65
L 868, -1284, -55, 864, -1288, -56, 65, 65, 65
L 872, -1279, -55, 868, -1284, -55, 65, 65, 65
L 872, -1271, -47, 872, -1279, -55, 65, 65, 65
L 863, -1271, -47, 872, -1271, -47, 65, 65, 65
L 863, -1280, -46, 863, -1271, -47, 65, 65, 65
L 864, -1296, -31, 863, -1280, -46, 65, 65, 65
L 872, -1296, -31, 864, -1296, -31, 65, 65, 65
L 878, -1288, -31, 872, -1296, -31, 65, 65, 65
L 880, -1288, -31, 878, -1288, -31, 65, 65, 65
L 880, -1280, -31, 880, -1288, -31, 65, 65, 65
L 888, -1280, -31, 880, -1280, -31, 65, 65, 65
L 887, -1247, -31, 896, -1247, -31, 65, 65, 65
L 887, -1271, -31, 887, -1247, -31, 65, 65, 65
L 880, -1271, -31, 887, -1271, -31, 65, 65, 65
L 880, -1263, -31, 880, -1271, -31, 65, 65, 65
L 872, -1263, -31, 880, -1263, -31, 65, 65, 65
L 872, -1240, -31, 872, -1263, -31, 65, 65, 65
L 896, -1240, -31, 872, -1240, -31, 65, 65, 65
L 896, -1239, -32, 896, -1240, -31, 65, 65, 65
L 896, -1231, -39, 896, -1239, -32, 65, 65, 65
L 896, -1223, -39, 896, -1231, -39, 65, 65, 65
L 848, -1223, -39, 896, -1223, -39, 65, 65, 65
L 848, -1216, -39, 848, -1223, -39, 65, 65, 65
L 856, -1216, -39, 848, -1216, -39, 65, 65, 65
L 856, -1207, -39, 856, -1216, -39, 65, 65, 65
L 840, -1207, -39, 856, -1207, -39, 65, 65, 65
L 840, -1168, -39, 840, -1207, -39, 65, 65, 65
L 863, -1168, -39, 840, -1168, -39, 65, 65, 65
L 863, -1183, -39, 863, -1168, -39, 65, 65, 65
L 847, -1183, -39, 863, -1183, -39, 65, 65, 65
L 847, -1192, -39, 847, -1183, -39, 65, 65, 65
L 863, -1192, -39, 847, -1192, -39, 65, 65, 65
L 863, -1216, -39, 863, -1192, -39, 65, 65, 65
L 880, -1216, -39, 863, -1216, -39, 65, 65, 65
L 880, -1207, -39, 880, -1216, -39, 65, 65, 65
L 872, -1207, -39, 880, -1207, -39, 65, 65, 65
L 872, -1168, -39, 872, -1207, -39, 65, 65, 65
L 895, -1168, -39, 872, -1168, -39, 65, 65, 65
L 895, -1183, -39, 895, -1168, -39, 65, 65, 65
L 879, -1183, -39, 895, -1183, -39, 65, 65, 65
L 879, -1192, -39, 879, -1183, -39, 65, 65, 65
L 895, -1192, -39, 879, -1192, -39, 65, 65, 65
L 895, -1207, -39, 895, -1192, -39, 65, 65, 65
L 887, -1207, -39, 895, -1207, -39, 65, 65, 65
L 887, -1216, -39, 887, -1207, -39, 65, 65, 65
L 912, -1216, -39, 887, -1216, -39, 65, 65, 65
L 912, -1207, -39, 912, -1216, -39, 65, 65, 65
L 904, -1207, -39, 912, -1207, -39, 65, 65, 65
L 904, -1192, -39, 904, -1207, -39, 65, 65, 65
L 920, -1192, -39, 904, -1192, -39, 65, 65, 65
L 920, -1183, -39, 920, -1192, -39, 65, 65, 65
L 904, -1183, -39, 920, -1183, -39, 65, 65, 65
L 904, -1168, -39, 904, -1183, -39, 65, 65, 65
L 927, -1168, -39, 904, -1168, -39, 65, 65, 65
L 927, -1207, -39, 927, -1168, -39, 65, 65, 65
L 919, -1207, -39, 927, -1207, -39, 65, 65, 65
L 919, -1216, -39, 919, -1207, -39, 65, 65, 65
L 936, -1216, -39, 919, -1216, -39, 65, 65, 65
L 936, -1192, -39, 936, -1216, -39, 65, 65, 65
L 952, -1192, -39, 936, -1192, -39, 65, 65, 65
L 952, -1183, -39, 952, -1192, -39, 65, 65, 65
L 936, -1183, -39, 952, -1183, -39, 65, 65, 65
L 986, -1168, -39, 939, -1168, -39, 65, 65, 65
L 959, -1207, -39, 959, -1168, -39, 65, 65, 65
L 943, -1207, -39, 959, -1207, -39, 65, 65, 65
L 943, -1216, -39, 943, -1207, -39, 65, 65, 65
L 951, -1216, -39, 943, -1216, -39, 65, 65, 65
L 904, -1223, -39, 951, -1223, -39, 65, 65, 65
L 903, -1224, -39, 904, -1223, -39, 65, 65, 65
L 903, -1231, -39, 903, -1224, -39, 65, 65, 65
L 903, -1240, -31, 903, -1231, -39, 65, 65, 65
L 903, -1256, -31, 903, -1240, -31, 65, 65, 65
L 912, -1256, -31, 903, -1256, -31, 65, 65, 65
L 912, -1232, -31, 912, -1256, -31, 65, 65, 65
L 951, -1232, -31, 912, -1232, -31, 65, 65, 65
L 951, -1255, -31, 951, -1232, -31, 65, 65, 65
L 944, -1255, -31, 951, -1255, -31, 65, 65, 65
L 944, -1239, -31, 944, -1255, -31, 65, 65, 65
L 927, -1255, -31, 937, -1255, -31, 65, 65, 65
L 927, -1271, -31, 927, -1255, -31, 65, 65, 65
L 912, -1271, -31, 927, -1271, -31, 65, 65, 65
L 912, -1263, -31, 912, -1271, -31, 65, 65, 65
L 911, -1278, -31, 903, -1272, -31, 65, 65, 65
L 911, -1280, -31, 911, -1278, -31, 65, 65, 65
L 919, -1280, -31, 911, -1280, -31, 65, 65, 65
L 919, -1287, -31, 919, -1280, -31, 65, 65, 65
L 920, -1288, -31, 919, -1287, -31, 65, 65, 65
L 921, -1288, -31, 920, -1288, -31, 65, 65, 65
L 927, -1296, -31, 921, -1288, -31, 65, 65, 65
L 935, -1296, -31, 927, -1296, -31, 65, 65, 65
L 936, -1295, -31, 935, -1296, -31, 65, 65, 65
L 936, -1264, -31, 936, -1295, -31, 65, 65, 65
L 952, -1264, -23, 936, -1264, -31, 65, 65, 65
L 959, -1264, -23, 952, -1264, -23, 65, 65, 65
L 976, -1279, -23, 959, -1264, -23, 65, 65, 65
L 976, -1312, -23, 976, -1279, -23, 65, 65, 65
L 960, -1326, -23, 976, -1312, -23, 65, 65, 65
L 959, -1327, -23, 960, -1326, -23, 65, 65, 65
L 951, -1327, -24, 959, -1327, -23, 65, 65, 65
L 936, -1327, -31, 951, -1327, -24, 65, 65, 65
L 936, -1303, -31, 936, -1327, -31, 65, 65, 65
L 921, -1311, -31, 927, -1304, -31, 65, 65, 65
L 919, -1319, -31, 919, -1312, -31, 65, 65, 65
L 899, -1300, 14, 957, -1300, -23, 65, 65, 65
L 959, -1279, -23, 956, -1279, -23, 65, 65, 65
L 956, -1289, -23, 961, -1289, -23, 65, 65, 65
L 961, -1300, -23, 956, -1300, -23, 65, 65, 65
L 961, -1313, -23, 961, -1300, -23, 65, 65, 65
L 952, -1312, -23, 959, -1312, -23, 65, 65, 65
L 952, -1320, -23, 952, -1312, -23, 65, 65, 65
L 943, -1320, -31, 952, -1320, -23, 65, 65, 65
L 943, -1271, -31, 943, -1320, -31, 65, 65, 65
L 944, -1271, -31, 943, -1271, -31, 65, 65, 65
L 952, -1271, -23, 944, -1271, -31, 65, 65, 65
L 952, -1279, -23, 952, -1271, -23, 65, 65, 65
L 959, -1279, -23, 952, -1279, -23, 65, 65, 65
L 961, -1289, -23, 961, -1278, -23, 65, 65, 65
L 899, -1289, 14, 960, -1289, -23, 65, 65, 65
L 757, -1299, -27, 771, -1299, -13, 65, 65, 65
L 755, -1299, -27, 757, -1299, -27, 65, 65, 65
L 772, -1299, -13, 770, -1299, -13, 65, 65, 65
L 772, -1304, -13, 772, -1299, -13, 65, 65, 65
L 784, -1313, -13, 770, -1313, -13, 65, 65, 65
L 784, -1371, -13, 784, -1313, -13, 65, 65, 65
L 797, -1371, -13, 784, -1371, -13, 0, 0, 0
L 798, -1301, -13, 797, -1371, -13, 65, 65, 65
L 823, -1301, -5, 798, -1301, -13, 65, 65, 65
L 823, -1299, -5, 823, -1301, -5, 65, 65, 65
L 893, -1302, 15, 884, -1302, 15, 65, 65, 65
L 893, -1310, 15, 893, -1302, 15, 65, 65, 65
L 908, -1310, 15, 893, -1310, 15, 65, 65, 65
L 908, -1309, 15, 908, -1310, 15, 65, 65, 65
L 916, -1287, 15, 916, -1302, 15, 65, 65, 65
L 893, -1279, 15, 908, -1279, 15, 65, 65, 65
L 893, -1287, 15, 893, -1279, 15, 65, 65, 65
L 880, -1290, 14, 884, -1290, 15, 65, 65, 65
L 772, -1290, -13, 772, -1285, -13, 65, 65, 65
L 769, -1290, -14, 772, -1290, -13, 65, 65, 65
L 758, -1290, -27, 769, -1290, -14, 65, 65, 65
L 755, -1290, -27, 758, -1290, -27, 65, 65, 65
L 755, -1287, -27, 755, -1290, -27, 65, 65, 65
L 769, -1287, -27, 755, -1287, -27, 65, 65, 65
L 769, -1276, -27, 769, -1287, -27, 65, 65, 65
L 770, -1275, -27, 769, -1276, -27, 65, 65, 65
L 781, -1275, -27, 770, -1275, -27, 65, 65, 65
L 781, -1273, -27, 781, -1275, -27, 65, 65, 65
L 783, -1273, -27, 781, -1273, -27, 65, 65, 65
L 699, -1246, -27, 728, -1246, -27, 65, 65, 65
L 725, -1244, -27, 699, -1244, -27, 65, 65, 65
L 725, -1205, -27, 725, -1244, -27, 65, 65, 65
L 702, -1205, -27, 725, -1205, -27, 65, 65, 65
L 702, -1235, -27, 702, -1205, -27, 65, 65, 65
L 710, -1235, -27, 702, -1235, -27, 65, 65, 65
L 699, -1237, -27, 710, -1237, -27, 65, 65, 65
L 699, -1203, -27, 699, -1237, -27, 65, 65, 65
L 728, -1203, -27, 699, -1203, -27, 65, 65, 65
L 699, -1120, -27, 727, -1148, -27, 0, 0, 0
L 658, -1092, -27, 699, -1120, -27, 0, 0, 0
L 616, -1036, -27, 658, -1092, -27, 0, 0, 0
L 574, -1036, -27, 616, -1036, -27, 0, 0, 0
L 532, -1008, -27, 574, -1036, -27, 0, 0, 0
L 531, -1008, -27, 532, -1008, -27, 0, 0, 0
L 531, -980, -27, 531, -1008, -27, 0, 0, 0
L 518, -952, -27, 531, -980, -27, 0, 0, 0
L 490, -952, -27, 518, -952, -27, 0, 0, 0
L 700, -1162, -27, 685, -1177, -27, 0, 0, 0
L 714, -1162, -27, 700, -1162, -27, 0, 0, 0
L 602, -1049, -27, 714, -1162, -27, 0, 0, 0
L 560, -1049, -27, 602, -1049, -27, 0, 0, 0
L 518, -1021, -27, 560, -1049, -27, 0, 0, 0
L 518, -979, -27, 518, -1021, -27, 0, 0, 0
L 505, -966, -27, 518, -979, -27, 0, 0, 0
L 503, -965, -27, 505, -966, -27, 65, 65, 65
L 489, -965, -27, 503, -965, -27, 65, 65, 65
L 434, -965, -27, 464, -965, -27, 0, 0, 0
L 420, -938, -27, 434, -965, -27, 0, 0, 0
L -28, -242, -27, -28, -247, -27, 65, 65, 65
L -42, -251, -27, -30, -251, -27, 65, 65, 65
L -42, -248, -27, -42, -251, -27, 65, 65, 65
L -43, -248, -27, -42, -248, -27, 65, 65, 65
L -43, -251, -27, -43, -248, -27, 65, 65, 65
L -72, -251, -27, -43, -251, -27, 65, 65, 65
L -71, -226, -27, -72, -251, -27, 65, 65, 65
L -14, -364, -27, -14, -252, -27, 60, 40, 0
L -28, -252, -27, -28, -363, -27, 60, 40, 0
L -28, 69, -27, -27, -227, -27, 60, 40, 0
L 128, -791, -39, 120, -791, -32, 65, 65, 65
L 192, -831, -31, 198, -837, -28, 65, 65, 65
L 184, -831, -31, 192, -831, -31, 65, 65, 65
L 184, -823, -31, 184, -831, -31, 65, 65, 65
L 176, -831, -31, 176, -823, -31, 65, 65, 65
L 112, -831, -31, 176, -831, -31, 65, 65, 65
L 104, -823, -31, 112, -831, -31, 65, 65, 65
L 104, -808, -31, 104, -823, -31, 65, 65, 65
L 136, -808, -31, 104, -808, -32, 65, 65, 65
L 120, -799, -31, 120, -791, -31, 65, 65, 65
L 104, -799, -31, 120, -799, -31, 65, 65, 65
L 104, -776, -31, 104, -799, -31, 65, 65, 65
L 104, -760, -15, 104, -776, -31, 65, 65, 65
L 104, -728, -15, 104, -760, -15, 65, 65, 65
L 112, -720, -15, 104, -728, -15, 65, 65, 65
L 128, -720, -15, 112, -720, -15, 65, 65, 65
L 128, -728, -15, 128, -720, -15, 65, 65, 65
L 136, -720, -15, 136, -728, -15, 65, 65, 65
L 155, -720, -15, 136, -720, -15, 65, 65, 65
L 152, -752, -15, 152, -743, -15, 65, 65, 65
L 159, -752, -15, 152, -752, -15, 65, 65, 65
L 136, -767, -15, 159, -768, -16, 65, 65, 65
L 136, -752, -15, 136, -767, -15, 65, 65, 65
L 144, -752, -15, 136, -752, -15, 65, 65, 65
L 144, -743, -15, 144, -752, -15, 65, 65, 65
L 136, -743, -15, 144, -743, -15, 65, 65, 65
L 136, -735, -15, 136, -743, -15, 65, 65, 65
L 128, -735, -15, 136, -735, -15, 65, 65, 65
L 128, -760, -15, 128, -735, -15, 65, 65, 65
L 136, -807, -15, 136, -800, -15, 65, 65, 65
L 136, -816, -14, 128, -816, -14, 65, 65, 65
L 136, -808, -14, 136, -816, -14, 65, 65, 65
L 160, -808, -14, 136, -808, -14, 65, 65, 65
L 160, -815, -14, 160, -808, -14, 65, 65, 65
L 144, -815, -14, 160, -815, -14, 65, 65, 65
L 144, -826, -14, 144, -815, -14, 65, 65, 65
L 136, -831, -14, 160, -831, -14, 65, 65, 65
L 136, -823, -14, 136, -831, -14, 65, 65, 65
L 104, -823, -14, 136, -823, -14, 65, 65, 65
L 104, -808, -14, 104, -823, -14, 65, 65, 65
L 120, -808, -14, 104, -808, -14, 65, 65, 65
L 120, -783, -15, 120, -808, -15, 65, 65, 65
L 112, -783, -15, 120, -783, -15, 65, 65, 65
L 112, -776, -15, 112, -783, -15, 65, 65, 65
L 120, -743, -15, 120, -776, -15, 65, 65, 65
L 112, -761, -15, 112, -743, -15, 65, 65, 65
L 112, -784, -31, 112, -761, -15, 65, 65, 65
L 128, -784, -31, 112, -784, -31, 65, 65, 65
L 136, -767, -31, 136, -776, -31, 65, 65, 65
L 120, -752, -31, 120, -775, -31, 65, 65, 65
L 128, -752, -31, 120, -752, -31, 65, 65, 65
L 136, -761, -31, 128, -752, -31, 65, 65, 65
L 136, -737, -31, 136, -761, -31, 65, 65, 65
L 135, -736, -31, 136, -737, -31, 65, 65, 65
L 128, -736, -31, 135, -736, -31, 65, 65, 65
L 127, -744, -32, 128, -736, -31, 65, 65, 65
L 113, -743, -31, 127, -744, -32, 65, 65, 65
L 112, -744, -31, 113, -743, -31, 65, 65, 65
L 112, -751, -31, 112, -744, -31, 65, 65, 65
L 104, -751, -31, 112, -751, -31, 65, 65, 65
L 104, -728, -31, 104, -751, -31, 65, 65, 65
L 112, -720, -31, 104, -728, -31, 65, 65, 65
L 128, -720, -31, 112, -720, -31, 65, 65, 65
L 128, -728, -31, 128, -720, -31, 65, 65, 65
L 135, -728, -31, 128, -728, -31, 65, 65, 65
L 136, -727, -31, 135, -728, -31, 65, 65, 65
L 136, -720, -31, 136, -727, -31, 65, 65, 65
L 144, -720, -31, 136, -720, -31, 65, 65, 65
L 144, -728, -31, 144, -720, -31, 65, 65, 65
L 152, -728, -31, 144, -728, -31, 65, 65, 65
L 152, -720, -31, 152, -728, -31, 65, 65, 65
L 176, -720, -31, 152, -720, -31, 65, 65, 65
L 175, -735, -31, 176, -720, -31, 65, 65, 65
L 160, -736, -31, 175, -735, -31, 65, 65, 65
L 160, -737, -31, 160, -736, -31, 65, 65, 65
L 159, -743, -31, 160, -736, -31, 65, 65, 65
L 152, -743, -31, 159, -743, -31, 65, 65, 65
L 152, -736, -31, 152, -743, -31, 65, 65, 65
L 151, -735, -31, 152, -736, -31, 65, 65, 65
L 145, -735, -31, 151, -735, -31, 65, 65, 65
L 144, -736, -31, 145, -735, -31, 65, 65, 65
L 144, -761, -31, 144, -736, -31, 65, 65, 65
L 152, -752, -31, 144, -761, -31, 65, 65, 65
L 160, -752, -31, 152, -752, -31, 65, 65, 65
L 159, -775, -31, 160, -752, -31, 65, 65, 65
L 152, -775, -31, 159, -775, -31, 65, 65, 65
L 144, -767, -31, 152, -775, -31, 65, 65, 65
L 144, -776, -31, 144, -767, -31, 65, 65, 65
L 152, -784, -32, 144, -776, -31, 65, 65, 65
L 160, -776, -31, 160, -784, -31, 65, 65, 65
L 176, -776, -31, 160, -776, -31, 65, 65, 65
L 176, -768, -31, 176, -776, -31, 65, 65, 65
L 175, -767, -31, 176, -768, -31, 65, 65, 65
L 168, -767, -31, 175, -767, -31, 65, 65, 65
L 168, -744, -31, 168, -767, -31, 65, 65, 65
L 192, -744, -31, 168, -744, -31, 65, 65, 65
L 192, -752, -31, 192, -744, -31, 65, 65, 65
L 200, -752, -31, 192, -752, -31, 65, 65, 65
L 200, -759, -31, 200, -752, -31, 65, 65, 65
L 192, -759, -31, 200, -759, -31, 65, 65, 65
L 192, -767, -31, 192, -759, -31, 65, 65, 65
L 184, -767, -31, 192, -767, -31, 65, 65, 65
L 184, -776, -31, 184, -767, -31, 65, 65, 65
L 192, -776, -31, 184, -776, -31, 65, 65, 65
L 192, -784, -31, 192, -776, -31, 65, 65, 65
L 208, -784, -31, 192, -784, -31, 65, 65, 65
L 208, -775, -32, 208, -784, -31, 65, 65, 65
L 208, -735, -54, 208, -775, -32, 65, 65, 65
L 192, -727, -55, 192, -735, -55, 65, 65, 65
L 192, -752, -55, 192, -744, -55, 65, 65, 65
L 200, -752, -55, 192, -752, -55, 65, 65, 65
L 200, -759, -55, 200, -752, -55, 65, 65, 65
L 192, -759, -55, 200, -759, -55, 65, 65, 65
L 192, -760, -55, 192, -759, -55, 65, 65, 65
L 191, -767, -55, 192, -760, -55, 65, 65, 65
L 184, -767, -55, 191, -767, -55, 65, 65, 65
L 184, -776, -55, 184, -767, -55, 65, 65, 65
L 200, -776, -55, 184, -776, -55, 65, 65, 65
L 199, -784, -55, 200, -776, -55, 65, 65, 65
L 216, -784, -55, 199, -784, -55, 65, 65, 65
L 215, -791, -55, 216, -784, -55, 65, 65, 65
L 192, -791, -55, 215, -791, -55, 65, 65, 65
L 192, -783, -55, 192, -791, -55, 65, 65, 65
L 167, -783, -55, 192, -783, -55, 65, 65, 65
L 176, -808, -71, 168, -808, -71, 65, 65, 65
L 176, -816, -71, 176, -808, -71, 65, 65, 65
L 184, -816, -71, 176, -816, -71, 65, 65, 65
L 184, -808, -71, 184, -816, -71, 65, 65, 65
L 191, -808, -71, 184, -808, -71, 65, 65, 65
L 192, -807, -71, 191, -808, -71, 65, 65, 65
L 192, -800, -71, 192, -807, -71, 65, 65, 65
L 216, -800, -71, 192, -800, -71, 65, 65, 65
L 215, -809, -71, 216, -800, -71, 65, 65, 65
L 216, -814, -71, 215, -809, -71, 65, 65, 65
L 215, -832, -71, 216, -814, -71, 65, 65, 65
L 184, -831, -71, 215, -832, -72, 65, 65, 65
L 184, -824, -71, 184, -831, -71, 65, 65, 65
L 183, -823, -71, 184, -824, -71, 65, 65, 65
L 177, -823, -71, 183, -823, -71, 65, 65, 65
L 176, -824, -71, 177, -823, -71, 65, 65, 65
L 176, -831, -71, 176, -824, -71, 65, 65, 65
L 160, -831, -71, 176, -831, -71, 65, 65, 65
L 160, -823, -71, 160, -831, -71, 65, 65, 65
L 152, -823, -71, 160, -823, -71, 65, 65, 65
L 152, -831, -71, 152, -823, -71, 65, 65, 65
L 136, -831, -71, 152, -831, -71, 65, 65, 65
L 136, -823, -71, 136, -831, -71, 65, 65, 65
L 128, -824, -71, 136, -823, -71, 65, 65, 65
L 128, -828, -71, 128, -824, -71, 65, 65, 65
L 124, -831, -71, 128, -828, -71, 65, 65, 65
L 112, -831, -71, 124, -831, -71, 65, 65, 65
L 104, -823, -71, 112, -831, -71, 65, 65, 65
L 104, -808, -71, 104, -823, -71, 65, 65, 65
L 128, -808, -71, 104, -808, -71, 65, 65, 65
L 127, -815, -71, 128, -808, -71, 65, 65, 65
L 129, -816, -71, 127, -815, -71, 65, 65, 65
L 136, -816, -71, 129, -816, -71, 65, 65, 65
L 136, -808, -71, 136, -816, -71, 65, 65, 65
L 144, -808, -71, 136, -808, -71, 65, 65, 65
L 144, -800, -71, 144, -808, -71, 65, 65, 65
L 152, -800, -71, 144, -800, -71, 65, 65, 65
L 152, -816, -71, 152, -800, -71, 65, 65, 65
L 160, -816, -71, 152, -816, -71, 65, 65, 65
L 160, -807, -71, 160, -816, -71, 65, 65, 65
L 160, -791, -55, 160, -807, -71, 65, 65, 65
L 160, -776, -55, 160, -791, -55, 65, 65, 65
L 176, -776, -55, 160, -776, -55, 65, 65, 65
L 176, -768, -55, 176, -776, -55, 65, 65, 65
L 175, -767, -55, 176, -768, -55, 65, 65, 65
L 168, -767, -55, 175, -767, -55, 65, 65, 65
L 168, -744, -55, 168, -767, -55, 65, 65, 65
L 176, -744, -55, 168, -744, -55, 65, 65, 65
L 176, -735, -55, 176, -744, -55, 65, 65, 65
L 152, -735, -55, 176, -735, -55, 65, 65, 65
L 152, -736, -55, 152, -735, -55, 65, 65, 65
L 151, -744, -56, 152, -736, -55, 65, 65, 65
L 136, -743, -55, 151, -744, -56, 65, 65, 65
L 136, -735, -55, 136, -743, -55, 65, 65, 65
L 128, -735, -55, 136, -735, -55, 65, 65, 65
L 128, -743, -55, 128, -735, -55, 65, 65, 65
L 111, -752, -55, 112, -743, -55, 65, 65, 65
L 128, -752, -55, 111, -752, -55, 65, 65, 65
L 128, -744, -55, 128, -752, -55, 65, 65, 65
L 136, -744, -55, 128, -744, -55, 65, 65, 65
L 160, -767, -55, 160, -752, -55, 65, 65, 65
L 120, -767, -55, 160, -767, -55, 65, 65, 65
L 120, -759, -55, 120, -767, -55, 65, 65, 65
L 112, -759, -55, 120, -759, -55, 65, 65, 65
L 112, -768, -55, 112, -759, -55, 65, 65, 65
L 120, -776, -55, 112, -768, -55, 65, 65, 65
L 136, -776, -56, 120, -776, -55, 65, 65, 65
L 136, -799, -55, 136, -776, -56, 65, 65, 65
L 104, -799, -55, 136, -799, -55, 65, 65, 65
L 104, -720, -55, 104, -799, -55, 65, 65, 65
L 128, -720, -55, 104, -720, -55, 65, 65, 65
L 136, -728, -55, 128, -728, -55, 65, 65, 65
L 152, -720, -55, 136, -720, -55, 65, 65, 65
L 151, -728, -55, 152, -720, -55, 65, 65, 65
L 160, -728, -55, 151, -728, -55, 65, 65, 65
L 160, -727, -55, 160, -728, -55, 65, 65, 65
L 161, -720, -55, 160, -727, -55, 65, 65, 65
L 208, -720, -55, 161, -720, -55, 65, 65, 65
L 216, -728, -55, 208, -720, -55, 65, 65, 65
L 216, -735, -55, 216, -728, -55, 65, 65, 65
L 216, -752, -47, 216, -735, -55, 65, 65, 65
L 216, -758, -47, 216, -752, -47, 65, 65, 65
L 216, -776, -31, 216, -758, -47, 65, 65, 65
L 216, -799, -31, 216, -776, -31, 65, 65, 65
L 200, -799, -31, 216, -799, -31, 65, 65, 65
L 200, -791, -31, 200, -799, -31, 65, 65, 65
L 160, -799, -31, 192, -799, -31, 65, 65, 65
L 160, -791, -31, 160, -799, -31, 65, 65, 65
L 176, -808, -31, 144, -808, -31, 65, 65, 65
L 176, -816, -31, 176, -808, -31, 65, 65, 65
L 184, -816, -31, 176, -816, -31, 65, 65, 65
L 184, -808, -31, 184, -816, -31, 65, 65, 65
L 213, -808, -31, 184, -808, -31, 65, 65, 65
L 216, -824, -31, 213, -808, -31, 65, 65, 65
L 208, -831, -31, 216, -824, -31, 65, 65, 65
L 208, -832, -30, 208, -831, -31, 65, 65, 65
L 208, -844, -27, 208, -832, -30, 65, 65, 65
L 224, -826, -27, 208, -842, -27, 0, 0, 255
L 223, -727, -27, 224, -826, -27, 0, 0, 255
L 210, -714, -27, 223, -727, -27, 0, 0, 255
L 112, -714, -27, 210, -714, -27, 0, 0, 255
L 98, -728, -27, 112, -714, -27, 0, 0, 255
L 98, -825, -27, 98, -728, -27, 0, 0, 255
L 112, -839, -27, 98, -825, -27, 0, 0, 255
L 198, -839, -27, 112, -839, -27, 0, 0, 255
L 296, -923, -9, 306, -923, -9, 64, 64, 64
L 306, -977, -9, 305, -923, -9, 64, 64, 64
L 88, -977, -9, 306, -977, -9, 64, 64, 64
L 198, -969, -9, 82, -968, -9, 64, 64, 64
L 199, -938, -9, 198, -969, -9, 64, 64, 64
L 199, -936, -10, 199, -938, -9, 64, 64, 64
L 199, -912, -14, 199, -936, -10, 64, 64, 64
L 199, -909, -15, 199, -912, -14, 64, 64, 64
L 199, -896, -15, 199, -909, -15, 64, 64, 64
L 199, -894, -17, 199, -896, -15, 64, 64, 64
L 199, -851, -26, 199, -894, -17, 64, 64, 64
L 141, -851, -26, 199, -851, -26, 65, 65, 65
L 141, -844, -26, 141, -851, -26, 65, 65, 65
L 208, -844, -26, 141, -844, -26, 65, 65, 65
L 208, -895, -16, 208, -844, -26, 64, 64, 64
L 207, -898, -15, 208, -895, -16, 64, 64, 64
L 207, -911, -15, 207, -898, -15, 64, 64, 64
L 207, -937, -9, 207, -911, -15, 64, 64, 64
L 208, -965, -9, 207, -937, -9, 64, 64, 64
L 207, -968, -9, 208, -965, -9, 64, 64, 64
L 296, -968, -9, 207, -968, -9, 64, 64, 64
L 297, -965, -9, 296, -968, -9, 64, 64, 64
L 296, -923, -9, 297, -965, -9, 64, 64, 64
L 296, -923, -9, 296, -924, -9, 64, 64, 64
L 297, -922, -9, 296, -923, -9, 64, 64, 64
L 297, -921, -9, 297, -922, -9, 64, 64, 64
L 297, -906, -21, 297, -921, -9, 64, 64, 64
L 305, -922, -9, 306, -923, -9, 64, 64, 64
L 304, -921, -10, 305, -922, -9, 64, 64, 64
L 305, -899, -20, 304, -921, -10, 64, 64, 64
L 282, -898, -21, 282, -907, -21, 64, 64, 64
L 288, -896, -21, 282, -898, -21, 64, 64, 64
L 296, -884, -21, 288, -888, -22, 64, 64, 64
L 306, -884, -21, 296, -884, -21, 64, 64, 64
L 391, -909, -9, 420, -923, -27, 0, 0, 0
L 364, -909, -9, 391, -909, -9, 0, 0, 0
L 364, -907, -9, 364, -909, -9, 64, 64, 64
L 364, -896, -9, 364, -898, -9, 64, 64, 64
L 378, -896, -9, 364, -896, -9, 0, 0, 0
L 391, -896, -7, 378, -896, -9, 0, 0, 0
L 392, -896, -10, 391, -896, -7, 0, 0, 0
L 420, -904, -26, 392, -896, -10, 0, 0, 0
L -138, -728, -27, -138, -714, -27, 65, 65, 65
L -142, -756, -27, -140, -754, -27, 65, 65, 65
L -166, -756, -27, -142, -756, -27, 65, 65, 65
L -168, -754, -27, -166, -756, -27, 65, 65, 65
L -168, -730, -27, -168, -754, -27, 65, 65, 65
L -165, -727, -27, -168, -730, -27, 65, 65, 65
L -142, -727, -27, -165, -727, -27, 65, 65, 65
L -168, -783, -27, -140, -784, -27, 0, 0, 0
L -195, -742, -27, -168, -783, -27, 0, 0, 0
L -168, -700, -27, -195, -742, -27, 0, 0, 0
L -168, -686, -27, -168, -700, -27, 0, 0, 0
L -140, -644, -27, -168, -686, -27, 0, 0, 0
L -126, -644, -27, -140, -644, -27, 0, 0, 0
L -84, -630, -27, -126, -644, -27, 0, 0, 0
L -56, -573, -27, -84, -630, -27, 0, 0, 0
L -56, -518, -27, -56, -573, -27, 0, 0, 0
L -28, -476, -27, -56, -518, -27, 0, 0, 0
L 14, -476, -18, -28, -476, -27, 0, 0, 0
L 29, -448, -20, 14, -476, -18, 0, 0, 0
L 42, -434, -27, 29, -448, -20, 0, 0, 0
L 42, -405, -27, 42, -434, -27, 0, 0, 0
L 28, -392, -27, 42, -405, -27, 0, 0, 0
L 28, -391, -27, 28, -392, -27, 0, 0, 0
L -6, -392, -27, 28, -391, -27, 0, 0, 0
L -28, -380, -27, -6, -392, -27, 0, 0, 0
L -28, -363, -27, -28, -380, -27, 0, 0, 0
L -56, -363, -19, -28, -363, -27, 0, 0, 0
L -69, -336, -8, -56, -363, -19, 0, 0, 0
L -70, -335, -8, -69, -336, -8, 0, 0, 0
L -74, -308, -6, -70, -335, -8, 0, 0, 0
L -74, -307, -13, -74, -308, -6, 0, 0, 0
L -83, -281, -11, -74, -307, -13, 0, 0, 0
L -84, -280, -19, -83, -281, -11, 0, 0, 0
L -86, -266, -18, -84, -280, -19, 0, 0, 0
L -86, -266, -27, -51, -266, -26, 0, 0, 0
L -86, -252, -27, -86, -266, -27, 0, 0, 0
L -56, -253, -27, -86, -252, -27, 0, 0, 0
L -42, -266, -26, -55, -266, -26, 0, 0, 0
L -41, -252, -27, -42, -266, -27, 0, 0, 0
L -28, -252, -27, -41, -252, -27, 0, 0, 0
L -42, -224, -28, -42, -210, -28, 0, 0, 0
L -29, -224, -28, -42, -224, -28, 0, 0, 0
L -26, -227, -28, -27, -227, -28, 65, 65, 65
L -26, -229, -28, -26, -227, -28, 65, 65, 65
L -28, -229, -28, -26, -229, -28, 65, 65, 65
L -28, -234, -28, -28, -229, -28, 65, 65, 65
L -56, -209, -27, -42, -210, -27, 0, 0, 0
L -86, -224, -27, -56, -224, -27, 0, 0, 0
L -84, -182, -26, -86, -224, -27, 0, 0, 0
L -84, -181, -6, -84, -182, -26, 0, 0, 0
L -82, -155, -6, -84, -181, -6, 0, 0, 0
L -81, -153, 2, -82, -155, -6, 0, 0, 0
L -74, -126, -2, -81, -153, 2, 0, 0, 0
L -74, -126, 2, -74, -126, -2, 0, 0, 0
L -66, -70, -2, -74, -126, 2, 0, 0, 0
L -66, -70, -4, -66, -70, -2, 0, 0, 0
L -64, -42, -5, -66, -70, -4, 0, 0, 0
L -63, -42, -8, -64, -42, -5, 0, 0, 0
L -56, -28, -12, -63, -42, -8, 0, 0, 0
L -54, -28, -19, -56, -28, -12, 0, 0, 0
L -28, -15, -27, -54, -28, -19, 0, 0, 0
L -14, 84, -13, -28, 69, -17, 0, 0, 0
L 28, 84, -13, -14, 84, -13, 0, 0, 0
L 28, 84, -15, 28, 84, -13, 0, 0, 0
L 42, 84, -15, 28, 84, -15, 0, 0, 0
L 70, 41, 1, 42, 84, -15, 0, 0, 0
L 84, 14, 1, 70, 41, 1, 0, 0, 0
L 84, 0, 1, 84, 14, 1, 0, 0, 0
L 55, -14, 1, 84, 0, 1, 0, 0, 0
L 42, -14, 1, 55, -14, 1, 0, 0, 0
L 42, -42, 1, 42, -14, 1, 0, 0, 0
L 84, -43, 1, 42, -42, 1, 0, 0, 0
L 83, -84, 1, 84, -43, 1, 0, 0, 0
L 56, -84, 1, 83, -84, 1, 0, 0, 0
L 464, -976, -31, 464, -965, -31, 65, 65, 65
L 456, -999, -31, 456, -976, -31, 65, 65, 65
L 479, -999, -31, 456, -999, -31, 65, 65, 65
L 479, -991, -31, 479, -999, -31, 65, 65, 65
L 503, -982, -32, 503, -991, -31, 65, 65, 65
L 503, -967, -39, 503, -982, -32, 65, 65, 65
L 503, -928, -31, 503, -967, -39, 65, 65, 65
L 479, -928, -31, 503, -928, -31, 65, 65, 65
L 28, -14, 1, -13, -14, 1, 0, 0, 0
L 29, -56, 1, 28, -14, 1, 0, 0, 0
L 70, -56, 1, 29, -56, 1, 0, 0, 0
L 42, -70, 1, 70, -70, 1, 0, 0, 0
L 70, -70, 1, 70, -56, 1, 0, 0, 0
L 70, -56, 1, 28, -56, 1, 0, 0, 0
L 28, -15, 1, 28, -14, 1, 0, 0, 0
L 28, -14, 1, -14, -14, 1, 0, 0, 0
L -14, -14, 1, -14, 28, 1, 0, 0, 0
L -14, 28, 1, 42, 28, 1, 0, 0, 0
L 42, 28, 1, 42, 0, 1, 0, 0, 0
L 42, -0, 1, 56, -0, 1, 0, 0, 0
L 56, -0, 1, 70, 14, 1, 0, 0, 0
L 70, 14, 1, 56, 42, 1, 0, 0, 0
L 56, 42, 1, 29, 69, -10, 0, 0, 0
L 29, 69, -10, 28, 71, -13, 0, 0, 0
L 28, 71, -13, 0, 70, -13, 0, 0, 0
L 0, 70, -13, -0, 70, -17, 0, 0, 0
L -0, 70, -17, -0, 56, -20, 0, 0, 0
L -0, 56, -20, -15, 28, -26, 0, 0, 0
L -14, -15, -27, 13, -28, -19, 0, 0, 0
L 13, -28, -8, 25, -69, -3, 0, 0, 0
L 25, -69, -1, 28, -98, 0, 0, 0, 0
L 28, -98, 0, 31, -112, 2, 0, 0, 0
L 31, -112, 2, 34, -126, -1, 0, 0, 0
L 34, -126, -1, 38, -155, -7, 0, 0, 0
L 38, -155, -7, 42, -182, -6, 0, 0, 0
L 42, -182, -6, 42, -183, -13, 0, 0, 0
L 42, -183, -13, 42, -209, -13, 0, 0, 0
L 42, -209, -13, 42, -211, -27, 0, 0, 0
L 14, -224, -27, 14, -210, -27, 0, 0, 0
L -0, -210, -27, -0, -223, -27, 0, 0, 0
L -13, -226, -27, 31, -226, -27, 65, 65, 65
L -0, -236, -27, -0, -251, -27, 65, 65, 65
L 1, -236, -27, -0, -236, -27, 65, 65, 65
L -1, -251, -27, -13, -251, -27, 65, 65, 65
L -14, -247, -27, -16, -247, -27, 65, 65, 65
L -16, -249, -27, -14, -249, -27, 65, 65, 65
L -14, -249, -27, -14, -252, -27, 65, 65, 65
L -14, -252, -27, -0, -252, -27, 0, 0, 0
L -0, -252, -27, -0, -266, -27, 0, 0, 0
L -0, -266, -27, 15, -265, -27, 0, 0, 0
L 15, -265, -27, 14, -252, -27, 0, 0, 0
L 14, -252, -27, 44, -252, -27, 0, 0, 0
L 44, -252, -27, 44, -266, -27, 0, 0, 0
L 44, -266, -27, 15, -266, -27, 0, 0, 0
L 44, -266, -27, 44, -266, -18, 0, 0, 0
L 44, -266, -18, 42, -280, -19, 0, 0, 0
L 32, -321, -6, 35, -307, -12, 0, 0, 0
L 35, -307, -12, 42, -279, -19, 0, 0, 0
L 42, -279, -19, 41, -279, -19, 0, 0, 0
L 33, -318, -5, 27, -336, -14, 0, 0, 0
L 27, -336, -14, 14, -363, -19, 0, 0, 0
L 14, -363, -19, -14, -363, -27, 0, 0, 0
L -14, -363, -27, -14, -364, -27, 0, 0, 0
L -14, -364, -27, -0, -378, -27, 0, 0, 0
L 0, -378, -27, 42, -378, -27, 0, 0, 0
L 42, -378, -27, 56, -406, -27, 0, 0, 0
L 56, -406, -27, 56, -434, -27, 0, 0, 0
L 56, -434, -27, 69, -448, -20, 0, 0, 0
L 69, -448, -20, 70, -448, -23, 0, 0, 0
L 70, -448, -23, 83, -475, -18, 0, 0, 0
L 83, -475, -27, 139, -476, -21, 0, 0, 0
L 139, -476, -21, 167, -504, -16, 0, 0, 0
L 167, -504, -16, 209, -504, -16, 0, 0, 0
L 209, -504, -16, 211, -504, -18, 0, 0, 0
L 211, -504, -18, 294, -518, -16, 0, 0, 0
L 294, -518, -16, 294, -518, -17, 0, 0, 0
L 294, -518, -17, 307, -518, -17, 0, 0, 0
L 307, -518, -17, 377, -587, -27, 0, 0, 0
L 377, -587, -27, 378, -588, -25, 0, 0, 0
L 378, -588, -25, 404, -601, -24, 0, 0, 0
L 404, -601, -24, 406, -602, -21, 0, 0, 0
L 406, -602, -21, 433, -755, -20, 0, 0, 0
L 433, -755, -20, 433, -756, -19, 0, 0, 0
L 433, -756, -19, 420, -797, -19, 0, 0, 0
L 420, -797, -19, 419, -798, -20, 0, 0, 0
L 419, -798, -20, 419, -811, -20, 0, 0, 0
L 419, -811, -20, 406, -811, -27, 0, 0, 0
L 406, -811, -27, 405, -812, -27, 0, 0, 0
L 405, -812, -27, 405, -840, -27, 0, 0, 0
L 405, -840, -27, 414, -852, -27, 0, 0, 0
L 414, -852, -27, 433, -896, -27, 0, 0, 0
L 433, -896, -27, 433, -938, -27, 0, 0, 0
L 448, -952, -30, 464, -952, -30, 65, 65, 65
L 464, -952, -30, 464, -943, -31, 65, 65, 65
L 456, -935, -31, 440, -935, -31, 0, 0, 0
L 440, -935, -31, 440, -855, -31, 65, 65, 65
L 440, -855, -31, 424, -855, -31, 65, 65, 65
L 424, -855, -31, 424, -840, -31, 65, 65, 65
L 424, -840, -31, 447, -840, -31, 65, 65, 65
L 447, -840, -31, 447, -863, -31, 65, 65, 65
L 447, -863, -31, 448, -864, -31, 65, 65, 65
L 448, -864, -31, 456, -864, -31, 65, 65, 65
L 456, -864, -31, 456, -824, -31, 65, 65, 65
L 456, -824, -31, 479, -824, -31, 65, 65, 65
L 479, -824, -31, 479, -847, -31, 65, 65, 65
L 479, -847, -31, 464, -847, -31, 65, 65, 65
L 464, -847, -31, 463, -848, -31, 65, 65, 65
L 463, -848, -31, 463, -856, -31, 65, 65, 65
L 463, -856, -31, 467, -856, -31, 65, 65, 65
L 479, -879, -31, 456, -879, -31, 65, 65, 65
L 456, -871, -31, 447, -871, -31, 65, 65, 65
L 447, -871, -31, 447, -895, -31, 65, 65, 65
L 447, -895, -31, 448, -896, -31, 65, 65, 65
L 448, -896, -31, 456, -896, -31, 65, 65, 65
L 456, -896, -31, 456, -888, -31, 65, 65, 65
L 456, -911, -31, 456, -903, -31, 65, 65, 65
L 456, -903, -31, 448, -903, -31, 65, 65, 65
L 448, -903, -31, 447, -928, -31, 65, 65, 65
L 140, -518, -27, 168, -546, -27, 0, 0, 255
L 168, -546, -27, 209, -546, -27, 0, 0, 255
L 209, -546, -27, 224, -559, -27, 0, 0, 255
L 224, -559, -27, 266, -559, -27, 0, 0, 255
L 266, -559, -27, 336, -601, -27, 0, 0, 255
L 336, -601, -27, 350, -615, -27, 0, 0, 255
L 350, -615, -27, 378, -685, -27, 0, 0, 255
L 378, -685, -27, 379, -794, -27, 0, 0, 255
L 378, -797, -27, 392, -798, -27, 0, 0, 0
L 392, -798, -27, 392, -840, -27, 0, 0, 0
L 392, -840, -27, 400, -851, -27, 0, 0, 0
L 400, -851, -27, 420, -896, -27, 0, 0, 0
L 420, -896, -27, 420, -904, -27, 0, 0, 0
L 630, -1162, -69, 574, -1120, -69, 0, 0, 255
L 574, -1120, -69, 574, -1119, -69, 0, 0, 255
L 574, -1119, -69, 517, -1119, -69, 0, 0, 255
L 687, -1332, -27, 685, -1223, -28, 0, 0, 255
L 685, -1223, -28, 685, -1175, -27, 0, 0, 255
L 685, -1341, -27, 685, -1385, -25, 0, 0, 255
L 685, -1385, -25, 644, -1385, -27, 0, 0, 255
L 645, -1385, -27, 634, -1358, -27, 0, 0, 255
L 634, -1358, -27, 634, -1341, -26, 0, 0, 255
L 634, -1332, -27, 635, -1300, -26, 0, 0, 255
L 635, -1300, -26, 587, -1331, -56, 0, 0, 255
L 587, -1331, -56, 572, -1373, -62, 0, 0, 255
L 572, -1373, -62, 557, -1387, -82, 0, 0, 255
L 518, -1385, -83, 531, -1440, -81, 0, 0, 255
L 531, -1440, -81, 504, -1511, -83, 0, 0, 255
L 504, -1511, -83, 504, -1538, -84, 0, 0, 255
L 504, -1538, -84, 476, -1566, -103, 0, 0, 255
L 476, -1566, -103, 419, -1623, -124, 0, 0, 255
L 419, -1623, -124, 365, -1651, -124, 0, 0, 255
L 365, -1651, -124, 322, -1651, -125, 0, 0, 255
L 322, -1651, -125, 322, -1652, -124, 0, 0, 255
L 322, -1652, -124, 322, -1680, -124, 0, 0, 255
L 322, -1680, -124, 321, -1735, -125, 0, 0, 255
L 321, -1735, -125, 267, -1735, -125, 0, 0, 255
L 267, -1735, -125, 267, -1681, -124, 0, 0, 255
L 267, -1681, -124, 266, -1652, -124, 0, 0, 255
L 266, -1652, -124, 239, -1637, -125, 0, 0, 255
L 239, -1637, -125, 224, -1596, -124, 0, 0, 255
L 224, -1596, -124, 224, -1568, -124, 0, 0, 255
L 224, -1568, -124, 223, -1567, -124, 0, 0, 255
L 223, -1567, -124, 197, -1553, -125, 0, 0, 255
L 197, -1553, -125, 181, -1526, -124, 0, 0, 255
L 181, -1526, -124, 210, -1526, -124, 0, 0, 255
L 211, -1514, -124, 210, -1483, -124, 0, 0, 255
L 210, -1483, -124, 196, -1455, -122, 0, 0, 255
L 225, -1329, -78, 252, -1302, -79, 0, 0, 255
L 252, -1302, -79, 294, -1274, -81, 0, 0, 255
L 294, -1274, -81, 379, -1260, -79, 0, 0, 255
L 379, -1260, -79, 433, -1246, -77, 0, 0, 255
L 433, -1246, -77, 475, -1246, -79, 0, 0, 255
L 475, -1246, -79, 516, -1287, -76, 0, 0, 255
L 543, -1344, -82, 559, -1344, -82, 60, 40, 0
L 559, -1344, -82, 574, -1302, -82, 0, 0, 255
L 574, -1302, -82, 587, -1290, -81, 0, 0, 255
L 587, -1290, -81, 600, -1288, -80, 0, 0, 255
L 600, -1288, -80, 616, -1270, -27, 0, 0, 255
L 616, -1270, -27, 627, -1250, -27, 0, 0, 255
L 627, -1250, -28, 630, -1163, -25, 0, 0, 255
L 630, -1163, -25, 630, -1161, -25, 0, 0, 255
L 630, -1161, -25, 574, -1119, -23, 0, 0, 255
L 517, -1119, -24, 462, -1161, -25, 0, 0, 255
L 462, -1161, -25, 448, -1161, -25, 0, 0, 255
L 448, -1161, -25, 447, -1162, -25, 0, 0, 255
L 447, -1162, -25, 392, -1189, -25, 0, 0, 255
L 392, -1189, -25, 351, -1189, -23, 0, 0, 255
L 351, -1189, -23, 323, -1176, -23, 0, 0, 255
L 323, -1176, -23, 280, -1105, -24, 0, 0, 255
L 280, -1105, -24, 267, -1064, -26, 0, 0, 255
L 267, -1064, -26, 265, -1063, -26, 0, 0, 255
L 265, -1063, -26, 210, -1063, -27, 0, 0, 255
L 210, -1063, -27, 140, -1077, -27, 0, 0, 255
L 140, -1077, -27, 113, -1063, -27, 0, 0, 255
L 113, -1063, -27, 1, -1063, -26, 0, 0, 255
L 1, -1063, -26, -54, -1022, -25, 0, 0, 255
L -54, -1022, -25, -139, -924, -28, 0, 0, 255
L -139, -924, -28, -140, -784, -27, 0, 0, 255
L -140, -784, -27, -140, -730, -28, 0, 0, 255
L -140, -730, -28, -138, -728, -27, 0, 0, 255
L -138, -714, -27, -56, -630, -28, 0, 0, 255
L -56, -630, -28, -55, -629, -27, 0, 0, 255
L -55, -629, -27, -42, -602, -28, 0, 0, 255
L -42, -602, -28, -39, -592, -28, 0, 0, 255
L -39, -592, -28, -40, -532, -27, 0, 0, 255
L -40, -532, -27, -28, -518, -28, 0, 0, 255
L -28, -518, -28, 14, -491, -27, 0, 0, 255
L 14, -491, -27, 83, -490, -27, 0, 0, 255
L 83, -490, -27, 99, -504, -27, 0, 0, 255
L 99, -504, -27, 125, -518, -27, 0, 0, 255
L 125, -518, -27, 140, -518, -27, 0, 0, 255
L 379, -794, -28, 364, -839, -27, 0, 0, 255
L 364, -839, -27, 363, -841, -27, 0, 0, 255
L 363, -841, -27, 363, -898, -27, 0, 0, 255
L 363, -907, -28, 363, -937, -27, 0, 0, 255
L 363, -937, -27, 336, -979, -27, 0, 0, 255
L 336, -979, -27, 335, -981, -27, 0, 0, 255
L 335, -981, -27, 335, -994, -27, 0, 0, 255
L 335, -994, -27, 321, -1106, -26, 0, 0, 255
L 321, -1106, -25, 364, -1148, -27, 0, 0, 255
L 364, -1148, -27, 504, -1078, -27, 0, 0, 255
L 504, -1078, -27, 587, -1078, -27, 0, 0, 255
L 587, -1078, -27, 685, -1175, -27, 0, 0, 255
L 688, -1341, -27, 687, -1332, -27, 64, 64, 64
L 687, -1332, -27, 636, -1332, -26, 64, 64, 64
L 636, -1332, -26, 634, -1332, -27, 64, 64, 64
L 634, -1332, -27, 634, -1341, -27, 64, 64, 64
L 634, -1341, -27, 635, -1341, -26, 64, 64, 64
L 635, -1341, -26, 688, -1341, -26, 64, 64, 64
L 615, -1330, -27, 616, -1330, -27, 0, 0, 0
L 616, -1330, -27, 618, -1326, -27, 0, 0, 0
L 618, -1326, -27, 619, -1325, -27, 0, 0, 0
L 619, -1325, -27, 635, -1300, -27, 0, 0, 0
L 337, -1693, -125, 336, -1707, -125, 0, 0, 0
L 338, -1707, -125, 352, -1733, -125, 0, 0, 0
L 352, -1733, -125, 380, -1733, -125, 0, 0, 0
L 364, -1777, -125, 364, -1791, -125, 0, 0, 0
L 364, -1791, -125, 362, -1793, -125, 0, 0, 0
L 362, -1793, -125, 350, -1798, -125, 0, 0, 0
L 350, -1798, -125, 363, -1819, -126, 0, 0, 255
L 363, -1819, -126, 377, -1861, -126, 0, 0, 255
L 377, -1861, -126, 377, -1876, -127, 0, 0, 255
L 377, -1876, -127, 349, -1917, -126, 0, 0, 255
L 321, -1987, -194, 322, -2003, -198, 0, 0, 255
L 322, -2002, -198, 322, -2057, -197, 0, 0, 255
L 322, -2057, -197, 251, -2057, -197, 0, 0, 255
L 350, -1798, -125, 322, -1778, -125, 0, 0, 255
L 322, -1778, -125, 321, -1777, -125, 0, 0, 255
L 321, -1777, -125, 322, -1750, -125, 0, 0, 255
L 322, -1750, -125, 266, -1750, -124, 0, 0, 255
L 266, -1750, -124, 266, -1778, -124, 0, 0, 255
L 266, -1778, -124, 252, -1778, -123, 0, 0, 255
L 252, -1778, -123, 239, -1791, -123, 0, 0, 255
L 239, -1791, -123, 238, -1805, -123, 0, 0, 255
L 238, -1805, -123, 238, -1806, -122, 0, 0, 255
L 238, -1806, -122, 225, -1819, -122, 0, 0, 255
L 225, -1819, -122, 211, -1860, -124, 0, 0, 255
L 211, -1860, -124, 209, -1863, -125, 0, 0, 255
L 209, -1863, -125, 196, -1876, -125, 0, 0, 255
L 197, -1876, -125, 238, -1917, -126, 0, 0, 255
L 238, -1917, -126, 254, -1917, -125, 0, 0, 255
L 238, -1932, -125, 238, -1960, -125, 65, 65, 65
L 238, -1960, -125, 232, -1960, -125, 65, 65, 65
L 232, -1960, -125, 232, -1962, -125, 65, 65, 65
L 232, -1962, -125, 230, -1962, -125, 65, 65, 65
L 230, -1962, -125, 230, -1960, -125, 65, 65, 65
L 230, -1960, -125, 220, -1960, -125, 65, 65, 65
L 220, -1960, -125, 220, -1957, -125, 65, 65, 65
L 220, -1957, -125, 236, -1957, -125, 65, 65, 65
L 236, -1957, -125, 236, -1934, -125, 65, 65, 65
L 236, -1934, -125, 212, -1934, -125, 65, 65, 65
L 212, -1934, -125, 212, -1962, -125, 65, 65, 65
L 212, -1962, -125, 210, -1962, -125, 65, 65, 65
L 210, -1962, -125, 211, -1965, -125, 0, 0, 0
L 238, -1933, -125, 238, -1931, -125, 65, 65, 65
L 238, -1931, -125, 232, -1931, -125, 65, 65, 65
L 232, -1931, -125, 232, -1929, -125, 65, 65, 65
L 232, -1929, -125, 230, -1929, -125, 65, 65, 65
L 230, -1929, -125, 230, -1931, -125, 65, 65, 65
L 230, -1931, -125, 218, -1931, -125, 65, 65, 65
L 218, -1931, -125, 218, -1929, -125, 65, 65, 65
L 218, -1929, -125, 216, -1929, -125, 65, 65, 65
L 216, -1929, -125, 216, -1931, -125, 65, 65, 65
L 216, -1931, -125, 210, -1931, -125, 65, 65, 65
L 259, -2000, -195, 225, -1988, -195, 0, 0, 0
L 224, -1988, -195, 210, -2015, -195, 0, 0, 0
L 210, -2015, -195, 236, -2051, -195, 0, 0, 0
L 236, -2051, -195, 252, -2055, -195, 0, 0, 0
L 256, -2057, -195, 265, -2057, -195, 0, 0, 0
L 377, -2001, -195, 377, -1988, -195, 0, 0, 0
L 377, -1988, -195, 322, -2003, -196, 0, 0, 0
L 377, -2001, -195, 363, -2001, -195, 0, 0, 0
L 363, -2001, -195, 350, -2015, -195, 0, 0, 0
L 350, -2015, -195, 336, -2015, -195, 0, 0, 0
L 392, -2024, -183, 392, -2032, -183, 65, 65, 65
L 392, -2032, -183, 375, -2032, -183, 65, 65, 65
L 375, -2032, -183, 368, -2032, -181, 65, 65, 65
L 368, -2032, -181, 363, -2029, -181, 65, 65, 65
L 368, -2039, -181, 350, -2057, -181, 65, 65, 65
L 350, -2057, -181, 336, -2057, -181, 65, 65, 65
L 336, -2057, -195, 322, -2057, -195, 65, 65, 65
L 350, -2030, -183, 350, -2015, -183, 65, 65, 65
L 350, -2043, -183, 336, -2057, -195, 65, 65, 65
L 368, -2039, -181, 376, -2039, -183, 65, 65, 65
L 376, -2039, -183, 392, -2039, -183, 65, 65, 65
L 392, -2039, -183, 392, -2047, -183, 65, 65, 65
L 392, -2047, -183, 400, -2047, -183, 65, 65, 65
L 400, -2047, -183, 400, -2080, -183, 65, 65, 65
L 400, -2080, -183, 384, -2080, -183, 65, 65, 65
L 384, -2080, -183, 384, -2088, -183, 65, 65, 65
L 384, -2088, -183, 375, -2088, -183, 65, 65, 65
L 375, -2088, -183, 375, -2080, -183, 65, 65, 65
L 375, -2080, -183, 368, -2080, -183, 65, 65, 65
L 368, -2080, -183, 368, -2136, -183, 65, 65, 65
L 368, -2136, -183, 352, -2136, -183, 65, 65, 65
L 352, -2136, -183, 352, -2159, -183, 65, 65, 65
L 352, -2159, -183, 375, -2159, -183, 65, 65, 65
L 375, -2159, -183, 375, -2135, -183, 65, 65, 65
L 375, -2135, -183, 392, -2135, -183, 65, 65, 65
L 392, -2135, -183, 392, -2159, -183, 65, 65, 65
L 392, -2159, -183, 384, -2167, -183, 65, 65, 65
L 384, -2167, -183, 362, -2167, -183, 65, 65, 65
L 362, -2167, -183, 360, -2175, -183, 65, 65, 65
L 360, -2175, -183, 384, -2175, -183, 65, 65, 65
L 384, -2175, -183, 392, -2183, -183, 65, 65, 65
L 375, -2199, -183, 375, -2183, -183, 65, 65, 65
L 375, -2183, -183, 352, -2183, -183, 65, 65, 65
L 352, -2183, -183, 352, -2207, -183, 65, 65, 65
L 352, -2207, -183, 392, -2207, -183, 65, 65, 65
L 392, -2207, -183, 392, -2255, -183, 65, 65, 65
L 392, -2255, -183, 431, -2255, -183, 65, 65, 65
L 431, -2255, -183, 431, -2247, -183, 65, 65, 65
L 431, -2247, -183, 455, -2247, -183, 65, 65, 65
L 455, -2247, -183, 455, -2216, -183, 65, 65, 65
L 455, -2216, -183, 456, -2215, -183, 65, 65, 65
L 456, -2215, -183, 471, -2215, -183, 65, 65, 65
L 471, -2215, -183, 471, -2207, -183, 65, 65, 65
L 471, -2207, -183, 439, -2207, -183, 65, 65, 65
L 439, -2207, -183, 439, -2199, -183, 65, 65, 65
L 439, -2199, -183, 399, -2199, -183, 65, 65, 65
L 399, -2199, -183, 399, -2184, -183, 65, 65, 65
L 399, -2184, -183, 400, -2183, -183, 65, 65, 65
L 400, -2183, -183, 407, -2175, -183, 65, 65, 65
L 407, -2175, -183, 463, -2175, -183, 65, 65, 65
L 463, -2175, -183, 464, -2176, -183, 65, 65, 65
L 464, -2176, -183, 464, -2183, -183, 65, 65, 65
L 464, -2183, -183, 472, -2183, -183, 65, 65, 65
L 472, -2183, -183, 472, -2207, -183, 65, 65, 65
L 472, -2207, -183, 487, -2207, -183, 65, 65, 65
L 487, -2207, -183, 487, -2199, -183, 65, 65, 65
L 487, -2199, -183, 504, -2199, -183, 65, 65, 65
L 504, -2199, -183, 512, -2207, -183, 65, 65, 65
L 512, -2207, -183, 519, -2207, -183, 65, 65, 65
L 519, -2207, -183, 527, -2199, -183, 65, 65, 65
L 527, -2199, -183, 551, -2199, -183, 65, 65, 65
L 551, -2199, -183, 551, -2176, -183, 65, 65, 65
L 551, -2176, -183, 552, -2175, -183, 65, 65, 65
L 552, -2175, -183, 559, -2167, -183, 65, 65, 65
L 559, -2167, -183, 576, -2167, -183, 65, 65, 65
L 576, -2167, -183, 584, -2175, -183, 65, 65, 65
L 584, -2175, -183, 592, -2175, -183, 65, 65, 65
L 592, -2175, -183, 599, -2167, -183, 65, 65, 65
L 599, -2167, -183, 599, -2159, -183, 65, 65, 65
L 599, -2159, -183, 591, -2151, -183, 65, 65, 65
L 591, -2151, -183, 591, -2111, -183, 65, 65, 65
L 591, -2111, -183, 624, -2111, -183, 65, 65, 65
L 624, -2111, -183, 624, -2119, -183, 65, 65, 65
L 624, -2119, -183, 623, -2120, -183, 65, 65, 65
L 623, -2120, -183, 608, -2120, -183, 65, 65, 65
L 608, -2120, -183, 608, -2151, -183, 65, 65, 65
L 608, -2151, -183, 631, -2151, -183, 65, 65, 65
L 631, -2151, -183, 631, -2063, -183, 65, 65, 65
L 631, -2063, -183, 639, -2063, -183, 65, 65, 65
L 639, -2063, -183, 639, -2016, -183, 65, 65, 65
L 639, -2016, -183, 616, -2016, -183, 65, 65, 65
L 616, -2016, -183, 616, -2038, -183, 65, 65, 65
L 616, -2038, -183, 615, -2040, -183, 65, 65, 65
L 615, -2040, -183, 592, -2040, -183, 65, 65, 65
L 592, -2040, -183, 591, -2039, -183, 65, 65, 65
L 591, -2039, -183, 599, -2031, -183, 65, 65, 65
L 599, -2031, -183, 599, -2023, -183, 65, 65, 65
L 599, -2023, -183, 591, -2016, -183, 65, 65, 65
L 591, -2016, -183, 584, -2016, -183, 65, 65, 65
L 584, -2016, -183, 576, -2024, -183, 65, 65, 65
L 576, -2024, -183, 576, -2031, -183, 65, 65, 65
L 576, -2031, -183, 584, -2039, -183, 65, 65, 65
L 584, -2039, -183, 560, -2040, -183, 65, 65, 65
L 560, -2040, -183, 559, -2039, -183, 65, 65, 65
L 559, -2039, -183, 559, -2032, -183, 65, 65, 65
L 559, -2032, -183, 552, -2032, -183, 65, 65, 65
L 552, -2032, -183, 551, -2031, -183, 65, 65, 65
L 551, -2031, -183, 551, -1976, -183, 65, 65, 65
L 551, -1976, -183, 528, -1976, -183, 65, 65, 65
L 528, -1976, -183, 528, -2000, -183, 65, 65, 65
L 528, -2000, -183, 503, -2000, -183, 65, 65, 65
L 503, -2000, -183, 503, -1992, -183, 65, 65, 65
L 503, -1992, -183, 495, -1992, -183, 65, 65, 65
L 495, -1992, -183, 495, -1976, -183, 65, 65, 65
L 495, -1976, -183, 448, -1976, -183, 65, 65, 65
L 448, -1976, -183, 448, -2008, -183, 65, 65, 65
L 448, -2008, -183, 440, -2008, -183, 65, 65, 65
L 440, -2008, -183, 440, -2016, -183, 65, 65, 65
L 440, -2016, -183, 432, -2016, -183, 65, 65, 65
L 432, -2016, -183, 432, -2032, -183, 65, 65, 65
L 432, -2032, -183, 415, -2032, -183, 65, 65, 65
L 415, -2032, -183, 415, -2024, -183, 65, 65, 65
L 415, -2024, -183, 408, -2023, -183, 65, 65, 65
L 408, -2023, -183, 407, -2023, -183, 65, 65, 65
L 407, -2023, -183, 407, -2016, -183, 65, 65, 65
L 407, -2016, -183, 400, -2016, -183, 65, 65, 65
L 400, -2016, -183, 400, -2024, -183, 65, 65, 65
L 400, -2024, -183, 392, -2024, -183, 65, 65, 65
L 407, -2047, -183, 407, -2080, -183, 65, 65, 65
L 407, -2080, -183, 415, -2080, -183, 65, 65, 65
L 415, -2080, -183, 415, -2087, -183, 65, 65, 65
L 415, -2087, -183, 432, -2088, -183, 65, 65, 65
L 432, -2088, -183, 432, -2071, -183, 65, 65, 65
L 432, -2071, -183, 424, -2071, -183, 65, 65, 65
L 424, -2071, -183, 424, -2064, -183, 65, 65, 65
L 424, -2064, -183, 447, -2064, -183, 65, 65, 65
L 447, -2064, -183, 448, -2063, -183, 65, 65, 65
L 448, -2063, -183, 456, -2056, -183, 65, 65, 65
L 456, -2056, -183, 456, -2040, -183, 65, 65, 65
L 456, -2040, -183, 495, -2040, -183, 65, 65, 65
L 495, -2040, -183, 496, -2038, -183, 65, 65, 65
L 496, -2038, -183, 496, -2032, -183, 65, 65, 65
L 496, -2032, -183, 503, -2032, -183, 65, 65, 65
L 503, -2032, -183, 503, -2039, -183, 65, 65, 65
L 503, -2039, -183, 505, -2040, -183, 65, 65, 65
L 505, -2040, -183, 535, -2040, -183, 65, 65, 65
L 535, -2040, -183, 536, -2038, -183, 65, 65, 65
L 536, -2038, -183, 536, -2032, -183, 65, 65, 65
L 536, -2032, -183, 543, -2032, -183, 65, 65, 65
L 543, -2032, -183, 544, -2031, -183, 65, 65, 65
L 544, -2031, -183, 544, -2023, -183, 65, 65, 65
L 544, -2023, -183, 527, -2023, -183, 65, 65, 65
L 527, -2023, -183, 527, -2031, -183, 65, 65, 65
L 527, -2031, -183, 512, -2031, -183, 65, 65, 65
L 512, -2031, -183, 512, -2016, -183, 65, 65, 65
L 544, -2007, -183, 503, -2007, -183, 65, 65, 65
L 503, -2007, -183, 503, -2015, -183, 65, 65, 65
L 503, -2015, -183, 455, -2015, -183, 65, 65, 65
L 455, -2015, -183, 455, -2023, -183, 65, 65, 65
L 455, -2023, -183, 439, -2023, -183, 65, 65, 65
L 439, -2023, -183, 439, -2039, -183, 65, 65, 65
L 439, -2039, -183, 415, -2039, -183, 65, 65, 65
L 415, -2039, -183, 415, -2047, -183, 65, 65, 65
L 415, -2047, -183, 407, -2047, -183, 65, 65, 65
L 384, -2103, -183, 415, -2103, -183, 65, 65, 65
L 415, -2103, -183, 415, -2096, -183, 65, 65, 65
L 415, -2095, -183, 432, -2095, -183, 65, 65, 65
L 432, -2095, -183, 432, -2104, -183, 65, 65, 65
L 432, -2104, -183, 424, -2104, -183, 65, 65, 65
L 424, -2104, -183, 424, -2119, -183, 65, 65, 65
L 424, -2119, -183, 432, -2119, -183, 65, 65, 65
L 432, -2119, -183, 432, -2128, -183, 65, 65, 65
L 432, -2128, -183, 399, -2128, -183, 65, 65, 65
L 399, -2128, -183, 399, -2112, -183, 65, 65, 65
L 399, -2112, -183, 392, -2112, -183, 65, 65, 65
L 392, -2112, -183, 392, -2128, -183, 65, 65, 65
L 392, -2128, -183, 375, -2128, -183, 65, 65, 65
L 375, -2128, -183, 375, -2095, -183, 65, 65, 65
L 375, -2095, -183, 384, -2095, -183, 65, 65, 65
L 384, -2095, -183, 384, -2103, -183, 65, 65, 65
L 415, -2100, -183, 415, -2095, -183, 65, 65, 65
L 559, -2047, -183, 559, -2063, -183, 65, 65, 65
L 559, -2063, -183, 551, -2063, -183, 65, 65, 65
L 551, -2063, -183, 551, -2080, -183, 65, 65, 65
L 551, -2080, -183, 624, -2080, -183, 65, 65, 65
L 624, -2080, -183, 624, -2063, -183, 65, 65, 65
L 624, -2063, -183, 616, -2063, -183, 65, 65, 65
L 616, -2063, -183, 616, -2048, -183, 65, 65, 65
L 616, -2048, -183, 591, -2047, -183, 65, 65, 65
L 591, -2047, -183, 599, -2056, -183, 65, 65, 65
L 599, -2056, -183, 599, -2063, -183, 65, 65, 65
L 599, -2063, -183, 592, -2070, -183, 65, 65, 65
L 592, -2070, -183, 584, -2071, -183, 65, 65, 65
L 584, -2071, -183, 576, -2063, -183, 65, 65, 65
L 576, -2063, -183, 576, -2055, -183, 65, 65, 65
L 576, -2055, -183, 583, -2048, -183, 65, 65, 65
L 583, -2048, -183, 581, -2047, -183, 65, 65, 65
L 581, -2047, -183, 559, -2047, -183, 65, 65, 65
L 503, -2047, -183, 503, -2055, -183, 65, 65, 65
L 511, -2071, -183, 504, -2079, -183, 65, 65, 65
L 504, -2079, -183, 503, -2087, -183, 65, 65, 65
L 503, -2087, -183, 505, -2088, -183, 65, 65, 65
L 505, -2088, -183, 520, -2088, -183, 65, 65, 65
L 520, -2088, -183, 520, -2080, -183, 65, 65, 65
L 520, -2080, -183, 544, -2080, -183, 65, 65, 65
L 544, -2080, -183, 544, -2063, -183, 65, 65, 65
L 544, -2063, -183, 536, -2063, -183, 65, 65, 65
L 536, -2063, -183, 536, -2047, -183, 65, 65, 65
L 536, -2047, -183, 503, -2047, -183, 65, 65, 65
L 503, -2049, -183, 503, -2055, -183, 65, 65, 65
L 503, -2055, -183, 511, -2063, -183, 65, 65, 65
L 511, -2063, -183, 511, -2071, -183, 65, 65, 65
L 511, -2071, -183, 504, -2079, -183, 65, 65, 65
L 501, -2095, -183, 527, -2095, -183, 65, 65, 65
L 527, -2095, -183, 527, -2087, -183, 65, 65, 65
L 527, -2087, -183, 544, -2087, -183, 65, 65, 65
L 544, -2087, -183, 544, -2095, -183, 65, 65, 65
L 544, -2095, -183, 543, -2096, -183, 65, 65, 65
L 543, -2096, -183, 536, -2104, -183, 65, 65, 65
L 536, -2104, -183, 496, -2104, -183, 65, 65, 65
L 496, -2104, -183, 496, -2119, -183, 65, 65, 65
L 496, -2119, -183, 512, -2119, -183, 65, 65, 65
L 512, -2119, -183, 512, -2135, -183, 65, 65, 65
L 512, -2135, -183, 488, -2136, -183, 65, 65, 65
L 488, -2136, -183, 487, -2135, -183, 65, 65, 65
L 487, -2135, -183, 487, -2096, -183, 65, 65, 65
L 487, -2096, -183, 488, -2095, -183, 65, 65, 65
L 488, -2095, -183, 508, -2095, -183, 65, 65, 65
L 472, -2088, -183, 472, -2080, -183, 65, 65, 65
L 472, -2080, -183, 487, -2080, -183, 65, 65, 65
L 487, -2080, -183, 487, -2087, -183, 65, 65, 65
L 487, -2087, -183, 488, -2088, -183, 65, 65, 65
L 488, -2088, -183, 495, -2088, -183, 65, 65, 65
L 495, -2088, -183, 496, -2087, -183, 65, 65, 65
L 496, -2087, -183, 496, -2079, -183, 65, 65, 65
L 496, -2079, -183, 489, -2071, -183, 65, 65, 65
L 489, -2071, -183, 472, -2071, -183, 65, 65, 65
L 472, -2071, -183, 464, -2079, -183, 65, 65, 65
L 464, -2079, -183, 463, -2079, -183, 65, 65, 65
L 463, -2079, -183, 463, -2087, -183, 65, 65, 65
L 463, -2087, -183, 465, -2088, -183, 65, 65, 65
L 465, -2088, -183, 472, -2088, -183, 65, 65, 65
L 472, -2095, -183, 472, -2136, -183, 65, 65, 65
L 472, -2136, -183, 447, -2136, -183, 65, 65, 65
L 447, -2136, -183, 447, -2128, -183, 65, 65, 65
L 447, -2128, -183, 439, -2128, -183, 65, 65, 65
L 439, -2128, -183, 439, -2119, -183, 65, 65, 65
L 439, -2119, -183, 447, -2119, -183, 65, 65, 65
L 447, -2119, -183, 447, -2104, -183, 65, 65, 65
L 447, -2104, -183, 439, -2104, -183, 65, 65, 65
L 439, -2104, -183, 439, -2071, -183, 65, 65, 65
L 439, -2071, -183, 448, -2071, -183, 65, 65, 65
L 448, -2071, -183, 456, -2079, -183, 65, 65, 65
L 456, -2079, -183, 456, -2095, -183, 65, 65, 65
L 456, -2095, -183, 472, -2095, -183, 65, 65, 65
L 472, -2095, -183, 472, -2120, -183, 65, 65, 65
L 462, -2143, -183, 448, -2143, -183, 65, 65, 65
L 447, -2143, -183, 447, -2151, -183, 65, 65, 65
L 447, -2151, -183, 440, -2151, -183, 65, 65, 65
L 440, -2151, -183, 439, -2152, -183, 65, 65, 65
L 439, -2152, -183, 439, -2167, -183, 65, 65, 65
L 439, -2167, -183, 471, -2167, -183, 65, 65, 65
L 471, -2167, -183, 471, -2176, -183, 65, 65, 65
L 471, -2176, -183, 487, -2175, -183, 65, 65, 65
L 487, -2175, -183, 487, -2191, -183, 65, 65, 65
L 487, -2191, -183, 504, -2191, -183, 65, 65, 65
L 504, -2191, -183, 512, -2184, -183, 65, 65, 65
L 512, -2184, -183, 512, -2143, -183, 65, 65, 65
L 512, -2143, -183, 447, -2143, -183, 65, 65, 65
L 424, -2151, -183, 424, -2135, -183, 65, 65, 65
L 424, -2135, -183, 399, -2135, -183, 65, 65, 65
L 399, -2135, -183, 399, -2159, -183, 65, 65, 65
L 399, -2159, -183, 407, -2167, -183, 65, 65, 65
L 407, -2167, -183, 431, -2167, -183, 65, 65, 65
L 431, -2167, -183, 432, -2166, -183, 65, 65, 65
L 432, -2166, -183, 432, -2151, -183, 65, 65, 65
L 432, -2151, -183, 424, -2151, -183, 65, 65, 65
L 519, -2135, -183, 519, -2112, -183, 65, 65, 65
L 519, -2112, -183, 520, -2111, -183, 65, 65, 65
L 520, -2111, -183, 536, -2111, -183, 65, 65, 65
L 536, -2111, -183, 544, -2118, -183, 65, 65, 65
L 544, -2118, -183, 544, -2152, -183, 65, 65, 65
L 544, -2152, -183, 536, -2160, -183, 65, 65, 65
L 536, -2160, -183, 537, -2167, -183, 65, 65, 65
L 537, -2167, -183, 544, -2174, -183, 65, 65, 65
L 544, -2174, -183, 544, -2190, -183, 65, 65, 65
L 544, -2190, -183, 543, -2191, -183, 65, 65, 65
L 543, -2191, -183, 527, -2191, -183, 65, 65, 65
L 527, -2191, -183, 519, -2183, -183, 65, 65, 65
L 519, -2183, -183, 519, -2131, -183, 65, 65, 65
L 567, -2104, -183, 560, -2104, -183, 65, 65, 65
L 560, -2104, -183, 551, -2095, -183, 65, 65, 65
L 551, -2095, -183, 551, -2087, -183, 65, 65, 65
L 551, -2087, -183, 624, -2087, -183, 65, 65, 65
L 624, -2087, -183, 624, -2104, -183, 65, 65, 65
L 624, -2104, -183, 560, -2104, -183, 65, 65, 65
L 552, -2119, -183, 559, -2111, -183, 65, 65, 65
L 559, -2111, -183, 584, -2111, -183, 65, 65, 65
L 584, -2111, -183, 584, -2152, -183, 65, 65, 65
L 584, -2152, -183, 576, -2159, -183, 65, 65, 65
L 576, -2159, -183, 559, -2159, -183, 65, 65, 65
L 559, -2159, -183, 552, -2152, -183, 65, 65, 65
L 552, -2152, -183, 551, -2150, -183, 65, 65, 65
L 551, -2150, -183, 551, -2119, -183, 65, 65, 65
L 471, -2063, -183, 463, -2055, -183, 65, 65, 65
L 463, -2055, -183, 463, -2048, -183, 65, 65, 65
L 463, -2048, -183, 465, -2047, -183, 65, 65, 65
L 465, -2047, -183, 496, -2047, -183, 65, 65, 65
L 496, -2047, -183, 496, -2055, -183, 65, 65, 65
L 496, -2055, -183, 489, -2063, -183, 65, 65, 65
L 489, -2063, -183, 486, -2064, -183, 65, 65, 65
L 486, -2064, -183, 471, -2063, -183, 65, 65, 65
L 471, -2063, -183, 464, -2056, -183, 65, 65, 65
L 419, -1959, -126, 419, -1973, -129, 0, 0, 0
L 419, -1973, -129, 419, -1974, -126, 0, 0, 0
L 419, -1974, -126, 419, -1987, -126, 0, 0, 0
L 419, -1987, -126, 392, -2001, -147, 0, 0, 0
L 392, -2001, -147, 377, -2015, -153, 0, 0, 0
L 377, -2015, -153, 363, -2015, -165, 0, 0, 0
L 321, -1946, -125, 336, -1946, -125, 64, 64, 64
L 336, -1946, -125, 336, -1943, -125, 64, 64, 64
L 336, -1943, -125, 310, -1943, -115, 64, 64, 64
L 299, -1934, -115, 336, -1934, -125, 64, 64, 64
L 336, -1934, -125, 336, -1931, -125, 64, 64, 64
L 336, -1931, -125, 321, -1931, -125, 64, 64, 64
L 252, -1946, -125, 266, -1946, -125, 64, 64, 64
L 252, -1934, -115, 299, -1934, -113, 64, 64, 64
L 310, -1943, -115, 252, -1943, -114, 64, 64, 64
L 296, -919, -31, 296, -896, -31, 64, 64, 64
L 288, -880, -31, 280, -880, -31, 64, 64, 64
L 288, -919, -31, 296, -919, -31, 64, 64, 64
L 296, -919, -31, 295, -896, -31, 64, 64, 64
L 295, -896, -31, 287, -888, -31, 64, 64, 64
L 287, -888, -31, 288, -880, -31, 64, 64, 64
L 282, -907, -21, 282, -898, -21, 64, 64, 64
L 320, -919, 33, 281, -919, 33, 64, 64, 64
L 281, -919, 33, 281, -888, 33, 64, 64, 64
L 281, -888, 33, 321, -888, 33, 64, 64, 64
L 321, -888, 33, 321, -919, 33, 64, 64, 64
L 321, -919, 33, 317, -919, 33, 64, 64, 64
L -146, -745, -27, -146, -738, -27, 65, 65, 65
L -146, -738, -27, -150, -738, -27, 65, 65, 65
L -150, -738, -27, -150, -731, -27, 65, 65, 65
L -150, -731, -27, -158, -731, -27, 65, 65, 65
L -158, -731, -27, -158, -738, -27, 65, 65, 65
L -158, -738, -27, -162, -738, -27, 65, 65, 65
L -162, -738, -27, -162, -745, -27, 65, 65, 65
L -162, -745, -27, -158, -745, -27, 65, 65, 65
L -158, -745, -27, -158, -753, -27, 65, 65, 65
L -158, -753, -27, -150, -753, -27, 65, 65, 65
L -150, -753, -27, -150, -745, -27, 65, 65, 65
L -150, -745, -27, -146, -745, -27, 65, 65, 65
L 994, -1120, 29, 999, -1094, 29, 65, 65, 65
L 999, -1094, 29, 1004, -1094, 29, 65, 65, 65
L 1004, -1094, 29, 1004, -1089, 29, 65, 65, 65
L 1004, -1089, 29, 1002, -1089, 29, 65, 65, 65
L 1002, -1089, 29, 1001, -1090, 29, 65, 65, 65
L 1001, -1090, 29, 997, -1093, 29, 65, 65, 65
L 997, -1093, 29, 997, -1094, 29, 65, 65, 65
L 997, -1094, 29, 993, -1116, 29, 65, 65, 65
L 993, -1116, 29, 969, -1092, 29, 65, 65, 65
L 969, -1092, 29, 991, -1088, 29, 65, 65, 65
L 991, -1088, 29, 992, -1088, 29, 65, 65, 65
L 992, -1088, 29, 995, -1084, 29, 65, 65, 65
L 995, -1084, 29, 996, -1084, 29, 65, 65, 65
L 996, -1084, 29, 996, -1081, 29, 65, 65, 65
L 996, -1081, 29, 991, -1081, 29, 65, 65, 65
L 991, -1081, 29, 991, -1086, 29, 65, 65, 65
L 991, -1086, 29, 965, -1091, 29, 65, 65, 65
L 1024, -1088, 29, 1047, -1092, 29, 65, 65, 65
L 1047, -1092, 29, 1022, -1116, 29, 65, 65, 65
L 1022, -1116, 29, 1018, -1094, 29, 65, 65, 65
L 1018, -1094, 29, 1014, -1090, 29, 65, 65, 65
L 1014, -1090, 29, 1014, -1089, 29, 65, 65, 65
L 1014, -1089, 29, 1011, -1089, 29, 65, 65, 65
L 1011, -1089, 29, 1011, -1094, 29, 65, 65, 65
L 1011, -1094, 29, 1016, -1094, 29, 65, 65, 65
L 1016, -1094, 29, 1021, -1120, 29, 65, 65, 65
L 1019, -1075, 29, 1032, -1072, 29, 65, 65, 65
L 1032, -1072, 29, 1047, -1072, 29, 65, 65, 65
L 1047, -1072, 29, 1047, -1087, 29, 65, 65, 65
L 1047, -1087, 29, 1032, -1087, 29, 65, 65, 65
L 1032, -1087, 29, 1019, -1080, 29, 65, 65, 65
L 1019, -1080, 29, 1019, -1084, 29, 65, 65, 65
L 1019, -1084, 29, 1023, -1088, 29, 65, 65, 65
L 1023, -1088, 29, 1025, -1088, 29, 65, 65, 65
L 1019, -1075, 29, 1019, -1071, 29, 65, 65, 65
L 1019, -1071, 29, 1023, -1067, 29, 65, 65, 65
L 1023, -1067, 29, 1047, -1063, 29, 65, 65, 65
L 1047, -1063, 29, 1024, -1040, 29, 65, 65, 65
L 1024, -1040, 29, 1018, -1062, 29, 65, 65, 65
L 1018, -1062, 29, 1014, -1065, 29, 65, 65, 65
L 1014, -1065, 29, 1014, -1066, 29, 65, 65, 65
L 1014, -1066, 29, 1011, -1066, 29, 65, 65, 65
L 1011, -1066, 29, 1011, -1064, 29, 65, 65, 65
L 1011, -1064, 29, 1015, -1056, 29, 65, 65, 65
L 1015, -1056, 29, 1015, -1040, 29, 65, 65, 65
L 1000, -1056, 29, 1004, -1063, 29, 65, 65, 65
L 1004, -1063, 29, 1004, -1066, 29, 65, 65, 65
L 1004, -1066, 29, 1001, -1066, 29, 65, 65, 65
L 1001, -1066, 29, 997, -1061, 29, 65, 65, 65
L 997, -1061, 29, 993, -1039, 29, 65, 65, 65
L 993, -1039, 29, 969, -1063, 29, 65, 65, 65
L 969, -1063, 29, 992, -1067, 29, 65, 65, 65
L 992, -1067, 29, 995, -1071, 29, 65, 65, 65
L 995, -1071, 29, 996, -1072, 29, 65, 65, 65
L 996, -1072, 29, 996, -1074, 29, 65, 65, 65
L 996, -1074, 29, 990, -1074, 29, 65, 65, 65
L 991, -1074, 29, 991, -1069, 29, 65, 65, 65
L 991, -1069, 29, 965, -1064, 29, 65, 65, 65
L 1004, -1119, 29, 1004, -1094, 29, 64, 40, 0
L 1011, -1118, 29, 1011, -1094, 29, 64, 40, 0
L 994, -1119, 29, 1004, -1119, 29, 64, 40, 0
L 966, -1081, 29, 992, -1081, 29, 64, 40, 0
L 966, -1074, 29, 990, -1074, 29, 64, 40, 0
L 966, -1064, 29, 966, -1074, 29, 64, 40, 0
L 966, -1091, 29, 966, -1081, 29, 64, 40, 0
L 1021, -1134, -27, 986, -1168, -8, 0, 0, 0
L 924, -1175, -8, 923, -1175, -6, 65, 65, 65
L 784, -1198, -27, 945, -1128, -25, 0, 0, 0
L 812, -1162, -19, 934, -1101, -14, 0, 0, 0
L 934, -1101, -20, 945, -1112, -18, 64, 40, 0
L 945, -1112, -18, 972, -1135, 1, 64, 40, 0
L 972, -1135, 1, 974, -1136, 5, 64, 40, 0
L 974, -1136, 5, 979, -1136, 8, 64, 40, 0
L 979, -1136, 8, 982, -1136, 13, 64, 40, 0
L 982, -1136, 13, 1007, -1136, 28, 64, 40, 0
L 1007, -1136, 28, 1006, -1134, 30, 64, 40, 0
L 945, -1128, -18, 966, -1147, 6, 64, 40, 0
L 966, -1147, 6, 979, -1147, 11, 64, 40, 0
L 979, -1147, 11, 1007, -1147, 28, 64, 40, 0
L 1006, -1134, 29, 980, -1134, 29, 0, 0, 0
L 980, -1134, 29, 952, -1106, 29, 0, 0, 0
L 952, -1106, 29, 951, -1106, 29, 0, 0, 0
L 951, -1106, 29, 951, -1022, 29, 0, 0, 0
L 1006, -1134, 29, 1035, -1134, 29, 64, 40, 0
L 994, -1120, 30, 980, -1120, 30, 0, 0, 0
L 980, -1120, 30, 966, -1106, 30, 0, 0, 0
L 966, -1106, 30, 965, -1106, 30, 0, 0, 0
L 965, -1106, 30, 965, -1091, 30, 0, 0, 0
L 965, -1064, 30, 965, -1049, 30, 0, 0, 0
L 965, -1049, 30, 980, -1035, 30, 0, 0, 0
L 980, -1035, 30, 993, -1035, 30, 0, 0, 0
L 993, -1035, 30, 979, -1022, 30, 0, 0, 0
L 979, -1022, 30, 951, -1022, 29, 0, 0, 0
L 1049, -1107, 30, 1036, -1120, 30, 0, 0, 0
L 1049, -1107, 30, 1040, -1131, 30, 0, 0, 0
L 1040, -1131, 30, 1035, -1134, 30, 0, 0, 0
L 48, -991, -39, 32, -991, -39, 64, 64, 64
L 32, -991, -39, 32, -968, -39, 64, 64, 64
L 32, -968, -39, 56, -968, -39, 64, 64, 64
L 64, -968, -39, 72, -968, -39, 64, 64, 64
L 72, -968, -39, 72, -952, -39, 64, 64, 64
L 72, -952, -39, 88, -952, -39, 64, 64, 64
L 88, -952, -39, 88, -975, -39, 64, 64, 64
L 64, -961, -39, 64, -968, -39, 64, 64, 64
L 45, -991, -39, 48, -991, -39, 64, 64, 64
L 48, -991, -39, 48, -975, -39, 64, 64, 64
L 48, -975, -39, 56, -975, -39, 64, 64, 64
L 994, -1119, 29, 995, -1113, 29, 65, 65, 65
L 534, -1388, -82, 543, -1388, -82, 64, 64, 64
L 543, -1344, -80, 543, -1343, -80, 64, 64, 64
L 543, -1343, -80, 543, -1341, -81, 64, 64, 64
L 543, -1388, -81, 543, -1342, -81, 64, 64, 64
L 534, -1341, -81, 543, -1341, -81, 64, 64, 64
L 534, -1341, -81, 534, -1344, -81, 64, 64, 64
L 534, -1343, -81, 534, -1344, -80, 64, 64, 64
L 534, -1344, -80, 534, -1385, -80, 64, 64, 64
L 534, -1385, -80, 534, -1386, -81, 64, 64, 64
L 534, -1386, -81, 534, -1388, -81, 64, 64, 64
L 583, -1243, -41, 583, -1236, -41, 65, 65, 65
L 583, -1236, -41, 583, -1219, -55, 65, 65, 65
L 583, -1219, -55, 583, -1207, -55, 65, 65, 65
L 583, -1207, -55, 592, -1207, -55, 65, 65, 65
L 592, -1207, -55, 592, -1247, -55, 65, 65, 65
L 592, -1247, -55, 615, -1247, -55, 65, 65, 65
L 615, -1247, -55, 615, -1232, -55, 65, 65, 65
L 615, -1232, -55, 599, -1232, -55, 65, 65, 65
L 599, -1232, -55, 599, -1216, -55, 65, 65, 65
L 599, -1216, -55, 600, -1215, -55, 65, 65, 65
L 600, -1215, -55, 607, -1215, -55, 65, 65, 65
L 607, -1215, -55, 607, -1192, -55, 65, 65, 65
L 607, -1192, -55, 600, -1192, -55, 65, 65, 65
L 600, -1192, -55, 599, -1191, -55, 65, 65, 65
L 599, -1191, -55, 599, -1175, -55, 65, 65, 65
L 599, -1175, -55, 623, -1175, -55, 65, 65, 65
L 623, -1175, -55, 623, -1160, -55, 65, 65, 65
L 623, -1160, -55, 600, -1160, -55, 65, 65, 65
L 600, -1160, -55, 600, -1168, -55, 65, 65, 65
L 600, -1168, -55, 592, -1168, -55, 65, 65, 65
L 592, -1168, -55, 592, -1176, -55, 65, 65, 65
L 592, -1176, -55, 575, -1176, -55, 65, 65, 65
L 575, -1176, -55, 575, -1168, -55, 65, 65, 65
L 575, -1168, -55, 552, -1168, -55, 65, 65, 65
L 552, -1168, -55, 552, -1191, -55, 65, 65, 65
L 552, -1191, -55, 559, -1191, -55, 65, 65, 65
L 559, -1191, -55, 559, -1176, -55, 65, 65, 65
L 559, -1176, -55, 560, -1175, -55, 65, 65, 65
L 560, -1175, -55, 562, -1175, -55, 65, 65, 65
L 562, -1175, -55, 562, -1191, -55, 65, 65, 65
L 562, -1191, -55, 575, -1191, -55, 65, 65, 65
L 575, -1191, -55, 575, -1183, -55, 65, 65, 65
L 575, -1183, -55, 592, -1183, -55, 65, 65, 65
L 592, -1183, -55, 592, -1200, -55, 65, 65, 65
L 592, -1200, -55, 576, -1200, -55, 65, 65, 65
L 576, -1200, -55, 576, -1220, -55, 65, 65, 65
L 576, -1220, -55, 576, -1243, -42, 65, 65, 65
L 615, -1217, -41, 615, -1176, -41, 0, 0, 0
L 615, -1176, -41, 587, -1148, -41, 0, 0, 0
L 587, -1148, -41, 518, -1148, -41, 0, 0, 0
L 518, -1148, -41, 490, -1176, -41, 0, 0, 0
L 490, -1176, -41, 490, -1232, -41, 0, 0, 0
L 490, -1232, -41, 476, -1232, -41, 60, 40, 0
L 476, -1232, -41, 476, -1245, -41, 60, 40, 0
L 476, -1245, -41, 518, -1287, -41, 60, 40, 0
L 562, -1290, -41, 546, -1290, -41, 60, 40, 0
L 546, -1290, -41, 532, -1290, -54, 60, 40, 0
L 532, -1290, -54, 520, -1290, -54, 60, 40, 0
L 520, -1290, -54, 520, -1301, -54, 60, 40, 0
L 520, -1301, -54, 520, -1302, -55, 60, 40, 0
L 520, -1302, -55, 520, -1313, -55, 60, 40, 0
L 520, -1313, -55, 531, -1313, -55, 60, 40, 0
L 531, -1313, -55, 533, -1313, -57, 60, 40, 0
L 533, -1313, -57, 546, -1313, -68, 60, 40, 0
L 546, -1318, -70, 532, -1318, -81, 60, 40, 0
L 532, -1318, -81, 518, -1318, -81, 60, 40, 0
L 518, -1318, -81, 518, -1343, -81, 60, 40, 0
L 516, -1343, -81, 534, -1344, -81, 60, 40, 0
L 615, -1206, -41, 615, -1259, -41, 0, 0, 0
L 615, -1259, -41, 602, -1273, -41, 0, 0, 0
L 602, -1273, -41, 573, -1287, -41, 60, 40, 0
L 573, -1299, -41, 572, -1301, -41, 60, 40, 0
L 562, -1301, -41, 562, -1299, -41, 60, 40, 0
L 562, -1299, -41, 547, -1299, -41, 60, 40, 0
L 547, -1299, -41, 532, -1299, -54, 60, 40, 0
L 532, -1304, -55, 546, -1304, -68, 60, 40, 0
L 546, -1304, -68, 557, -1304, -68, 60, 40, 0
L 557, -1304, -68, 557, -1315, -68, 60, 40, 0
L 557, -1315, -68, 557, -1316, -69, 60, 40, 0
L 557, -1316, -69, 557, -1327, -69, 60, 40, 0
L 557, -1327, -69, 546, -1327, -70, 60, 40, 0
L 545, -1330, -81, 547, -1330, -82, 60, 40, 0
L 547, -1330, -82, 559, -1330, -82, 60, 40, 0
L 559, -1330, -82, 559, -1344, -82, 60, 40, 0
L 225, -1693, -124, 220, -1638, -124, 0, 0, 0
L 220, -1638, -124, 206, -1596, -124, 0, 0, 0
L 206, -1596, -124, 206, -1595, -124, 0, 0, 0
L 206, -1595, -124, 178, -1555, -124, 0, 0, 0
L 178, -1555, -124, 164, -1525, -123, 0, 0, 0
L 164, -1525, -123, 168, -1498, -119, 0, 0, 0
L 208, -1523, -124, 208, -1514, -124, 64, 64, 64
L 208, -1523, -124, 210, -1523, -123, 64, 64, 64
L 210, -1523, -123, 210, -1523, -122, 64, 64, 64
L 210, -1523, -122, 293, -1523, -122, 64, 64, 64
L 293, -1523, -122, 294, -1523, -123, 64, 64, 64
L 294, -1523, -123, 281, -1514, -123, 64, 64, 64
L 281, -1514, -122, 211, -1514, -122, 64, 64, 64
L 211, -1514, -122, 208, -1514, -123, 64, 64, 64
L 209, -1514, -123, 208, -1514, -123, 64, 64, 64
L 322, -1677, -122, 267, -1677, -122, 64, 64, 64
L 266, -1668, -122, 322, -1668, -122, 64, 64, 64
L 361, -1651, -122, 361, -1595, -123, 64, 64, 64
L 352, -1596, -122, 352, -1651, -122, 64, 64, 64
L 361, -1595, -122, 352, -1596, -122, 64, 64, 64
L 352, -1596, -124, 336, -1568, -124, 0, 0, 0
L 336, -1568, -124, 336, -1555, -124, 0, 0, 0
L 336, -1555, -124, 337, -1555, -124, 0, 0, 0
L 337, -1555, -124, 376, -1594, -124, 0, 0, 0
L 376, -1594, -124, 361, -1595, -124, 0, 0, 0
L 337, -1693, -124, 322, -1693, -124, 0, 0, 0
L 84, -56, 1, 70, -56, 1, 150, 0, 200
L -56, -223, -27, -56, -209, -27, 0, 0, 0
L -0, -210, -27, 1, -210, -24, 0, 0, 0
L 1, -210, -24, 14, -210, -27, 0, 0, 0
L -0, -223, -27, -15, -223, -27, 0, 0, 0
L -29, -226, -15, -71, -226, -27, 65, 65, 65
L -46, -237, -17, -46, -226, -17, 65, 65, 65
L -45, -237, -16, -45, -226, -16, 65, 65, 65
L -48, -226, -19, -48, -237, -19, 65, 65, 65
L -47, -237, -18, -47, -226, -18, 65, 65, 65
L -49, -226, -20, -49, -237, -20, 65, 65, 65
L -50, -237, -21, -50, -226, -21, 65, 65, 65
L -51, -226, -22, -51, -237, -22, 65, 65, 65
L -52, -237, -23, -52, -226, -23, 65, 65, 65
L -53, -226, -24, -53, -237, -24, 65, 65, 65
L -54, -237, -25, -54, -226, -25, 65, 65, 65
L -55, -226, -26, -55, -237, -26, 65, 65, 65
L -56, -237, -27, -56, -226, -27, 65, 65, 65
L -45, -237, -16, -56, -237, -27, 65, 65, 65
L -42, -238, -15, -43, -237, -15, 65, 65, 65
L -43, -237, -15, -45, -237, -16, 65, 65, 65
L 29, -250, -16, 18, -250, -27, 65, 65, 65
L 18, -250, -27, 18, -239, -27, 65, 65, 65
L 31, -239, -16, 18, -239, -27, 65, 65, 65
L 31, -237, -15, 31, -239, -15, 65, 65, 65
L 29, -239, -16, 29, -250, -16, 65, 65, 65
L 28, -250, -17, 28, -239, -17, 65, 65, 65
L 27, -239, -18, 27, -250, -18, 65, 65, 65
L 26, -250, -19, 26, -239, -19, 65, 65, 65
L 25, -239, -20, 25, -250, -20, 65, 65, 65
L 24, -250, -21, 24, -239, -21, 65, 65, 65
L 23, -239, -22, 23, -250, -22, 65, 65, 65
L 22, -250, -23, 22, -239, -23, 65, 65, 65
L 21, -239, -24, 21, -250, -24, 65, 65, 65
L 20, -250, -25, 20, -239, -25, 65, 65, 65
L 19, -239, -26, 19, -250, -26, 65, 65, 65
L -42, -238, -15, -6, -238, -15, 65, 65, 65
L -28, -238, -2, -28, -250, -2, 65, 65, 65
L -41, -250, 9, -41, -237, 9, 65, 65, 65
L -28, -238, -2, -6, -238, -15, 65, 65, 65
L -28, -250, 11, -28, -238, 11, 65, 65, 65
L -28, -238, 11, -41, -237, 11, 65, 65, 65
L -29, -242, -27, -28, -242, -27, 65, 65, 65
L -13, -242, -27, -13, -251, -27, 65, 65, 65
L -16, -247, -27, -16, -249, -27, 65, 65, 65
L -10, -226, -27, -5, -226, -27, 65, 65, 65
L -13, -226, -27, -13, -234, -27, 65, 65, 65
L -13, -234, -27, -14, -234, -27, 65, 65, 65
L 1, -236, -27, 1, -251, -27, 65, 65, 65
L 1, -251, -27, 17, -251, -27, 65, 65, 65
L 17, -251, -27, 31, -251, -14, 65, 65, 65
L 31, -251, -14, 31, -250, -14, 65, 65, 65
L 31, -250, -15, 43, -250, -15, 65, 65, 65
L 18, -239, -27, 18, -238, -27, 65, 65, 65
L 18, -238, -27, 31, -238, -27, 65, 65, 65
L 31, -238, -27, 31, -226, -27, 65, 65, 65
L -13, -242, -27, -14, -242, -27, 65, 65, 65
L -14, -242, -27, -14, -247, -27, 65, 65, 65
L 433, -938, -27, 448, -952, -27, 0, 0, 0
L 450, -952, -28, 450, -965, -28, 65, 65, 65
L 464, -966, -31, 473, -966, -31, 65, 65, 65
L 464, -976, -31, 456, -976, -31, 65, 65, 65
L 473, -965, -31, 473, -976, -31, 65, 65, 65
L 473, -976, -31, 479, -976, -31, 65, 65, 65
L 479, -976, -31, 479, -984, -31, 65, 65, 65
L 479, -991, -31, 503, -991, -31, 65, 65, 65
L 496, -952, -39, 496, -935, -32, 65, 65, 65
L 496, -935, -31, 479, -935, -31, 65, 65, 65
L 479, -935, -31, 479, -943, -31, 65, 65, 65
L 479, -943, -31, 472, -943, -31, 65, 65, 65
L 472, -943, -31, 472, -952, -31, 65, 65, 65
L 464, -943, -31, 456, -943, -31, 65, 65, 65
L 456, -943, -31, 456, -935, -31, 65, 65, 65
L 447, -928, -31, 456, -928, -31, 65, 65, 65
L 456, -928, -31, 456, -920, -31, 65, 65, 65
L 456, -920, -31, 479, -920, -31, 65, 65, 65
L 479, -920, -31, 479, -928, -31, 65, 65, 65
L 472, -951, -31, 464, -951, -31, 65, 65, 65
L 420, -938, -27, 420, -923, -27, 0, 0, 0
L 392, -909, -10, 392, -896, -10, 0, 0, 0
L 727, -1148, -27, 727, -1162, -27, 0, 0, 0
L 727, -1162, -27, 769, -1162, -27, 0, 0, 0
L 769, -1162, -27, 812, -1162, -19, 0, 0, 0
L 699, -1246, -27, 699, -1244, -27, 65, 65, 65
L 710, -1235, -27, 710, -1237, -27, 65, 65, 65
L 728, -1246, -27, 728, -1203, -27, 65, 65, 65
L 725, -1315, -27, 770, -1315, -27, 65, 65, 65
L 770, -1315, -27, 770, -1344, -27, 65, 65, 65
L 718, -1315, -27, 718, -1318, -27, 65, 65, 65
L 718, -1315, -27, 699, -1315, -27, 65, 65, 65
L 727, -1334, -27, 725, -1334, -27, 65, 65, 65
L 783, -1314, -27, 769, -1314, -27, 65, 65, 65
L 769, -1314, -27, 769, -1302, -27, 65, 65, 65
L 769, -1302, -27, 755, -1302, -27, 65, 65, 65
L 755, -1302, -27, 755, -1299, -27, 65, 65, 65
L 769, -1290, -14, 769, -1299, -14, 65, 65, 65
L 770, -1276, -13, 784, -1276, -13, 65, 65, 65
L 784, -1276, -13, 784, -1246, -13, 65, 65, 65
L 772, -1285, -13, 770, -1285, -13, 65, 65, 65
L 770, -1285, -13, 770, -1276, -13, 65, 65, 65
L 798, -1246, -13, 784, -1246, -13, 65, 65, 65
L 798, -1246, -13, 798, -1288, -13, 65, 65, 65
L 798, -1288, -13, 823, -1287, -13, 65, 65, 65
L 834, -1290, -2, 882, -1290, 15, 65, 65, 65
L 884, -1299, 15, 823, -1299, -5, 65, 65, 65
L 772, -1304, -13, 770, -1304, -13, 65, 65, 65
L 770, -1304, -13, 770, -1313, -13, 65, 65, 65
L 823, -1287, -5, 823, -1290, -5, 65, 65, 65
L 823, -1290, -5, 836, -1290, -1, 65, 65, 65
L 884, -1290, 15, 884, -1287, 15, 65, 65, 65
L 884, -1287, 15, 893, -1287, 15, 65, 65, 65
L 884, -1299, 15, 884, -1302, 15, 65, 65, 65
L 908, -1310, 15, 908, -1302, 15, 65, 65, 65
L 908, -1302, 15, 916, -1302, 15, 65, 65, 65
L 916, -1287, 15, 908, -1287, 15, 65, 65, 65
L 908, -1287, 15, 908, -1279, 15, 65, 65, 65
L 932, -1289, -10, 932, -1300, -10, 65, 65, 65
L 961, -1278, -23, 959, -1278, -23, 65, 65, 65
L 959, -1279, -23, 959, -1278, -23, 65, 65, 65
L 961, -1313, -23, 959, -1313, -23, 65, 65, 65
L 959, -1312, -23, 959, -1313, -23, 65, 65, 65
L 936, -1303, -31, 927, -1303, -31, 65, 65, 65
L 921, -1311, -31, 919, -1311, -31, 65, 65, 65
L -56, -252, -27, -56, -266, -27, 0, 0, 0
L -139, -730, -27, -142, -727, -27, 65, 65, 65
L -138, -728, -27, -126, -728, -26, 65, 65, 65
L -126, -728, -26, -84, -728, -25, 65, 65, 65
L -84, -728, -25, -84, -725, -25, 65, 65, 65
L -84, -725, -25, -82, -725, -25, 65, 65, 65
L -82, -725, -25, -82, -716, -25, 65, 65, 65
L -82, -716, -25, -84, -716, -25, 65, 65, 65
L -84, -716, -25, -84, -714, -25, 65, 65, 65
L -138, -714, -27, -126, -714, -26, 65, 65, 65
L -126, -714, -26, -84, -714, -25, 65, 65, 65
L 558, -1387, -84, 543, -1387, -84, 0, 0, 255
L 518, -1385, -84, 534, -1385, -84, 0, 0, 255
L 225, -1329, -84, 224, -1341, -84, 0, 0, 255
L 224, -1341, -84, 224, -1375, -84, 0, 0, 255
L 196, -1455, -126, 210, -1444, -126, 0, 0, 255
L 210, -1444, -126, 211, -1441, -120, 0, 0, 255
L 211, -1441, -120, 224, -1375, -82, 0, 0, 255
L 224, -1375, -82, 224, -1376, -31, 0, 0, 255
L 225, -1693, -124, 267, -1693, -124, 0, 0, 0
L 336, -1707, -125, 338, -1707, -125, 0, 0, 0
L 380, -1733, -125, 380, -1763, -125, 0, 0, 0
L 380, -1763, -125, 364, -1777, -125, 0, 0, 0
L 349, -1917, -148, 333, -1917, -136, 0, 0, 255
L 324, -1917, -134, 322, -1917, -136, 0, 0, 255
L 322, -1972, -127, 322, -1943, -127, 0, 0, 255
L 321, -1934, -127, 322, -1917, -127, 0, 0, 255
L 322, -1972, -127, 322, -1988, -127, 0, 0, 255
L 266, -1934, -126, 266, -1919, -126, 0, 0, 255
L 266, -1917, -127, 266, -1923, -127, 0, 0, 255
L 266, -1917, -127, 264, -1917, -127, 0, 0, 255
L 252, -1946, -125, 252, -1931, -125, 65, 65, 65
L 252, -1931, -125, 266, -1931, -125, 65, 65, 65
L 266, -1943, -127, 251, -2057, -195, 0, 0, 255
L 336, -2015, -195, 336, -2057, -195, 65, 65, 65
L 363, -2015, -168, 363, -2043, -168, 65, 65, 65
L 350, -2030, -180, 364, -2030, -181, 65, 65, 65
L 350, -2043, -181, 350, -2030, -182, 65, 65, 65
L 512, -2016, -183, 544, -2016, -183, 65, 65, 65
L 544, -2016, -183, 544, -2007, -183, 65, 65, 65
L 392, -2183, -183, 392, -2199, -183, 65, 65, 65
L 392, -2199, -183, 375, -2199, -183, 65, 65, 65
L 168, -1498, -119, 182, -1498, -119, 0, 0, 0
L 182, -1498, -119, 182, -1507, -120, 0, 0, 0
L 182, -1507, -120, 182, -1508, -120, 0, 0, 0
L 182, -1508, -120, 210, -1509, -122, 0, 0, 0
L 168, -1497, -111, 168, -1484, -111, 0, 0, 0
L 168, -1484, -111, 196, -1455, -111, 0, 0, 0
L 364, -907, -9, 323, -907, -9, 64, 64, 64
L 364, -898, -9, 321, -898, -9, 64, 64, 64
L 319, -899, -10, 305, -899, -21, 64, 64, 64
L 304, -906, -20, 319, -906, -10, 64, 64, 64
L 323, -907, -9, 319, -906, -10, 64, 64, 64
L 321, -898, -9, 319, -899, -10, 64, 64, 64
L 296, -906, -21, 305, -906, -21, 64, 64, 64
L 305, -899, -21, 305, -895, -21, 64, 64, 64
L 320, -895, -31, 320, -888, -31, 64, 64, 64
L 320, -888, -31, 312, -888, -31, 64, 64, 64
L 312, -880, -31, 312, -888, -31, 64, 64, 64
L 312, -880, -31, 296, -880, -31, 64, 64, 64
L 296, -880, -31, 296, -896, -31, 64, 64, 64
L 296, -896, -31, 304, -903, -31, 64, 64, 64
L 304, -911, -31, 312, -911, -31, 64, 64, 64
L 312, -911, -31, 312, -895, -31, 64, 64, 64
L 312, -895, -31, 320, -895, -31, 64, 64, 64
L 305, -895, -21, 312, -895, -21, 64, 64, 64
L 312, -888, -21, 306, -884, -21, 64, 64, 64
L 306, -884, -21, 305, -884, -21, 64, 64, 64
L 288, -888, -21, 288, -896, -21, 64, 64, 64
L 280, -880, -31, 280, -911, -31, 64, 64, 64
L 280, -911, -31, 288, -911, -31, 64, 64, 64
L 288, -911, -31, 288, -919, -31, 64, 64, 64
L 282, -907, -21, 288, -911, -21, 64, 64, 64
L 304, -903, -31, 304, -911, -31, 64, 64, 64
L 65, -968, -23, 71, -960, -23, 64, 64, 64
L 66, -977, -23, 66, -984, -23, 64, 64, 64
L 64, -984, -39, 64, -975, -39, 64, 64, 64
L 64, -975, -39, 88, -975, -39, 64, 64, 64
L 56, -991, -39, 56, -975, -39, 64, 64, 64
L 56, -968, -39, 56, -957, -39, 64, 64, 64
L 56, -951, -39, 48, -951, -39, 64, 64, 64
L 48, -951, -39, 48, -959, -39, 64, 64, 64
L 81, -977, -10, 89, -977, -9, 64, 64, 64
L 154, -718, 1, 210, -718, 1, 65, 65, 65
L 210, -718, 1, 220, -728, 1, 65, 65, 65
L 220, -728, 1, 220, -826, 1, 65, 65, 65
L 220, -826, 1, 210, -835, 1, 65, 65, 65
L 210, -835, 1, 112, -835, 1, 65, 65, 65
L 112, -835, 1, 102, -826, 1, 65, 65, 65
L 102, -826, 1, 102, -728, 1, 65, 65, 65
L 102, -728, 1, 112, -718, 1, 65, 65, 65
L 112, -718, 1, 159, -718, 1, 65, 65, 65
L 154, -739, 1, 198, -739, 1, 65, 65, 65
L 198, -739, 1, 198, -814, 1, 65, 65, 65
L 198, -814, 1, 124, -814, 1, 65, 65, 65
L 124, -814, 1, 124, -739, 1, 65, 65, 65
L 124, -739, 1, 158, -739, 1, 65, 65, 65
L 176, -736, -1, 176, -727, -1, 65, 65, 65
L 176, -727, -1, 144, -727, -9, 65, 65, 65
L 160, -727, -9, 160, -736, -9, 65, 65, 65
L 176, -736, -1, 144, -736, -6, 65, 65, 65
L 144, -727, -15, 144, -736, -15, 65, 65, 65
L 155, -743, -15, 155, -736, -15, 65, 65, 65
L 155, -743, -15, 152, -743, -15, 65, 65, 65
L 159, -752, -15, 159, -768, -15, 65, 65, 65
L 136, -728, -15, 128, -728, -15, 65, 65, 65
L 112, -743, -15, 120, -743, -15, 65, 65, 65
L 155, -720, -15, 155, -727, -15, 65, 65, 65
L 120, -776, -15, 112, -776, -15, 65, 65, 65
L 136, -807, -15, 120, -807, -15, 65, 65, 65
L 125, -807, -15, 132, -807, -15, 65, 65, 65
L 128, -800, -15, 128, -757, -15, 65, 65, 65
L 128, -800, -15, 136, -800, -15, 65, 65, 65
L 128, -807, -14, 128, -816, -14, 65, 65, 65
L 160, -831, -14, 160, -826, -14, 65, 65, 65
L 160, -826, -14, 144, -826, -14, 65, 65, 65
L 176, -816, -1, 176, -825, -1, 65, 65, 65
L 176, -825, -1, 144, -825, -14, 65, 65, 65
L 176, -816, -1, 144, -816, -14, 65, 65, 65
L 136, -800, -31, 128, -791, -31, 65, 65, 65
L 152, -791, -31, 144, -800, -31, 65, 65, 65
L 136, -808, -31, 136, -800, -31, 65, 65, 65
L 144, -808, -31, 144, -800, -31, 65, 65, 65
L 136, -776, -31, 128, -784, -31, 65, 65, 65
L 152, -784, -31, 160, -784, -31, 65, 65, 65
L 160, -791, -31, 152, -791, -31, 65, 65, 65
L 192, -799, -31, 192, -791, -31, 65, 65, 65
L 192, -791, -31, 200, -791, -31, 65, 65, 65
L 176, -823, -31, 184, -823, -31, 65, 65, 65
L 198, -837, -28, 208, -837, -28, 65, 65, 65
L 198, -837, -27, 198, -844, -27, 65, 65, 65
L 198, -840, -27, 208, -840, -27, 65, 65, 65
L 936, -1183, -39, 936, -1168, -39, 64, 64, 64
L 959, -1168, -39, 936, -1168, -39, 64, 64, 64
L 951, -1223, -39, 951, -1216, -39, 64, 64, 64
L 937, -1255, -31, 937, -1239, -31, 64, 64, 64
L 944, -1239, -31, 937, -1239, -31, 64, 64, 64
L 912, -1336, -31, 903, -1336, -31, 64, 64, 64
L 903, -1343, -31, 912, -1343, -31, 64, 64, 64
L 903, -1336, -31, 903, -1327, -31, 64, 64, 64
L 896, -1359, -34, 896, -1367, -39, 64, 64, 64
L 896, -1367, -39, 896, -1376, -39, 64, 64, 64
L 799, -1295, -39, 808, -1295, -39, 64, 64, 64
L 808, -1295, -39, 808, -1304, -39, 64, 64, 64
L 808, -1304, -39, 799, -1304, -39, 64, 64, 64
L 799, -1304, -39, 799, -1295, -39, 64, 64, 64
L 879, -1352, -31, 879, -1349, -31, 64, 64, 64
L 531, -1330, -81, 531, -1327, -81, 60, 40, 0
L 531, -1330, -81, 555, -1330, -82, 60, 40, 0
L 531, -1327, -81, 546, -1327, -69, 60, 40, 0
L 546, -1318, -69, 548, -1315, -69, 60, 40, 0
L 546, -1313, -68, 548, -1315, -68, 60, 40, 0
L 557, -1316, -69, 548, -1316, -69, 60, 40, 0
L 520, -1302, -55, 530, -1302, -55, 60, 40, 0
L 562, -1301, -41, 572, -1301, -41, 60, 40, 0
L 573, -1299, -41, 573, -1287, -41, 60, 40, 0
L 518, -1287, -41, 562, -1287, -41, 60, 40, 0
L 562, -1287, -41, 562, -1290, -41, 60, 40, 0
