P -38.0000, -500.0000, -27.9990,  0, 0, 0,  3,  Toglonoit_Soulbinder
P 148.0000, -713.0000, -55.9680,  0, 0, 0,  3,  Kiln
P 705.9460, -1248.1620, -27.9990,  0, 0, 0,  3,  Forge
P 299.0000, -886.0000, -21.9990,  0, 0, 0,  3,  Clockwork_(Baker)
P 301.0000, -891.0000, -31.9990,  0, 0, 0,  3,  Clockwork_(Potion)
P 924.0000, -1265.0000, -31.9990,  0, 0, 0,  3,  Clockwork_(Brewer)
P -146.0000, -761.0000, -27.9990,  0, 0, 0,  3,  Clockwork_(Tailor)
P -153.0000, -733.0000, -27.9990,  0, 0, 0,  3,  Clockwork_(Merchant)
P 1026.0000, -1108.0000, 28.0010,  0, 0, 0,  3,  Wuggan_(GM_Magician)
P 979.0000, -1096.0000, 28.0010,  0, 0, 0,  3,  Juline_(GM_Enchanter)
P 407.0000, -2101.0000, -183.9370,  0, 0, 0,  3,  Eonis_(GM_Necromancer)
P 388.0000, -2082.0000, -183.9370,  0, 0, 0,  3,  Dewis_(GM_Necromancer)
P 388.0000, -2100.0000, -183.9370,  0, 0, 0,  3,  Evah_(GM_Cleric)
P 509.0000, -2069.0000, -183.9370,  0, 0, 0,  3,  Kaxon_(GM_Rogue)
P 503.0000, -2108.0000, -183.9370,  0, 0, 0,  3,  Naygog_(GM_Warrior)
P 595.0000, -2031.0000, -183.9370,  0, 0, 0,  3,  Velena_(GM_Wizard)
P 470.0000, -902.0000, -31.9990,  0, 0, 0,  3,  Manik_(GM_Warrior)
P 441.0000, -847.0000, -31.9990,  0, 0, 0,  3,  Narron_(GM_Warrior)
P 454.0000, -2061.0000, -183.9370,  0, 0, 0,  3,  Derthix_(GM_Cleric)
P 1039.0000, -1081.0000, 28.0010,  0, 0, 0,  3,  Xalirilan_(GM_Wizard)
P 577.0000, -1191.0000, -34.9990,  0, 0, 0,  3,  Iony_(GM_Cleric)
P 428.0000, -2147.0000, -183.9370,  0, 0, 0,  3,  Garret_(GM_Shadowknight)
P -156.5010, -773.5010, -27.9990,  0, 0, 0,  3,  Loom
P 142.0000, -711.0000, -55.9680,  0, 0, 0,  3,  Pottery_Wheel
P 431.0000, -848.0000, -31.9990,  0, 0, 0,  3,  Baxok_GM_Warrior
P 829.0000, -1279.0000, -39.1220,  0, 0, 0,  3,  Ak`Anon_Zoo
P 475.0000, -866.0000, -31.9990,  0, 0, 0,  3,  Drekon_(Merchant)
P 720.0000, -1195.0000, -27.9990,  0, 0, 0,  3,  Tesil_(Merchant)
P 745.0000, -1170.0000, -27.9990,  0, 0, 0,  3,  Clockwork_(Smith)
P 913.3500, -1250.0540, -31.7980,  0, 0, 0,  3,  Brew_Barrel
P 190.0000, -1469.0000, -111.9680,  0, 0, 0,  3,  Rylin_(Merchant)
P 115.0000, -473.0000, -27.9990,  0, 0, 0,  3,  Clockwork_(Merchant)
P 879.0000, -1239.0000, -31.9990,  0, 0, 0,  3,  Clockwork_(Fletcher)
P 173.0000, -739.0000, -31.9990,  0, 0, 0,  3,  Clockwork_(Pottery)
P 862.0000, -1337.0000, -31.9990,  0, 0, 0,  3,  Clockwork_(Banker)
P 1008.0000, -1035.0000, 28.0010,  0, 0, 0,  3,  Useah_(GM_Wizard)
P 590.0000, -2011.0000, -183.9360,  0, 0, 0,  3,  Vaenor_(GM_Magician)
P 579.0000, -2013.0000, -183.9360,  0, 0, 0,  3,  Rilgor_(GM_Enchanter)
P 538.0000, -1172.0000, -41.9680,  0, 0, 0,  3,  Digetha_(GM_Cleric)
P 101.0000, -487.0000, -27.9990,  0, 0, 0,  3,  Priest_of_Discord
P 711.0000, -1302.0000, -27.9990,  0, 0, 0,  3,  Ottonoggin_(Merchant)
P 540.0000, -2152.0000, -183.9290,  0, 0, 0,  3,  Clockwork_(Smith)
P 884.0000, -1315.0000, -31.9990,  0, 0, 0,  3,  Clockwork_(Weapons)
P 952.0000, -1347.0000, -31.9990,  0, 0, 0,  3,  Clockwork_(Jewelry)
P 284.0000, -904.0000, -21.9990,  0, 0, 0,  3,  Clockwork_(Merchant)
P 775.0000, -1242.0000, -27.9990,  0, 0, 0,  3,  Clockwork_(Merchant)
P 444.0000, -2148.0000, -183.9365,  0, 0, 0,  3,  Clockwork_(Merchant)
P 374.0000, -2149.0000, -183.9365,  0, 0, 0,  3,  Clockwork_(Spells)
P 1040.0000, -1120.0000, 29.0010,  0, 0, 0,  3,  Clockwork_(Spells)
P 35.0000, -47.0000, 0.0010,  0, 240, 0,  3,  to_Steamfont_Mountains
P 526.0000, -1231.0000, -37.9990,  0, 0, 0,  3,  Lewis_(GM_Paladin)
P 978.0000, -1029.0000, 29.0010,  0, 0, 0,  3,  Larkon_(GM_Magician)
P 615.0000, -1168.0000, -55.9677,  0, 0, 0,  3,  Lobal_(GM_Rogue)
P 598.0000, -1240.0000, -55.9677,  0, 0, 0,  3,  Welno_(GM_Rogue)
P 990.0000, -1049.0000, 28.0010,  0, 0, 0,  3,  Tobon_(GM_Wizard)
P 1010.0000, -1076.0000, 28.0010,  0, 0, 0,  3,  Nonnie_(GM_Enchanter)
P 469.0000, -836.0000, -31.9990,  0, 0, 0,  3,  Jarah_(GM_Warrior)
P 367.0000, -2156.0000, -183.9365,  0, 0, 0,  3,  Clockwork_(Spells)
P 356.0000, -2149.0000, -183.9365,  0, 0, 0,  3,  Clockwork_(Spells)
P 371.0000, -2083.0000, -183.9365,  0, 0, 0,  3,  Clockwork_(Merchant)
P 410.0000, -2098.0000, -181.3427,  0, 0, 0,  3,  Clockwork_(Spells)
P 777.0000, -1265.0000, -27.9990,  0, 0, 0,  3,  Clockwork_(Merchant)
P 115.0000, -484.0000, -27.9990,  0, 0, 0,  3,  Clockwork_(Merchant)
P 52.0000, -976.0000, -23.9990,  0, 0, 0,  3,  Clockwork_(Armor)
P 63.0000, -952.0000, -23.9990,  0, 0, 0,  3,  Clockwork_(Armor)
P 37.0000, -943.0000, -39.9677,  0, 0, 0,  3,  Clockwork_(Tailor)
P 37.0000, -966.0000, -39.9677,  0, 0, 0,  3,  Clockwork_(Armor)
P 945.0000, -1245.0000, -31.9990,  0, 0, 0,  3,  Clockwork_(Bar)
P 946.0000, -1252.0000, -31.9990,  0, 0, 0,  3,  Clockwork_(Bar)
P 917.0000, -1332.0000, -31.9990,  0, 0, 0,  3,  Clockwork_(Jewelry)
P 879.0000, -1250.0000, -31.9990,  0, 0, 0,  3,  Clockwork_(Fletcher)
P 749.0000, -1313.0000, -27.9990,  0, 0, 0,  3,  Clockwork_(Armor)
P 707.0000, -1320.0000, -27.9990,  0, 0, 0,  3,  Clockwork_(Armor)
P 716.6678, -1236.2922, -27.9990,  0, 0, 0,  3,  Clockwork_(Armor_Merchants)
P 740.0000, -1325.0000, -27.9990,  0, 0, 0,  3,  Clockwork_(Smith)
P 705.0000, -1221.0000, -27.9990,  0, 0, 0,  3,  Clockwork_(Smith)
P 173.0000, -750.0000, -31.9990,  0, 0, 0,  3,  Clockwork_(Pottery)
P 884.0000, -1348.0000, -31.9990,  0, 0, 0,  3,  Clockwork_(Gems)
P 852.0000, -1348.0000, -31.9990,  0, 0, 0,  3,  Clockwork_(Banker)
P 862.0000, -1348.0000, -31.9990,  0, 0, 0,  3,  Clockwork_(Banker)
P 759.0000, -1174.0000, -27.9990,  0, 0, 0,  3,  Clockwork_(Armor)
P -172.0000, -771.0000, -27.9990,  0, 0, 0,  3,  Clockwork_(Tailor)
P 1008.0000, -1046.0000, 28.0010,  0, 0, 0,  3,  Useah_(GM_Wizard)
P 590.0000, -2022.0000, -183.9365,  0, 0, 0,  3,  Vaenor_(GM_Magician)
P 579.0000, -2024.0000, -183.9365,  0, 0, 0,  3,  Rilgor_(GM_Enchanter)
P 538.0000, -1183.0000, -41.9677,  0, 0, 0,  3,  Digetha_(GM_Cleric)
P 711.0000, -1313.0000, -27.9990,  0, 0, 0,  3,  Ottonoggin_(Merchant)
P 413.0000, -2081.0000, -183.9365,  0, 0, 0,  3,  Clockwork_(Spells)
P 412.0000, -2044.0000, -183.9365,  0, 0, 0,  3,  Clockwork_(Spells)
P 540.0000, -2163.0000, -183.9365,  0, 0, 0,  3,  Clockwork_(Smith)
P 778.0000, -1328.0000, -27.9990,  0, 0, 0,  3,  Clockwork_(Merchant)
P 886.0000, -1285.0000, -31.9990,  0, 0, 0,  3,  Clockwork_(Armor)
P 396.0000, -2081.0000, -183.9365,  0, 0, 0,  3,  Clockwork_(Spells)
P 444.0000, -2112.0000, -183.9365,  0, 0, 0,  3,  Clockwork_(Spells)
P 425.0000, -2111.0000, -183.9365,  0, 0, 0,  3,  Clockwork_(Spells)
P 915.0000, -1284.0000, -31.9990,  0, 0, 0,  3,  Clockwork_(Merchant)
P -55.0000, -359.0000, -19.4965,  0, 0, 0,  3,  Priest_of_Discord
