L -31, -587, 59, 63, -585, 59, 0, 0, 0
L -41, -588, 59, -31, -587, 59, 0, 0, 0
L -62, -586, 59, -41, -588, 59, 0, 0, 0
L -154, -569, 59, -62, -586, 59, 0, 0, 0
L -165, -566, 59, -154, -569, 59, 0, 0, 0
L -208, -550, 59, -165, -566, 59, 0, 0, 0
L -255, -529, 59, -208, -550, 59, 0, 0, 0
L -274, -522, 59, -255, -529, 59, 0, 0, 0
L -306, -503, 59, -274, -522, 59, 0, 0, 0
L -363, -464, 59, -306, -503, 59, 0, 0, 0
L -373, -456, 59, -363, -464, 59, 0, 0, 0
L -440, -393, 59, -373, -456, 59, 0, 0, 0
L -447, -384, 59, -440, -393, 59, 0, 0, 0
L -512, -289, 59, -447, -384, 59, 0, 0, 0
L -522, -270, 59, -512, -289, 59, 0, 0, 0
L -528, -256, 59, -522, -270, 59, 0, 0, 0
L -535, -241, 59, -528, -256, 59, 0, 0, 0
L -557, -186, 59, -535, -241, 59, 0, 0, 0
L -561, -173, 59, -557, -186, 59, 0, 0, 0
L -584, -65, 59, -561, -173, 59, 0, 0, 0
L -585, -61, 59, -584, -65, 59, 0, 0, 0
L -585, 44, 59, -585, -61, 59, 0, 0, 0
L -584, 57, 59, -585, 44, 59, 0, 0, 0
L -571, 125, 59, -584, 57, 59, 0, 0, 0
L -564, 159, 59, -571, 125, 59, 0, 0, 0
L -561, 172, 59, -564, 159, 59, 0, 0, 0
L -560, 174, 59, -561, 172, 59, 0, 0, 0
L -548, 201, 59, -560, 174, 59, 0, 0, 0
L -527, 258, 59, -548, 201, 59, 0, 0, 0
L -526, 260, 59, -527, 258, 59, 0, 0, 0
L -491, 317, 59, -526, 260, 59, 0, 0, 0
L -459, 364, 59, -491, 317, 59, 0, 0, 0
L -452, 373, 59, -459, 364, 59, 0, 0, 0
L -382, 443, 59, -452, 373, 59, 0, 0, 0
L -290, 508, 59, -382, 443, 59, 0, 0, 0
L -281, 513, 59, -290, 508, 59, 0, 0, 0
L -249, 528, 59, -281, 513, 59, 0, 0, 0
L -238, 531, 59, -249, 528, 59, 0, 0, 0
L -235, 533, 59, -238, 531, 59, 0, 0, 0
L -199, 550, 59, -235, 533, 59, 0, 0, 0
L -187, 554, 59, -199, 550, 59, 0, 0, 0
L -174, 559, 59, -187, 554, 59, 0, 0, 0
L -84, 578, 59, -174, 559, 59, 0, 0, 0
L -73, 581, 59, -84, 578, 59, 0, 0, 0
L 48, 583, 59, -73, 581, 59, 0, 0, 0
L 56, 582, 59, 48, 583, 59, 0, 0, 0
L 58, 582, 59, 56, 582, 59, 0, 0, 0
L 146, 567, 59, 58, 582, 59, 0, 0, 0
L 158, 564, 59, 146, 567, 59, 0, 0, 0
L 236, 535, 59, 158, 564, 59, 0, 0, 0
L 267, 521, 59, 236, 535, 59, 0, 0, 0
L 274, 517, 59, 267, 521, 59, 0, 0, 0
L 333, 481, 59, 274, 517, 59, 0, 0, 0
L 358, 463, 59, 333, 481, 59, 0, 0, 0
L 367, 456, 59, 358, 463, 59, 0, 0, 0
L 445, 381, 59, 367, 456, 59, 0, 0, 0
L 453, 372, 59, 445, 381, 59, 0, 0, 0
L 473, 343, 59, 453, 372, 59, 0, 0, 0
L 479, 333, 59, 473, 343, 59, 0, 0, 0
L 497, 307, 59, 479, 333, 59, 0, 0, 0
L 514, 281, 59, 497, 307, 59, 0, 0, 0
L 515, 279, 59, 514, 281, 59, 0, 0, 0
L 540, 222, 59, 515, 279, 59, 0, 0, 0
L 550, 203, 59, 540, 222, 59, 0, 0, 0
L 555, 189, 59, 550, 203, 59, 0, 0, 0
L 559, 176, 59, 555, 189, 59, 0, 0, 0
L 569, 138, 59, 559, 176, 59, 0, 0, 0
L 573, 112, 59, 569, 138, 59, 0, 0, 0
L 578, 92, 59, 573, 112, 59, 0, 0, 0
L 583, 65, 59, 578, 92, 59, 0, 0, 0
L 586, -35, 59, 583, 65, 59, 0, 0, 0
L 585, -54, 59, 586, -35, 59, 0, 0, 0
L 584, -58, 59, 585, -54, 59, 0, 0, 0
L 575, -109, 59, 584, -58, 59, 0, 0, 0
L 569, -138, 59, 575, -109, 59, 0, 0, 0
L 567, -154, 59, 569, -138, 59, 0, 0, 0
L 561, -176, 59, 567, -154, 59, 0, 0, 0
L 521, -273, 59, 561, -176, 59, 0, 0, 0
L 515, -282, 59, 521, -273, 59, 0, 0, 0
L 508, -296, 59, 515, -282, 59, 0, 0, 0
L 478, -340, 59, 508, -296, 59, 0, 0, 0
L 467, -358, 59, 478, -340, 59, 0, 0, 0
L 461, -366, 59, 467, -358, 59, 0, 0, 0
L 452, -377, 59, 461, -366, 59, 0, 0, 0
L 387, -443, 59, 452, -377, 59, 0, 0, 0
L 376, -453, 59, 387, -443, 59, 0, 0, 0
L 336, -481, 59, 376, -453, 59, 0, 0, 0
L 304, -502, 59, 336, -481, 59, 0, 0, 0
L 288, -512, 59, 304, -502, 59, 0, 0, 0
L 278, -519, 59, 288, -512, 59, 0, 0, 0
L 273, -521, 59, 278, -519, 59, 0, 0, 0
L 256, -529, 59, 273, -521, 59, 0, 0, 0
L 229, -540, 59, 256, -529, 59, 0, 0, 0
L 185, -559, 59, 229, -540, 59, 0, 0, 0
L 174, -562, 59, 185, -559, 59, 0, 0, 0
L 63, -586, 59, 174, -562, 59, 0, 0, 0
L 5, -586, 59, 63, -586, 59, 0, 0, 0
L 23, -564, 18, 17, -564, 19, 0, 0, 0
L -21, -564, 18, -21, -563, 18, 0, 0, 0
L -18, -564, 18, -21, -564, 18, 0, 0, 0
L -16, -564, 19, -18, -564, 18, 0, 0, 0
L -16, -572, 33, -16, -564, 19, 0, 0, 0
L -15, -573, 38, -16, -572, 33, 0, 0, 0
L -16, -575, 40, -15, -573, 38, 0, 0, 0
L -17, -576, 40, -16, -575, 40, 0, 0, 0
L -16, -579, 47, -17, -576, 40, 0, 0, 0
L -14, -580, 49, -16, -579, 47, 0, 0, 0
L -13, -582, 50, -14, -580, 49, 0, 0, 0
L -11, -582, 51, -13, -582, 50, 0, 0, 0
L -7, -583, 53, -11, -582, 51, 0, 0, 0
L -6, -583, 53, -7, -583, 53, 0, 0, 0
L -4, -584, 53, -6, -583, 53, 0, 0, 0
L -2, -584, 54, -4, -584, 53, 0, 0, 0
L 4, -583, 53, -2, -584, 54, 0, 0, 0
L 5, -583, 52, 4, -583, 53, 0, 0, 0
L 7, -583, 51, 5, -583, 52, 0, 0, 0
L 9, -582, 49, 7, -583, 51, 0, 0, 0
L 11, -581, 48, 9, -582, 49, 0, 0, 0
L 15, -577, 42, 11, -581, 48, 0, 0, 0
L 16, -576, 40, 15, -577, 42, 0, 0, 0
L 16, -573, 33, 16, -576, 40, 0, 0, 0
L 17, -566, 21, 16, -573, 33, 0, 0, 0
L 17, -564, 19, 17, -566, 21, 0, 0, 0
L 22, -563, 18, 22, -559, 18, 0, 0, 0
L 54, -563, 18, 22, -563, 18, 0, 0, 0
L 65, -562, 18, 54, -563, 18, 0, 0, 0
L 90, -556, 18, 65, -562, 18, 0, 0, 0
L 123, -550, 18, 90, -556, 18, 0, 0, 0
L 144, -545, 18, 123, -550, 18, 0, 0, 0
L 154, -543, 18, 144, -545, 18, 0, 0, 0
L 161, -541, 18, 154, -543, 18, 0, 0, 0
L 172, -539, 18, 161, -541, 18, 0, 0, 0
L 180, -535, 18, 172, -539, 18, 0, 0, 0
L 199, -527, 18, 180, -535, 18, 0, 0, 0
L 229, -515, 18, 199, -527, 18, 0, 0, 0
L 259, -502, 18, 229, -515, 18, 0, 0, 0
L 269, -497, 18, 259, -502, 18, 0, 0, 0
L 284, -488, 18, 269, -497, 18, 0, 0, 0
L 312, -468, 18, 284, -488, 18, 0, 0, 0
L 323, -461, 18, 312, -468, 18, 0, 0, 0
L 356, -438, 18, 323, -461, 18, 0, 0, 0
L 368, -428, 18, 356, -438, 18, 0, 0, 0
L 379, -418, 18, 368, -428, 18, 0, 0, 0
L 406, -389, 18, 379, -418, 18, 0, 0, 0
L 425, -371, 18, 406, -389, 18, 0, 0, 0
L 440, -354, 18, 425, -371, 18, 0, 0, 0
L 485, -287, 18, 440, -354, 18, 0, 0, 0
L 496, -269, 18, 485, -287, 18, 0, 0, 0
L 501, -258, 18, 496, -269, 18, 0, 0, 0
L 538, -168, 18, 501, -258, 18, 0, 0, 0
L 542, -154, 18, 538, -168, 18, 0, 0, 0
L 559, -70, 18, 542, -154, 18, 0, 0, 0
L 559, -65, 18, 559, -70, 18, 0, 0, 0
L 562, -47, 18, 559, -65, 18, 0, 0, 0
L 562, 39, 20, 562, -47, 18, 0, 0, 0
L 561, 55, 18, 562, 39, 20, 0, 0, 0
L 560, 61, 18, 561, 55, 18, 0, 0, 0
L 552, 99, 18, 560, 61, 18, 0, 0, 0
L 548, 121, 18, 552, 99, 18, 0, 0, 0
L 535, 175, 18, 548, 121, 18, 0, 0, 0
L 531, 183, 18, 535, 175, 18, 0, 0, 0
L 530, 187, 18, 531, 183, 18, 0, 0, 0
L 508, 238, 18, 530, 187, 18, 0, 0, 0
L 492, 271, 18, 508, 238, 18, 0, 0, 0
L 444, 342, 18, 492, 271, 18, 0, 0, 0
L 437, 354, 18, 444, 342, 18, 0, 0, 0
L 436, 355, 18, 437, 354, 18, 0, 0, 0
L 428, 364, 18, 436, 355, 18, 0, 0, 0
L 369, 422, 18, 428, 364, 18, 0, 0, 0
L 351, 438, 18, 369, 422, 18, 0, 0, 0
L 335, 449, 18, 351, 438, 18, 0, 0, 0
L 312, 466, 19, 335, 449, 18, 0, 0, 0
L 305, 470, 19, 312, 466, 19, 0, 0, 0
L 287, 482, 19, 305, 470, 19, 0, 0, 0
L 275, 489, 19, 287, 482, 19, 0, 0, 0
L 266, 494, 18, 275, 489, 19, 0, 0, 0
L 258, 498, 18, 266, 494, 18, 0, 0, 0
L 230, 510, 18, 258, 498, 18, 0, 0, 0
L 201, 523, 19, 230, 510, 18, 0, 0, 0
L 192, 526, 18, 201, 523, 19, 0, 0, 0
L 182, 529, 18, 192, 526, 18, 0, 0, 0
L 161, 538, 18, 182, 529, 18, 0, 0, 0
L 159, 538, 18, 161, 538, 18, 0, 0, 0
L 116, 547, 18, 159, 538, 18, 0, 0, 0
L 78, 555, 20, 116, 547, 18, 0, 0, 0
L 68, 557, 20, 78, 555, 20, 0, 0, 0
L 59, 559, 19, 68, 557, 20, 0, 0, 0
L 49, 560, 18, 59, 559, 19, 0, 0, 0
L 23, 560, 18, 49, 560, 18, 0, 0, 0
L 24, 555, 18, 23, 560, 18, 0, 0, 0
L 24, 553, 18, 24, 555, 18, 0, 0, 0
L 33, 552, 18, 24, 553, 18, 0, 0, 0
L 49, 552, 18, 33, 552, 18, 0, 0, 0
L 59, 551, 18, 49, 552, 18, 0, 0, 0
L 68, 549, 18, 59, 551, 18, 0, 0, 0
L 88, 546, 18, 68, 549, 18, 0, 0, 0
L 127, 539, 18, 88, 546, 18, 0, 0, 0
L 148, 534, 18, 127, 539, 18, 0, 0, 0
L 161, 530, 18, 148, 534, 18, 0, 0, 0
L 254, 494, 18, 161, 530, 18, 0, 0, 0
L 332, 443, 18, 254, 494, 18, 0, 0, 0
L 350, 430, 18, 332, 443, 18, 0, 0, 0
L 406, 379, 18, 350, 430, 18, 0, 0, 0
L 414, 370, 18, 406, 379, 18, 0, 0, 0
L 422, 363, 18, 414, 370, 18, 0, 0, 0
L 423, 361, 18, 422, 363, 18, 0, 0, 0
L 430, 352, 18, 423, 361, 18, 0, 0, 0
L 445, 329, 18, 430, 352, 18, 0, 0, 0
L 477, 284, 18, 445, 329, 18, 0, 0, 0
L 483, 274, 18, 477, 284, 18, 0, 0, 0
L 490, 263, 18, 483, 274, 18, 0, 0, 0
L 528, 176, 18, 490, 263, 18, 0, 0, 0
L 532, 162, 18, 528, 176, 18, 0, 0, 0
L 553, 64, 18, 532, 162, 18, 0, 0, 0
L 556, -45, 18, 553, 64, 18, 0, 0, 0
L 542, -130, 18, 556, -45, 18, 0, 0, 0
L 537, -151, 18, 542, -130, 18, 0, 0, 0
L 534, -161, 18, 537, -151, 18, 0, 0, 0
L 526, -178, 18, 534, -161, 18, 0, 0, 0
L 512, -219, 18, 526, -178, 18, 0, 0, 0
L 496, -255, 18, 512, -219, 18, 0, 0, 0
L 491, -264, 18, 496, -255, 18, 0, 0, 0
L 455, -321, 18, 491, -264, 18, 0, 0, 0
L 433, -352, 18, 455, -321, 18, 0, 0, 0
L 404, -384, 18, 433, -352, 18, 0, 0, 0
L 367, -420, 18, 404, -384, 18, 0, 0, 0
L 347, -438, 18, 367, -420, 18, 0, 0, 0
L 345, -439, 18, 347, -438, 18, 0, 0, 0
L 337, -445, 18, 345, -439, 18, 0, 0, 0
L 308, -463, 18, 337, -445, 18, 0, 0, 0
L 287, -478, 18, 308, -463, 18, 0, 0, 0
L 265, -492, 18, 287, -478, 18, 0, 0, 0
L 230, -507, 18, 265, -492, 18, 0, 0, 0
L 210, -515, 18, 230, -507, 18, 0, 0, 0
L 186, -527, 18, 210, -515, 18, 0, 0, 0
L 176, -530, 18, 186, -527, 18, 0, 0, 0
L 165, -534, 18, 176, -530, 18, 0, 0, 0
L 103, -547, 18, 165, -534, 18, 0, 0, 0
L 87, -550, 18, 103, -547, 18, 0, 0, 0
L 69, -555, 18, 87, -550, 18, 0, 0, 0
L 58, -557, 18, 69, -555, 18, 0, 0, 0
L 22, -557, 18, 58, -557, 18, 0, 0, 0
L 3, -576, 12, 4, -576, 12, 0, 0, 0
L 7, -578, 12, 8, -576, 12, 0, 0, 0
L 7, -555, 14, 7, -578, 12, 0, 0, 0
L 7, -554, 14, 7, -555, 14, 0, 0, 0
L 8, -552, 14, 7, -554, 14, 0, 0, 0
L 11, -551, 14, 8, -552, 14, 0, 0, 0
L 22, -551, 14, 11, -551, 14, 0, 0, 0
L 22, -555, 14, 22, -551, 14, 0, 0, 0
L -21, -553, 14, -21, -555, 14, 0, 0, 0
L -19, -551, 14, -21, -553, 14, 0, 0, 0
L -6, -551, 14, -19, -551, 14, 0, 0, 0
L -6, -576, 12, -6, -551, 14, 0, 0, 0
L -7, -577, 12, -6, -576, 12, 0, 0, 0
L -7, -579, 12, -7, -577, 12, 0, 0, 0
L 72, -37, -10, 73, -41, -10, 0, 0, 0
L 72, -36, -10, 72, -37, -10, 0, 0, 0
L 71, -35, -10, 72, -36, -10, 0, 0, 0
L 71, -34, -10, 71, -35, -10, 0, 0, 0
L 69, -32, -10, 71, -34, -10, 0, 0, 0
L 67, -29, -10, 69, -32, -10, 0, 0, 0
L 66, -28, -9, 67, -29, -10, 0, 0, 0
L 41, -5, -10, 66, -28, -9, 0, 0, 0
L 27, 1, -10, 41, -5, -10, 0, 0, 0
L 7, 7, -10, 27, 1, -10, 0, 0, 0
L 2, 7, -10, 7, 7, -10, 0, 0, 0
L -20, 6, -10, 2, 7, -10, 0, 0, 0
L -37, 1, -10, -20, 6, -10, 0, 0, 0
L -70, -139, -10, -66, -142, -10, 0, 0, 0
L -72, -137, -10, -70, -139, -10, 0, 0, 0
L -84, -113, -10, -72, -137, -10, 0, 0, 0
L -85, -109, -10, -84, -113, -10, 0, 0, 0
L -89, -88, -10, -85, -109, -10, 0, 0, 0
L -89, -76, -10, -89, -88, -10, 0, 0, 0
L -89, -72, -8, -89, -76, -10, 0, 0, 0
L -89, -70, -8, -89, -72, -8, 0, 0, 0
L -88, -65, -10, -89, -70, -8, 0, 0, 0
L -88, -63, -10, -88, -65, -10, 0, 0, 0
L -83, -44, -10, -88, -63, -10, 0, 0, 0
L -80, -35, -10, -83, -44, -10, 0, 0, 0
L -78, -32, -10, -80, -35, -10, 0, 0, 0
L -71, -23, -10, -78, -32, -10, 0, 0, 0
L -64, -15, -10, -71, -23, -10, 0, 0, 0
L -61, -13, -10, -64, -15, -10, 0, 0, 0
L -59, -11, -10, -61, -13, -10, 0, 0, 0
L -52, -6, -10, -59, -11, -10, 0, 0, 0
L -32, 4, -10, -52, -6, -10, 0, 0, 0
L -15, 9, -10, -32, 4, -10, 0, 0, 0
L 3, 15, -10, -15, 9, -10, 0, 0, 0
L 8, 13, -10, 3, 15, -10, 0, 0, 0
L 11, 11, -10, 8, 13, -10, 0, 0, 0
L 28, 1, -10, 11, 11, -10, 0, 0, 0
L 36, -4, -8, 28, 1, -10, 0, 0, 0
L 51, -15, -8, 36, -4, -8, 0, 0, 0
L 58, -20, -10, 51, -15, -8, 0, 0, 0
L 61, -22, -10, 58, -20, -10, 0, 0, 0
L 69, -30, -10, 61, -22, -10, 0, 0, 0
L 76, -40, -10, 69, -30, -10, 0, 0, 0
L 77, -43, -10, 76, -40, -10, 0, 0, 0
L 82, -56, -10, 77, -43, -10, 0, 0, 0
L 83, -60, -10, 82, -56, -10, 0, 0, 0
L 84, -62, -10, 83, -60, -10, 0, 0, 0
L 84, -87, -10, 84, -62, -10, 0, 0, 0
L 83, -92, -10, 84, -87, -10, 0, 0, 0
L 79, -106, -10, 83, -92, -10, 0, 0, 0
L 75, -117, -10, 79, -106, -10, 0, 0, 0
L 72, -124, -10, 75, -117, -10, 0, 0, 0
L 70, -127, -10, 72, -124, -10, 0, 0, 0
L 66, -131, -10, 70, -127, -10, 0, 0, 0
L 45, -154, -10, 66, -131, -10, 0, 0, 0
L 43, -155, -10, 45, -154, -10, 0, 0, 0
L 41, -157, -10, 43, -155, -10, 0, 0, 0
L 38, -159, -10, 41, -157, -10, 0, 0, 0
L 34, -160, -10, 38, -159, -10, 0, 0, 0
L 27, -163, -10, 34, -160, -10, 0, 0, 0
L 10, -166, -10, 27, -163, -10, 0, 0, 0
L -4, -167, -10, 10, -166, -10, 0, 0, 0
L -24, -165, -10, -4, -167, -10, 0, 0, 0
L -27, -164, -10, -24, -165, -10, 0, 0, 0
L -32, -163, -10, -27, -164, -10, 0, 0, 0
L -40, -159, -10, -32, -163, -10, 0, 0, 0
L -43, -158, -10, -40, -159, -10, 0, 0, 0
L -65, -145, -10, -43, -158, -10, 0, 0, 0
L -69, -142, -10, -65, -145, -10, 0, 0, 0
L -73, -136, -10, -69, -142, -10, 0, 0, 0
L -81, -121, -10, -73, -136, -10, 0, 0, 0
L -86, -110, -10, -81, -121, -10, 0, 0, 0
L -91, -92, -10, -86, -110, -10, 0, 0, 0
L -147, 1087, 47, -4, 1101, 47, 0, 0, 0
L -4, 1101, 47, 214, 1080, 47, 0, 0, 0
L 214, 1080, 47, 266, 1064, 47, 0, 0, 0
L 266, 1063, 47, 315, 1045, 47, 0, 0, 0
L 315, 1045, 47, 317, 1045, 47, 0, 0, 0
L 317, 1045, 47, 319, 1044, 47, 0, 0, 0
L 319, 1044, 47, 336, 1043, 47, 0, 0, 0
L 336, 1043, 47, 422, 1017, 47, 0, 0, 0
L 422, 1017, 47, 612, 915, 47, 0, 0, 0
L 612, 915, 47, 620, 909, 47, 0, 0, 0
L 620, 909, 47, 782, 776, 47, 0, 0, 0
L 782, 776, 47, 783, 775, 47, 0, 0, 0
L 783, 775, 47, 784, 774, 48, 0, 0, 0
L 784, 774, 48, 854, 690, 48, 0, 0, 0
L 854, 690, 48, 853, 691, 48, 0, 0, 0
L 853, 691, 48, 853, 690, 47, 0, 0, 0
L 853, 690, 47, 870, 670, 48, 0, 0, 0
L 870, 670, 48, 876, 663, 48, 0, 0, 0
L 876, 663, 48, 881, 655, 47, 0, 0, 0
L 881, 655, 47, 890, 644, 47, 0, 0, 0
L 890, 644, 47, 898, 635, 47, 0, 0, 0
L 898, 635, 47, 914, 617, 48, 0, 0, 0
L 914, 617, 48, 920, 610, 47, 0, 0, 0
L 920, 610, 47, 922, 607, 48, 0, 0, 0
L 922, 607, 48, 950, 555, 48, 0, 0, 0
L 950, 555, 48, 959, 537, 47, 0, 0, 0
L 959, 537, 47, 969, 520, 48, 0, 0, 0
L 969, 520, 48, 995, 470, 48, 0, 0, 0
L 995, 470, 48, 1005, 449, 47, 0, 0, 0
L 1005, 449, 47, 1023, 417, 47, 0, 0, 0
L 1023, 417, 47, 1023, 415, 48, 0, 0, 0
L 1023, 415, 48, 1025, 413, 48, 0, 0, 0
L 1025, 413, 48, 1025, 412, 48, 0, 0, 0
L 1025, 412, 48, 1032, 383, 47, 0, 0, 0
L 1032, 383, 47, 1033, 381, 47, 0, 0, 0
L 1033, 381, 47, 1038, 364, 47, 0, 0, 0
L 1038, 364, 47, 1065, 279, 48, 0, 0, 0
L 1065, 279, 48, 1069, 262, 47, 0, 0, 0
L 1069, 262, 47, 1076, 238, 47, 0, 0, 0
L 1076, 238, 47, 1083, 220, 49, 0, 0, 0
L 1083, 220, 49, 1085, 214, 49, 0, 0, 0
L 1085, 214, 49, 1086, 207, 48, 0, 0, 0
L 1086, 207, 48, 1088, 194, 48, 0, 0, 0
L 1088, 194, 48, 1092, 149, 48, 0, 0, 0
L 1092, 149, 48, 1094, 135, 48, 0, 0, 0
L 1094, 135, 48, 1107, -2, 48, 0, 0, 0
L 1107, -2, 48, 1107, -11, 48, 0, 0, 0
L 1107, -11, 48, 1104, -25, 47, 0, 0, 0
L 1104, -25, 47, 1102, -35, 47, 0, 0, 0
L 1102, -35, 47, 1102, -50, 47, 0, 0, 0
L 1102, -50, 47, 1101, -69, 47, 0, 0, 0
L 1101, -69, 47, 1097, -120, 48, 0, 0, 0
L 1097, -120, 48, 1093, -150, 47, 0, 0, 0
L 1093, -150, 47, 1091, -182, 48, 0, 0, 0
L 1091, -182, 48, 1085, -225, 47, 0, 0, 0
L 1085, -225, 47, 1084, -229, 47, 0, 0, 0
L 1084, -229, 47, 1071, -271, 47, 0, 0, 0
L 1071, -271, 47, 1045, -363, 48, 0, 0, 0
L 1045, -363, 48, 1023, -433, 47, 0, 0, 0
L 1023, -433, 47, 1004, -469, 48, 0, 0, 0
L 1004, -469, 48, 950, -570, 48, 0, 0, 0
L 950, -570, 48, 921, -623, 47, 0, 0, 0
L 921, -623, 47, 916, -631, 47, 0, 0, 0
L 916, -631, 47, 911, -638, 48, 0, 0, 0
L 911, -638, 48, 803, -769, 48, 0, 0, 0
L 803, -769, 48, 795, -777, 48, 0, 0, 0
L 795, -777, 48, 775, -800, 48, 0, 0, 0
L 775, -800, 48, 773, -801, 48, 0, 0, 0
L 773, -801, 48, 759, -813, 48, 0, 0, 0
L 759, -813, 48, 719, -843, 48, 0, 0, 0
L 719, -843, 48, 707, -853, 48, 0, 0, 0
L 707, -853, 48, 695, -865, 48, 0, 0, 0
L 695, -865, 48, 685, -874, 48, 0, 0, 0
L 685, -874, 48, 677, -880, 48, 0, 0, 0
L 677, -880, 48, 658, -895, 48, 0, 0, 0
L 658, -895, 48, 627, -922, 48, 0, 0, 0
L 627, -922, 48, 608, -934, 48, 0, 0, 0
L 608, -934, 48, 599, -940, 48, 0, 0, 0
L 599, -940, 48, 422, -1035, 48, 0, 0, 0
L 422, -1035, 48, 220, -1093, 48, 0, 0, 0
L 220, -1093, 48, 216, -1093, 48, 0, 0, 0
L 216, -1093, 48, 202, -1092, 48, 0, 0, 0
L 202, -1092, 48, 190, -1092, 48, 0, 0, 0
L 190, -1092, 48, 188, -1093, 48, 0, 0, 0
L 188, -1093, 48, 185, -1094, 48, 0, 0, 0
L 185, -1094, 48, 179, -1099, 48, 0, 0, 0
L 179, -1099, 48, -1, -1116, 48, 0, 0, 0
L -1, -1116, 48, -69, -1110, 48, 0, 0, 0
L -69, -1110, 48, -221, -1095, 48, 0, 0, 0
L -221, -1095, 48, -429, -1034, 48, 0, 0, 0
L -429, -1034, 48, -619, -934, 49, 0, 0, 0
L -619, -934, 49, -621, -933, 48, 0, 0, 0
L -621, -933, 48, -638, -917, 48, 0, 0, 0
L -638, -917, 48, -649, -908, 48, 0, 0, 0
L -649, -908, 48, -650, -908, 48, 0, 0, 0
L -650, -908, 48, -657, -904, 49, 0, 0, 0
L -657, -904, 49, -705, -864, 49, 0, 0, 0
L -705, -864, 49, -731, -842, 48, 0, 0, 0
L -731, -842, 48, -785, -799, 49, 0, 0, 0
L -785, -799, 49, -787, -797, 49, 0, 0, 0
L -787, -797, 49, -787, -797, 48, 0, 0, 0
L -787, -797, 48, -794, -789, 48, 0, 0, 0
L -794, -789, 48, -802, -779, 48, 0, 0, 0
L -802, -779, 48, -823, -752, 47, 0, 0, 0
L -823, -752, 47, -852, -716, 47, 0, 0, 0
L -852, -716, 47, -883, -680, 48, 0, 0, 0
L -883, -680, 48, -926, -626, 47, 0, 0, 0
L -926, -626, 47, -928, -624, 47, 0, 0, 0
L -928, -624, 47, -933, -616, 48, 0, 0, 0
L -933, -616, 48, -949, -584, 48, 0, 0, 0
L -949, -584, 48, -952, -580, 48, 0, 0, 0
L -952, -580, 48, -989, -510, 48, 0, 0, 0
L -989, -510, 48, -1004, -482, 47, 0, 0, 0
L -1004, -482, 47, -1010, -471, 48, 0, 0, 0
L -1010, -471, 48, -1021, -450, 48, 0, 0, 0
L -1021, -450, 48, -1030, -433, 47, 0, 0, 0
L -1030, -433, 47, -1030, -432, 48, 0, 0, 0
L -1030, -432, 48, -1031, -431, 48, 0, 0, 0
L -1031, -431, 48, -1031, -430, 48, 0, 0, 0
L -1031, -430, 48, -1033, -425, 48, 0, 0, 0
L -1033, -425, 48, -1068, -304, 47, 0, 0, 0
L -1068, -304, 47, -1092, -225, 47, 0, 0, 0
L -1092, -225, 47, -1093, -223, 47, 0, 0, 0
L -1093, -223, 47, -1095, -213, 48, 0, 0, 0
L -1095, -213, 48, -1114, -16, 48, 0, 0, 0
L -1114, -16, 48, -1114, 5, 48, 0, 0, 0
L -1114, 5, 48, -1094, 208, 49, 0, 0, 0
L -1094, 208, 49, -1093, 209, 49, 0, 0, 0
L -1093, 209, 49, -1030, 417, 48, 0, 0, 0
L -1030, 417, 48, -928, 609, 48, 0, 0, 0
L -928, 609, 48, -790, 776, 48, 0, 0, 0
L -790, 776, 48, -781, 783, 47, 0, 0, 0
L -781, 783, 47, -621, 914, 47, 0, 0, 0
L -621, 914, 47, -429, 1016, 47, 0, 0, 0
L -429, 1016, 47, -220, 1080, 47, 0, 0, 0
L -220, 1080, 47, -4, 1101, 47, 0, 0, 0
L -4, 1101, 47, 211, 1080, 47, 0, 0, 0
L 83, 1007, 47, 82, 1011, 47, 0, 0, 0
L 82, 1011, 47, 81, 1013, 47, 0, 0, 0
L 81, 1013, 47, 77, 1013, 47, 0, 0, 0
L 77, 1013, 47, 76, 1014, 47, 0, 0, 0
L 76, 1014, 47, 74, 1014, 47, 0, 0, 0
L 74, 1014, 47, 68, 1012, 47, 0, 0, 0
L 68, 1012, 47, 65, 1006, 47, 0, 0, 0
L 65, 1006, 47, 65, 1005, 47, 0, 0, 0
L 65, 1005, 47, 66, 1001, 47, 0, 0, 0
L 66, 1001, 47, 67, 999, 47, 0, 0, 0
L 67, 999, 47, 68, 998, 47, 0, 0, 0
L 68, 998, 47, 75, 995, 47, 0, 0, 0
L 75, 995, 47, 81, 998, 47, 0, 0, 0
L 81, 998, 47, 84, 1004, 47, 0, 0, 0
L 84, 1004, 47, 83, 1006, 47, 0, 0, 0
L 83, 1006, 47, 82, 1011, 47, 0, 0, 0
L 82, 1011, 47, 80, 1012, 47, 0, 0, 0
L 817, 518, 47, 814, 512, 47, 0, 0, 0
L 814, 512, 47, 815, 510, 47, 0, 0, 0
L 815, 510, 47, 816, 507, 47, 0, 0, 0
L 816, 507, 47, 817, 506, 47, 0, 0, 0
L 817, 506, 47, 825, 503, 47, 0, 0, 0
L 825, 503, 47, 826, 504, 47, 0, 0, 0
L 826, 504, 47, 831, 506, 47, 0, 0, 0
L 831, 506, 47, 833, 512, 47, 0, 0, 0
L 833, 512, 47, 831, 518, 47, 0, 0, 0
L 831, 518, 47, 830, 519, 47, 0, 0, 0
L 830, 519, 47, 828, 520, 47, 0, 0, 0
L 828, 520, 47, 827, 521, 47, 0, 0, 0
L 827, 521, 47, 825, 522, 47, 0, 0, 0
L 825, 522, 47, 819, 520, 47, 0, 0, 0
L 819, 520, 47, 818, 519, 47, 0, 0, 0
L 818, 519, 47, 816, 519, 47, 0, 0, 0
L 816, 519, 47, 816, 515, 47, 0, 0, 0
L 816, 515, 47, 815, 514, 47, 0, 0, 0
L 815, 514, 47, 815, 511, 47, 0, 0, 0
L 729, -687, 47, 726, -688, 47, 0, 0, 0
L 726, -688, 47, 722, -690, 47, 0, 0, 0
L 722, -690, 47, 721, -691, 47, 0, 0, 0
L 721, -691, 47, 719, -696, 47, 0, 0, 0
L 719, -696, 47, 721, -703, 47, 0, 0, 0
L 721, -703, 47, 728, -706, 47, 0, 0, 0
L 728, -706, 47, 733, -704, 47, 0, 0, 0
L 733, -704, 47, 735, -703, 47, 0, 0, 0
L 735, -703, 47, 736, -701, 47, 0, 0, 0
L 736, -701, 47, 736, -700, 47, 0, 0, 0
L 736, -700, 47, 737, -698, 47, 0, 0, 0
L 737, -698, 47, 737, -696, 47, 0, 0, 0
L 737, -696, 47, 735, -691, 47, 0, 0, 0
L 735, -691, 47, 734, -689, 47, 0, 0, 0
L 734, -689, 47, 732, -689, 47, 0, 0, 0
L 732, -689, 47, 729, -687, 47, 0, 0, 0
L 729, -687, 47, 726, -688, 47, 0, 0, 0
L 133, -681, 47, 129, -682, 47, 0, 0, 0
L 129, -682, 47, 81, -687, 47, 0, 0, 0
L 81, -687, 47, 82, -697, 47, 0, 0, 0
L 82, -697, 47, 84, -697, 47, 0, 0, 0
L 84, -697, 47, 86, -698, 47, 0, 0, 0
L 86, -698, 47, 87, -699, 47, 0, 0, 0
L 87, -699, 47, 86, -703, 47, 0, 0, 0
L 86, -703, 47, 86, -710, 47, 0, 0, 0
L 86, -710, 47, 84, -710, 47, 0, 0, 0
L 84, -710, 47, 82, -709, 47, 0, 0, 0
L 82, -709, 47, 72, -710, 47, 0, 0, 0
L 72, -710, 47, 69, -710, 47, 0, 0, 0
L 69, -710, 47, 69, -708, 47, 0, 0, 0
L 69, -708, 47, 68, -689, 47, 0, 0, 0
L 68, -689, 47, 68, -681, 47, 0, 0, 0
L 68, -681, 47, 69, -680, 47, 0, 0, 0
L 69, -680, 47, 71, -679, 49, 0, 0, 0
L 71, -679, 49, 70, -670, 49, 0, 0, 0
L 70, -670, 49, 69, -668, 49, 0, 0, 0
L 69, -668, 49, 67, -667, 47, 0, 0, 0
L 67, -667, 47, 67, -664, 47, 0, 0, 0
L 67, -664, 47, 66, -646, 39, 0, 0, 0
L 66, -646, 39, 67, -604, 27, 0, 0, 0
L 67, -604, 27, 65, -604, 27, 0, 0, 0
L 65, -604, 27, 35, -604, 22, 0, 0, 0
L 35, -604, 22, 28, -604, 19, 0, 0, 0
L 28, -604, 19, 26, -604, 19, 0, 0, 0
L 26, -604, 19, 23, -604, 17, 0, 0, 0
L 23, -604, 17, 21, -604, 17, 0, 0, 0
L 21, -604, 17, 19, -604, 15, 0, 0, 0
L 19, -604, 15, 9, -604, 12, 0, 0, 0
L 9, -604, 12, 7, -603, 12, 0, 0, 0
L 7, -603, 12, 8, -600, 12, 0, 0, 0
L 8, -600, 12, 8, -577, 12, 0, 0, 0
L -7, -577, 12, -6, -619, 12, 0, 0, 0
L -6, -619, 12, -5, -619, 12, 0, 0, 0
L -5, -619, 12, 50, -618, 27, 0, 0, 0
L 50, -618, 27, 51, -619, 27, 0, 0, 0
L 51, -619, 27, 51, -621, 28, 0, 0, 0
L 51, -621, 28, 51, -627, 30, 0, 0, 0
L 51, -627, 30, 51, -629, 31, 0, 0, 0
L 51, -629, 31, 52, -635, 33, 0, 0, 0
L 52, -635, 33, 52, -637, 34, 0, 0, 0
L 52, -637, 34, 53, -650, 40, 0, 0, 0
L 53, -650, 40, 53, -652, 41, 0, 0, 0
L 53, -652, 41, 54, -657, 42, 0, 0, 0
L 54, -657, 42, 54, -658, 43, 0, 0, 0
L 54, -658, 43, 54, -663, 45, 0, 0, 0
L 54, -663, 45, 55, -665, 46, 0, 0, 0
L 55, -665, 46, 54, -669, 47, 0, 0, 0
L 54, -669, 47, 52, -670, 49, 0, 0, 0
L 52, -670, 49, 53, -679, 49, 0, 0, 0
L 53, -679, 49, 54, -681, 49, 0, 0, 0
L 54, -681, 49, 55, -681, 47, 0, 0, 0
L 55, -681, 47, 56, -683, 47, 0, 0, 0
L 56, -683, 47, 56, -685, 47, 0, 0, 0
L 56, -685, 47, 57, -686, 47, 0, 0, 0
L 57, -686, 47, 58, -688, 47, 0, 0, 0
L 58, -688, 47, 58, -690, 48, 0, 0, 0
L 58, -690, 48, 58, -691, 47, 0, 0, 0
L 58, -691, 47, 58, -694, 47, 0, 0, 0
L 58, -694, 47, 59, -709, 47, 0, 0, 0
L 59, -709, 47, 59, -711, 47, 0, 0, 0
L 59, -711, 47, 57, -712, 47, 0, 0, 0
L 57, -712, 47, 44, -713, 47, 0, 0, 0
L 44, -713, 47, 43, -711, 47, 0, 0, 0
L 43, -711, 47, 42, -710, 47, 0, 0, 0
L 42, -710, 47, 42, -709, 47, 0, 0, 0
L 42, -709, 47, 43, -707, 47, 0, 0, 0
L 43, -707, 47, 43, -700, 47, 0, 0, 0
L 43, -700, 47, 45, -699, 47, 0, 0, 0
L 45, -699, 47, 44, -691, 47, 0, 0, 0
L 44, -691, 47, 43, -691, 47, 0, 0, 0
L 43, -691, 47, 5, -695, 47, 0, 0, 0
L 5, -695, 47, -5, -695, 47, 0, 0, 0
L -5, -695, 47, -138, -682, 47, 0, 0, 0
L -138, -682, 47, -140, -681, 47, 0, 0, 0
L -140, -681, 47, -267, -643, 47, 0, 0, 0
L -267, -643, 47, -384, -580, 47, 0, 0, 0
L -384, -580, 47, -489, -494, 47, 0, 0, 0
L -489, -494, 47, -490, -492, 47, 0, 0, 0
L -490, -492, 47, -574, -389, 47, 0, 0, 0
L -574, -389, 47, -575, -388, 47, 0, 0, 0
L -575, -388, 47, -639, -270, 47, 0, 0, 0
L -639, -270, 47, -639, -269, 47, 0, 0, 0
L -639, -269, 47, -677, -142, 47, 0, 0, 0
L -677, -142, 47, -690, -13, 47, 0, 0, 0
L -690, -13, 47, -690, 1, 47, 0, 0, 0
L -690, 1, 47, -677, 125, 47, 0, 0, 0
L -677, 125, 47, -638, 255, 47, 0, 0, 0
L -638, 255, 47, -637, 256, 47, 0, 0, 0
L -637, 256, 47, -575, 373, 47, 0, 0, 0
L -575, 373, 47, -488, 478, 47, 0, 0, 0
L -488, 478, 47, -484, 481, 47, 0, 0, 0
L -484, 481, 47, -437, 520, 47, 0, 0, 0
L -437, 520, 47, -438, 522, 47, 0, 0, 0
L -438, 522, 47, -429, 527, 47, 0, 0, 0
L -429, 527, 47, -401, 550, 47, 0, 0, 0
L -401, 550, 47, -402, 552, 47, 0, 0, 0
L -402, 552, 47, -391, 558, 47, 0, 0, 0
L -417, 537, 47, -418, 539, 47, 0, 0, 0
L -418, 539, 47, -415, 539, 47, 0, 0, 0
L -415, 539, 47, -411, 541, 47, 0, 0, 0
L -411, 541, 47, -383, 565, 47, 0, 0, 0
L -383, 565, 47, -378, 567, 47, 0, 0, 0
L -378, 567, 47, -265, 627, 47, 0, 0, 0
L -265, 627, 47, -262, 627, 47, 0, 0, 0
L -262, 627, 47, -137, 665, 47, 0, 0, 0
L -137, 665, 47, -134, 665, 47, 0, 0, 0
L -134, 665, 47, -131, 666, 48, 0, 0, 0
L -131, 666, 48, -131, 667, 48, 0, 0, 0
L -131, 667, 48, -131, 673, 51, 0, 0, 0
L -131, 673, 51, -131, 688, 51, 0, 0, 0
L -131, 688, 51, -134, 726, 51, 0, 0, 0
L -134, 726, 51, -137, 747, 51, 0, 0, 0
L -137, 747, 51, -137, 751, 51, 0, 0, 0
L -137, 751, 51, -138, 752, 50, 0, 0, 0
L -138, 752, 50, -138, 758, 47, 0, 0, 0
L -138, 758, 47, -140, 768, 47, 0, 0, 0
L -140, 768, 47, -141, 768, 47, 0, 0, 0
L -141, 768, 47, -143, 769, 47, 0, 0, 0
L -143, 769, 47, -144, 775, 47, 0, 0, 0
L -144, 775, 47, -143, 780, 47, 0, 0, 0
L -143, 780, 47, -132, 782, 47, 0, 0, 0
L -132, 782, 47, -129, 779, 47, 0, 0, 0
L -129, 779, 47, -129, 777, 47, 0, 0, 0
L -129, 777, 47, -128, 772, 47, 0, 0, 0
L -128, 772, 47, -128, 768, 45, 0, 0, 0
L -128, 768, 45, -128, 766, 45, 0, 0, 0
L -128, 766, 45, -127, 762, 43, 0, 0, 0
L -127, 762, 43, -127, 757, 41, 0, 0, 0
L -127, 757, 41, -125, 742, 32, 0, 0, 0
L -125, 742, 32, -124, 732, 26, 0, 0, 0
L -124, 732, 26, -124, 728, 25, 0, 0, 0
L -124, 728, 25, -124, 725, 22, 0, 0, 0
L -124, 725, 22, -122, 711, 13, 0, 0, 0
L -122, 711, 13, -122, 707, 12, 0, 0, 0
L -122, 707, 12, -122, 704, 9, 0, 0, 0
L -122, 704, 9, -122, 700, 7, 0, 0, 0
L -122, 700, 7, -121, 696, 6, 0, 0, 0
L -121, 696, 6, -121, 692, 3, 0, 0, 0
L -121, 692, 3, -120, 685, -1, 0, 0, 0
L -120, 685, -1, -120, 681, -2, 0, 0, 0
L -120, 681, -2, -120, 675, -4, 0, 0, 0
L -120, 675, -4, -121, 674, -2, 0, 0, 0
L -121, 674, -2, -121, 668, -2, 0, 0, 0
L -121, 668, -2, -108, 669, -2, 0, 0, 0
L -108, 669, -2, -102, 670, -4, 0, 0, 0
L -102, 670, -4, -65, 668, -19, 0, 0, 0
L -65, 668, -19, -64, 603, -18, 0, 0, 0
L -64, 603, -8, -64, 585, -6, 0, 0, 0
L -64, 585, -6, -64, 576, -4, 0, 0, 0
L -64, 576, -4, -62, 576, -3, 0, 0, 0
L -62, 576, -3, -50, 574, -6, 0, 0, 0
L -50, 574, -6, -46, 574, -6, 0, 0, 0
L -46, 574, -6, -39, 574, -3, 0, 0, 0
L -39, 574, -3, -29, 574, 2, 0, 0, 0
L -29, 574, 2, -29, 576, 2, 0, 0, 0
L -29, 576, 2, -27, 575, 2, 0, 0, 0
L -27, 575, 2, -18, 574, 6, 0, 0, 0
L -18, 574, 6, -16, 574, 7, 0, 0, 0
L -16, 574, 7, -13, 574, 8, 0, 0, 0
L -13, 574, 8, -13, 576, 9, 0, 0, 0
L -13, 576, 9, -11, 576, 9, 0, 0, 0
L -11, 576, 9, -10, 576, 10, 0, 0, 0
L -10, 576, 10, -9, 575, 10, 0, 0, 0
L -9, 575, 10, -7, 574, 11, 0, 0, 0
L -7, 574, 11, -5, 574, 11, 0, 0, 0
L -5, 574, 11, -4, 573, 11, 0, 0, 0
L 10, 574, 11, 9, 586, 11, 0, 0, 0
L 9, 586, 11, 8, 586, 11, 0, 0, 0
L 2, 589, 11, -26, 589, 5, 0, 0, 240
L -26, 589, 5, -51, 589, -6, 0, 0, 0
L -51, 589, -6, -53, 589, -6, 0, 0, 0
L -53, 589, -6, -53, 592, -6, 0, 0, 0
L -53, 592, -6, -52, 599, -9, 0, 0, 0
L -52, 599, -9, -53, 599, -9, 0, 0, 0
L -53, 599, -9, -53, 601, -9, 0, 0, 0
L -53, 601, -9, -53, 604, -10, 0, 0, 0
L -53, 604, -10, -52, 607, -12, 0, 0, 0
L -52, 607, -12, -52, 609, -12, 0, 0, 0
L -52, 609, -12, -52, 626, -19, 0, 0, 0
L -52, 626, -19, -42, 626, -19, 0, 0, 0
L -42, 626, -19, -8, 628, -19, 0, 0, 0
L -8, 628, -19, -6, 629, -19, 0, 0, 0
L -6, 629, -19, -5, 630, -19, 0, 0, 0
L -5, 630, -19, -3, 625, -19, 0, 0, 0
L -3, 625, -19, -2, 615, -19, 0, 0, 0
L -2, 615, -19, -3, 611, -19, 0, 0, 0
L -3, 611, -19, -4, 608, -19, 0, 0, 0
L -4, 608, -19, -4, 550, -19, 0, 0, 0
L -4, 550, -19, -1, 550, -19, 0, 0, 0
L -1, 550, -19, -3, 541, -19, 0, 0, 0
L -3, 541, -19, -4, 538, -18, 0, 0, 0
L -4, 538, -18, -4, 534, -18, 0, 0, 0
L -4, 534, -18, -4, 512, -13, 0, 0, 0
L -4, 512, -13, -3, 515, -13, 0, 0, 0
L -3, 515, -13, -3, 518, -14, 0, 0, 0
L 8, 525, -15, 9, 534, -16, 0, 0, 0
L 9, 534, -16, 9, 631, -19, 0, 0, 0
L 9, 631, -19, 11, 631, -18, 0, 0, 0
L 11, 631, -18, 11, 634, -17, 0, 0, 0
L 11, 634, -17, 11, 639, -17, 0, 0, 0
L 11, 639, -17, 10, 639, -17, 0, 0, 0
L 10, 639, -17, 8, 638, -14, 0, 0, 0
L 8, 638, -14, 8, 640, -14, 0, 0, 0
L 8, 640, -14, 6, 641, -16, 0, 0, 0
L 6, 641, -16, 4, 641, -17, 0, 0, 0
L 4, 641, -17, 4, 639, -17, 0, 0, 0
L 4, 639, -17, 3, 640, -18, 0, 0, 0
L 3, 640, -18, 1, 641, -17, 0, 0, 0
L 1, 641, -17, -3, 641, -17, 0, 0, 0
L -3, 641, -17, -3, 639, -18, 0, 0, 0
L -3, 639, -18, -4, 639, -19, 0, 0, 0
L -4, 639, -19, -6, 638, -19, 0, 0, 0
L -6, 638, -19, -9, 638, -19, 0, 0, 0
L -9, 638, -19, -10, 641, -19, 0, 0, 0
L -10, 641, -19, -10, 657, -19, 0, 0, 0
L -21, 650, -19, -22, 639, -19, 0, 0, 0
L -22, 639, -19, -23, 638, -19, 0, 0, 0
L -23, 638, -19, -34, 639, -19, 0, 0, 0
L -34, 639, -19, -47, 639, -19, 0, 0, 0
L -47, 639, -19, -48, 638, -19, 0, 0, 0
L -48, 638, -19, -53, 638, -19, 0, 0, 0
L -53, 638, -19, -52, 652, -19, 0, 0, 0
L -52, 652, -19, -52, 661, -19, 0, 0, 0
L -52, 661, -19, -53, 683, -19, 0, 0, 0
L -53, 683, -19, -54, 683, -19, 0, 0, 0
L -54, 683, -19, -85, 684, -12, 0, 0, 0
L -85, 684, -12, -105, 684, -4, 0, 0, 0
L -105, 684, -4, -106, 685, -4, 0, 0, 0
L -106, 685, -4, -106, 687, -3, 0, 0, 0
L -106, 687, -3, -107, 693, -0, 0, 0, 0
L -107, 693, -0, -107, 695, 1, 0, 0, 0
L -107, 695, 1, -108, 700, 4, 0, 0, 0
L -108, 700, 4, -108, 706, 7, 0, 0, 0
L -108, 706, 7, -109, 712, 10, 0, 0, 0
L -109, 712, 10, -109, 714, 10, 0, 0, 0
L -109, 714, 10, -110, 720, 15, 0, 0, 0
L -110, 720, 15, -110, 721, 15, 0, 0, 0
L -110, 721, 15, -110, 727, 20, 0, 0, 0
L -110, 727, 20, -112, 741, 28, 0, 0, 0
L -112, 741, 28, -112, 747, 31, 0, 0, 0
L -112, 747, 31, -113, 754, 35, 0, 0, 0
L -113, 754, 35, -113, 759, 38, 0, 0, 0
L -113, 759, 38, -114, 760, 40, 0, 0, 0
L -114, 760, 40, -114, 765, 43, 0, 0, 0
L -114, 765, 43, -114, 767, 43, 0, 0, 0
L -114, 767, 43, -115, 776, 47, 0, 0, 0
L -115, 776, 47, -116, 777, 47, 0, 0, 0
L -116, 777, 47, -116, 779, 47, 0, 0, 0
L -116, 779, 47, -115, 783, 47, 0, 0, 0
L -115, 783, 47, -109, 784, 47, 0, 0, 0
L -109, 784, 47, -101, 784, 47, 0, 0, 0
L -101, 784, 47, -100, 783, 47, 0, 0, 0
L -100, 783, 47, -100, 772, 47, 0, 0, 0
L -100, 772, 47, -102, 772, 47, 0, 0, 0
L -102, 772, 47, -103, 771, 47, 0, 0, 0
L -103, 771, 47, -103, 770, 48, 0, 0, 0
L -103, 770, 48, -103, 760, 51, 0, 0, 0
L -103, 760, 51, -103, 758, 50, 0, 0, 0
L -103, 758, 50, -102, 754, 50, 0, 0, 0
L -102, 754, 50, -102, 753, 50, 0, 0, 0
L -102, 753, 50, -101, 750, 48, 0, 0, 0
L -101, 750, 48, -101, 749, 47, 0, 0, 0
L -101, 749, 47, -101, 745, 47, 0, 0, 0
L -101, 745, 47, -99, 730, 47, 0, 0, 0
L -99, 730, 47, -95, 672, 47, 0, 0, 0
L -95, 672, 47, -94, 669, 47, 0, 0, 0
L -94, 669, 47, -3, 678, 47, 0, 0, 0
L -3, 678, 47, 131, 665, 47, 0, 0, 0
L 131, 665, 47, 259, 626, 47, 0, 0, 0
L 259, 626, 47, 379, 562, 47, 0, 0, 0
L 379, 562, 47, 380, 561, 47, 0, 0, 0
L 380, 561, 47, 483, 477, 47, 0, 0, 0
L 483, 477, 47, 568, 373, 47, 0, 0, 0
L 568, 373, 47, 631, 254, 47, 0, 0, 0
L 631, 254, 47, 670, 125, 47, 0, 0, 0
L 670, 125, 47, 683, -4, 47, 0, 0, 0
L 683, -4, 47, 670, -143, 47, 0, 0, 0
L 670, -143, 47, 669, -145, 47, 0, 0, 0
L 669, -145, 47, 631, -272, 47, 0, 0, 0
L 631, -272, 47, 567, -390, 47, 0, 0, 0
L 567, -390, 47, 481, -494, 47, 0, 0, 0
L 481, -494, 47, 377, -580, 47, 0, 0, 0
L 377, -580, 47, 277, -634, 47, 0, 0, 0
L 277, -634, 47, 276, -635, 47, 0, 0, 0
L 276, -635, 47, 262, -642, 47, 0, 0, 0
L 262, -642, 47, 260, -644, 47, 0, 0, 0
L 260, -644, 47, 138, -679, 47, 0, 0, 0
L -570, -833, 48, -574, -834, 48, 0, 0, 0
L -574, -834, 48, -576, -834, 48, 0, 0, 0
L -576, -834, 48, -577, -833, 48, 0, 0, 0
L -577, -833, 48, -581, -831, 48, 0, 0, 0
L -581, -831, 48, -582, -829, 48, 0, 0, 0
L -582, -829, 48, -584, -824, 48, 0, 0, 0
L -584, -824, 48, -583, -822, 48, 0, 0, 0
L -583, -822, 48, -582, -821, 48, 0, 0, 0
L -582, -821, 48, -581, -818, 48, 0, 0, 0
L -581, -818, 48, -579, -817, 48, 0, 0, 0
L -579, -817, 48, -574, -815, 48, 0, 0, 0
L -574, -815, 48, -572, -815, 48, 0, 0, 0
L -572, -815, 48, -568, -818, 48, 0, 0, 0
L -568, -818, 48, -566, -818, 48, 0, 0, 0
L -566, -818, 48, -566, -819, 48, 0, 0, 0
L -566, -819, 48, -565, -823, 48, 0, 0, 0
L -565, -823, 48, -565, -826, 48, 0, 0, 0
L -565, -826, 48, -567, -831, 48, 0, 0, 0
L -567, -830, 48, -569, -832, 48, 0, 0, 0
L -569, -832, 48, -573, -833, 48, 0, 0, 0
L -826, 575, 47, -827, 572, 47, 0, 0, 0
L -827, 572, 47, -828, 571, 47, 0, 0, 0
L -828, 571, 47, -830, 570, 47, 0, 0, 0
L -830, 570, 47, -834, 569, 47, 0, 0, 0
L -834, 569, 47, -840, 572, 47, 0, 0, 0
L -840, 572, 47, -841, 573, 47, 0, 0, 0
L -841, 573, 47, -842, 575, 47, 0, 0, 0
L -842, 575, 47, -843, 579, 47, 0, 0, 0
L -843, 579, 47, -840, 585, 47, 0, 0, 0
L -840, 585, 47, -838, 586, 47, 0, 0, 0
L -838, 586, 47, -833, 588, 47, 0, 0, 0
L -833, 588, 47, -825, 584, 47, 0, 0, 0
L -825, 584, 47, -826, 582, 47, 0, 0, 0
L -826, 582, 47, -825, 581, 47, 0, 0, 0
L -825, 581, 47, -825, 577, 47, 0, 0, 0
L -825, 577, 47, -827, 572, 47, 0, 0, 0
L -827, 572, 47, -828, 570, 47, 0, 0, 0
L -828, 570, 47, -831, 570, 47, 0, 0, 0
L -831, 570, 47, -833, 569, 47, 0, 0, 0
L -64, 664, -19, -64, 660, -19, 0, 0, 0
L 16, 670, 177, 43, 675, 178, 0, 0, 0
L 43, 675, 178, 64, 674, 177, 0, 0, 0
L 64, 674, 177, 66, 674, 178, 0, 0, 0
L 66, 674, 178, 74, 673, 178, 0, 0, 0
L 74, 673, 178, 158, 657, 178, 0, 0, 0
L 158, 657, 178, 166, 655, 178, 0, 0, 0
L 166, 655, 178, 172, 654, 178, 0, 0, 0
L 172, 654, 178, 173, 653, 177, 0, 0, 0
L 173, 653, 177, 178, 651, 176, 0, 0, 0
L 178, 651, 176, 196, 643, 177, 0, 0, 0
L 196, 643, 177, 225, 635, 176, 0, 0, 0
L 225, 635, 176, 254, 624, 177, 0, 0, 0
L 254, 624, 177, 311, 601, 177, 0, 0, 0
L 311, 601, 177, 312, 601, 177, 0, 0, 0
L 312, 601, 177, 320, 597, 178, 0, 0, 0
L 320, 597, 178, 329, 592, 179, 0, 0, 0
L 329, 592, 179, 334, 589, 180, 0, 0, 0
L 334, 589, 180, 336, 588, 180, 0, 0, 0
L 336, 588, 180, 365, 567, 178, 0, 0, 0
L 365, 567, 178, 389, 551, 178, 0, 0, 0
L 389, 551, 178, 397, 546, 177, 0, 0, 0
L 397, 546, 177, 422, 527, 177, 0, 0, 0
L 422, 527, 177, 435, 518, 177, 0, 0, 0
L 435, 518, 177, 436, 516, 177, 0, 0, 0
L 436, 516, 177, 438, 515, 177, 0, 0, 0
L 438, 515, 177, 452, 500, 177, 0, 0, 0
L 452, 500, 177, 460, 493, 177, 0, 0, 0
L 460, 493, 177, 473, 481, 178, 0, 0, 0
L 473, 481, 178, 518, 436, 177, 0, 0, 0
L 518, 436, 177, 540, 406, 177, 0, 0, 0
L 540, 406, 177, 587, 338, 178, 0, 0, 0
L 587, 338, 178, 596, 323, 177, 0, 0, 0
L 596, 323, 177, 598, 320, 177, 0, 0, 0
L 598, 320, 177, 599, 319, 177, 0, 0, 0
L 599, 319, 177, 607, 302, 180, 0, 0, 0
L 607, 302, 180, 611, 295, 181, 0, 0, 0
L 611, 295, 181, 613, 291, 181, 0, 0, 0
L 613, 291, 181, 613, 290, 181, 0, 0, 0
L 613, 290, 181, 614, 287, 181, 0, 0, 0
L 614, 287, 181, 614, 285, 180, 0, 0, 0
L 614, 285, 180, 616, 280, 179, 0, 0, 0
L 616, 280, 179, 618, 271, 177, 0, 0, 0
L 618, 271, 177, 618, 270, 177, 0, 0, 0
L 618, 270, 177, 622, 262, 177, 0, 0, 0
L 622, 262, 177, 628, 251, 177, 0, 0, 0
L 628, 251, 177, 628, 250, 177, 0, 0, 0
L 628, 250, 177, 629, 247, 177, 0, 0, 0
L 629, 247, 177, 631, 243, 177, 0, 0, 0
L 631, 243, 177, 638, 222, 177, 0, 0, 0
L 638, 222, 177, 645, 207, 177, 0, 0, 0
L 645, 207, 177, 652, 185, 177, 0, 0, 0
L 652, 185, 177, 653, 183, 177, 0, 0, 0
L 653, 183, 177, 659, 156, 177, 0, 0, 0
L 659, 156, 177, 677, 57, 177, 0, 0, 0
L 677, 57, 177, 677, 55, 177, 0, 0, 0
L 677, 55, 177, 677, 50, 178, 0, 0, 0
L 677, 50, 178, 677, 48, 178, 0, 0, 0
L 677, 48, 178, 678, 42, 179, 0, 0, 0
L 678, 42, 179, 678, 40, 179, 0, 0, 0
L 678, 40, 179, 678, 31, 180, 0, 0, 0
L 678, 31, 180, 678, 8, 179, 0, 0, 0
L 678, 8, 179, 677, -17, 177, 0, 0, 0
L 677, -17, 177, 676, -53, 176, 0, 0, 0
L 676, -53, 176, 672, -90, 176, 0, 0, 0
L 672, -90, 176, 661, -145, 176, 0, 0, 0
L 661, -145, 176, 655, -181, 177, 0, 0, 0
L 655, -181, 177, 649, -201, 177, 0, 0, 0
L 649, -201, 177, 649, -203, 177, 0, 0, 0
L 649, -203, 177, 648, -204, 177, 0, 0, 0
L 648, -204, 177, 647, -206, 177, 0, 0, 0
L 647, -206, 177, 639, -230, 179, 0, 0, 0
L 639, -230, 179, 632, -249, 180, 0, 0, 0
L 632, -249, 180, 631, -250, 180, 0, 0, 0
L 631, -250, 180, 622, -268, 176, 0, 0, 0
L 622, -268, 176, 619, -276, 176, 0, 0, 0
L 619, -276, 176, 610, -298, 176, 0, 0, 0
L 610, -298, 176, 595, -328, 176, 0, 0, 0
L 595, -328, 176, 588, -339, 176, 0, 0, 0
L 588, -339, 176, 574, -361, 178, 0, 0, 0
L 574, -361, 178, 563, -377, 176, 0, 0, 0
L 563, -377, 176, 530, -426, 176, 0, 0, 0
L 530, -426, 176, 529, -429, 176, 0, 0, 0
L 529, -429, 176, 490, -468, 176, 0, 0, 0
L 490, -468, 176, 463, -497, 177, 0, 0, 0
L 463, -497, 177, 453, -507, 178, 0, 0, 0
L 453, -507, 178, 444, -516, 177, 0, 0, 0
L 444, -516, 177, 437, -522, 176, 0, 0, 0
L 437, -522, 176, 430, -528, 177, 0, 0, 0
L 430, -528, 177, 423, -534, 179, 0, 0, 0
L 423, -534, 179, 415, -541, 180, 0, 0, 0
L 415, -541, 180, 407, -546, 181, 0, 0, 0
L 407, -546, 181, 405, -548, 181, 0, 0, 0
L 405, -548, 181, 404, -548, 181, 0, 0, 0
L 404, -548, 181, 381, -562, 178, 0, 0, 0
L 381, -562, 178, 348, -585, 178, 0, 0, 0
L 348, -585, 178, 343, -588, 178, 0, 0, 0
L 343, -588, 178, 338, -591, 177, 0, 0, 0
L 338, -591, 177, 321, -600, 176, 0, 0, 0
L 321, -600, 176, 317, -602, 176, 0, 0, 0
L 317, -602, 176, 309, -606, 177, 0, 0, 0
L 309, -606, 177, 301, -610, 177, 0, 0, 0
L 301, -610, 177, 215, -647, 178, 0, 0, 0
L 215, -647, 178, 211, -648, 177, 0, 0, 0
L 211, -648, 177, 200, -652, 176, 0, 0, 0
L 200, -652, 176, 191, -654, 178, 0, 0, 0
L 191, -654, 178, 179, -657, 178, 0, 0, 0
L 179, -657, 178, 169, -659, 178, 0, 0, 0
L 169, -659, 178, 150, -662, 177, 0, 0, 0
L 150, -662, 177, 124, -668, 178, 0, 0, 0
L 124, -668, 178, 108, -670, 176, 0, 0, 0
L 108, -670, 176, 66, -677, 176, 0, 0, 0
L 66, -677, 176, 56, -678, 176, 0, 0, 0
L 56, -678, 176, 50, -678, 176, 0, 0, 0
L 50, -678, 176, 21, -677, 177, 0, 0, 0
L 21, -677, 177, 12, -678, 177, 0, 0, 0
L 12, -678, 177, 12, -676, 177, 0, 0, 0
L 12, -676, 177, 13, -670, 177, 0, 0, 0
L 13, -670, 177, 32, -668, 177, 0, 0, 0
L 32, -668, 177, 79, -665, 177, 0, 0, 0
L 79, -665, 177, 81, -665, 177, 0, 0, 0
L 81, -665, 177, 209, -637, 177, 0, 0, 0
L 209, -637, 177, 215, -634, 177, 0, 0, 0
L 215, -634, 177, 242, -623, 177, 0, 0, 0
L 242, -623, 177, 318, -590, 177, 0, 0, 0
L 318, -590, 177, 329, -584, 177, 0, 0, 0
L 329, -584, 177, 348, -570, 177, 0, 0, 0
L 348, -570, 177, 402, -535, 177, 0, 0, 0
L 402, -535, 177, 431, -512, 177, 0, 0, 0
L 431, -512, 177, 439, -505, 177, 0, 0, 0
L 439, -505, 177, 520, -420, 177, 0, 0, 0
L 520, -420, 177, 530, -408, 177, 0, 0, 0
L 530, -408, 177, 538, -395, 177, 0, 0, 0
L 538, -395, 177, 550, -378, 177, 0, 0, 0
L 550, -378, 177, 590, -315, 177, 0, 0, 0
L 590, -315, 177, 597, -300, 177, 0, 0, 0
L 597, -300, 177, 609, -272, 177, 0, 0, 0
L 609, -272, 177, 639, -195, 177, 0, 0, 0
L 639, -195, 177, 643, -183, 177, 0, 0, 0
L 643, -183, 177, 664, -69, 177, 0, 0, 0
L 664, -69, 177, 664, -64, 177, 0, 0, 0
L 664, -64, 177, 665, -54, 177, 0, 0, 0
L 665, -54, 177, 663, 68, 177, 0, 0, 0
L 663, 68, 177, 662, 83, 177, 0, 0, 0
L 662, 83, 177, 647, 154, 177, 0, 0, 0
L 647, 154, 177, 641, 175, 177, 0, 0, 0
L 641, 175, 177, 635, 199, 173, 0, 0, 0
L 635, 199, 173, 635, 200, 173, 0, 0, 0
L 635, 200, 173, 635, 202, 176, 0, 0, 0
L 635, 202, 176, 632, 210, 177, 0, 0, 0
L 632, 210, 177, 624, 227, 177, 0, 0, 0
L 624, 227, 177, 617, 246, 177, 0, 0, 0
L 617, 246, 177, 599, 287, 177, 0, 0, 0
L 599, 287, 177, 584, 319, 177, 0, 0, 0
L 584, 319, 177, 577, 332, 177, 0, 0, 0
L 577, 332, 177, 525, 409, 177, 0, 0, 0
L 525, 409, 177, 519, 417, 177, 0, 0, 0
L 519, 417, 177, 511, 427, 177, 0, 0, 0
L 511, 427, 177, 418, 518, 177, 0, 0, 0
L 418, 518, 177, 410, 524, 177, 0, 0, 0
L 410, 524, 177, 369, 550, 177, 0, 0, 0
L 369, 550, 177, 322, 581, 177, 0, 0, 0
L 322, 581, 177, 303, 592, 177, 0, 0, 0
L 303, 592, 177, 265, 607, 177, 0, 0, 0
L 265, 607, 177, 227, 623, 177, 0, 0, 0
L 227, 623, 177, 192, 636, 177, 0, 0, 0
L 192, 636, 177, 182, 639, 177, 0, 0, 0
L 182, 639, 177, 159, 644, 177, 0, 0, 0
L 159, 644, 177, 60, 662, 177, 0, 0, 0
L 60, 662, 177, 50, 663, 177, 0, 0, 0
L 50, 663, 177, 44, 664, 177, 0, 0, 0
L 44, 664, 177, 25, 663, 177, 0, 0, 0
L 25, 663, 177, 15, 662, 177, 0, 0, 0
L 15, 662, 177, 14, 664, 177, 0, 0, 0
L 14, 664, 177, 14, 666, 177, 0, 0, 0
L 14, 666, 177, 15, 675, 178, 0, 0, 0
L 14, 632, 111, 35, 633, 112, 0, 0, 0
L 35, 633, 112, 44, 633, 112, 0, 0, 0
L 44, 633, 112, 46, 632, 112, 0, 0, 0
L 46, 632, 112, 48, 632, 111, 0, 0, 0
L 48, 632, 111, 71, 627, 111, 0, 0, 0
L 71, 627, 111, 131, 618, 111, 0, 0, 0
L 131, 618, 111, 174, 609, 111, 0, 0, 0
L 174, 609, 111, 183, 606, 111, 0, 0, 0
L 183, 606, 111, 192, 604, 111, 0, 0, 0
L 192, 604, 111, 212, 595, 111, 0, 0, 0
L 212, 595, 111, 221, 592, 111, 0, 0, 0
L 221, 592, 111, 279, 570, 114, 0, 0, 0
L 279, 570, 114, 281, 569, 113, 0, 0, 0
L 281, 569, 113, 288, 566, 112, 0, 0, 0
L 288, 566, 112, 297, 561, 111, 0, 0, 0
L 297, 561, 111, 305, 556, 112, 0, 0, 0
L 305, 556, 112, 310, 553, 112, 0, 0, 0
L 310, 553, 112, 398, 494, 111, 0, 0, 0
L 398, 494, 111, 406, 488, 112, 0, 0, 0
L 406, 488, 112, 414, 482, 114, 0, 0, 0
L 414, 482, 114, 421, 476, 116, 0, 0, 0
L 421, 476, 116, 436, 461, 116, 0, 0, 0
L 436, 461, 116, 447, 449, 113, 0, 0, 0
L 447, 449, 113, 455, 440, 113, 0, 0, 0
L 455, 440, 113, 462, 432, 111, 0, 0, 0
L 462, 432, 111, 493, 398, 111, 0, 0, 0
L 493, 398, 111, 500, 388, 111, 0, 0, 0
L 500, 388, 111, 515, 369, 114, 0, 0, 0
L 515, 369, 114, 535, 340, 112, 0, 0, 0
L 535, 340, 112, 536, 338, 112, 0, 0, 0
L 536, 338, 112, 543, 329, 113, 0, 0, 0
L 543, 329, 113, 552, 314, 112, 0, 0, 0
L 552, 314, 112, 553, 312, 112, 0, 0, 0
L 553, 312, 112, 558, 304, 111, 0, 0, 0
L 558, 304, 111, 560, 300, 111, 0, 0, 0
L 560, 300, 111, 566, 288, 112, 0, 0, 0
L 566, 288, 112, 583, 247, 111, 0, 0, 0
L 583, 247, 111, 604, 195, 111, 0, 0, 0
L 604, 195, 111, 613, 161, 111, 0, 0, 0
L 613, 161, 111, 614, 159, 112, 0, 0, 0
L 614, 159, 112, 632, 70, 111, 0, 0, 0
L 632, 70, 111, 633, 54, 111, 0, 0, 0
L 633, 54, 111, 634, -24, 111, 0, 0, 0
L 634, -24, 111, 633, -60, 111, 0, 0, 0
L 633, -60, 111, 633, -67, 111, 0, 0, 0
L 633, -67, 111, 631, -78, 113, 0, 0, 0
L 631, -78, 113, 631, -79, 113, 0, 0, 0
L 631, -79, 113, 627, -97, 111, 0, 0, 0
L 627, -97, 111, 624, -114, 112, 0, 0, 0
L 624, -114, 112, 610, -179, 111, 0, 0, 0
L 610, -179, 111, 607, -191, 111, 0, 0, 0
L 607, -191, 111, 604, -200, 112, 0, 0, 0
L 604, -200, 112, 601, -210, 113, 0, 0, 0
L 601, -210, 113, 575, -275, 113, 0, 0, 0
L 575, -275, 113, 570, -285, 113, 0, 0, 0
L 570, -285, 113, 567, -291, 112, 0, 0, 0
L 567, -291, 112, 564, -298, 111, 0, 0, 0
L 564, -298, 111, 563, -299, 111, 0, 0, 0
L 563, -299, 111, 557, -309, 112, 0, 0, 0
L 557, -309, 112, 548, -320, 111, 0, 0, 0
L 548, -320, 111, 531, -346, 111, 0, 0, 0
L 531, -346, 111, 500, -395, 111, 0, 0, 0
L 500, -395, 111, 435, -465, 112, 0, 0, 0
L 435, -465, 112, 413, -487, 112, 0, 0, 0
L 413, -487, 112, 406, -493, 112, 0, 0, 0
L 406, -493, 112, 405, -494, 112, 0, 0, 0
L 405, -494, 112, 390, -505, 114, 0, 0, 0
L 390, -505, 114, 363, -522, 112, 0, 0, 0
L 363, -522, 112, 310, -557, 111, 0, 0, 0
L 310, -557, 111, 264, -579, 112, 0, 0, 0
L 264, -579, 112, 261, -580, 112, 0, 0, 0
L 261, -580, 112, 252, -584, 111, 0, 0, 0
L 252, -584, 111, 186, -610, 111, 0, 0, 0
L 186, -610, 111, 177, -613, 111, 0, 0, 0
L 177, -613, 111, 172, -614, 112, 0, 0, 0
L 172, -614, 112, 132, -622, 112, 0, 0, 0
L 132, -622, 112, 125, -624, 112, 0, 0, 0
L 125, -624, 112, 77, -632, 111, 0, 0, 0
L 77, -632, 111, 68, -634, 111, 0, 0, 0
L 68, -634, 111, 60, -635, 111, 0, 0, 0
L 60, -635, 111, 12, -635, 111, 0, 0, 0
L 12, -635, 111, 12, -627, 111, 0, 0, 0
L 12, -627, 111, 27, -625, 111, 0, 0, 0
L 27, -625, 111, 63, -625, 111, 0, 0, 0
L 63, -625, 111, 102, -619, 111, 0, 0, 0
L 102, -619, 111, 146, -608, 111, 0, 0, 0
L 146, -608, 111, 168, -604, 111, 0, 0, 0
L 168, -604, 111, 176, -603, 111, 0, 0, 0
L 176, -603, 111, 199, -596, 111, 0, 0, 0
L 199, -596, 111, 216, -589, 111, 0, 0, 0
L 216, -589, 111, 225, -586, 111, 0, 0, 0
L 225, -586, 111, 299, -552, 111, 0, 0, 0
L 299, -552, 111, 326, -537, 111, 0, 0, 0
L 326, -537, 111, 344, -525, 111, 0, 0, 0
L 344, -525, 111, 403, -481, 111, 0, 0, 0
L 403, -481, 111, 440, -445, 111, 0, 0, 0
L 440, -445, 111, 488, -395, 111, 0, 0, 0
L 488, -395, 111, 508, -363, 111, 0, 0, 0
L 508, -363, 111, 531, -332, 111, 0, 0, 0
L 531, -332, 111, 543, -313, 111, 0, 0, 0
L 543, -313, 111, 555, -292, 111, 0, 0, 0
L 555, -292, 111, 571, -252, 111, 0, 0, 0
L 571, -252, 111, 583, -224, 111, 0, 0, 0
L 583, -224, 111, 598, -186, 111, 0, 0, 0
L 598, -186, 111, 604, -162, 111, 0, 0, 0
L 604, -162, 111, 622, -70, 111, 0, 0, 0
L 622, -70, 111, 624, -48, 111, 0, 0, 0
L 624, -48, 111, 622, 65, 111, 0, 0, 0
L 622, 65, 111, 620, 85, 111, 0, 0, 0
L 620, 85, 111, 611, 128, 111, 0, 0, 0
L 611, 128, 111, 594, 193, 111, 0, 0, 0
L 594, 193, 111, 588, 211, 111, 0, 0, 0
L 588, 211, 111, 554, 289, 111, 0, 0, 0
L 554, 289, 111, 551, 294, 111, 0, 0, 0
L 551, 294, 111, 535, 317, 111, 0, 0, 0
L 535, 317, 111, 520, 341, 111, 0, 0, 0
L 520, 341, 111, 481, 398, 111, 0, 0, 0
L 481, 398, 111, 430, 451, 111, 0, 0, 0
L 430, 451, 111, 409, 472, 111, 0, 0, 0
L 409, 472, 111, 394, 484, 111, 0, 0, 0
L 394, 484, 111, 370, 502, 111, 0, 0, 0
L 370, 502, 111, 291, 551, 111, 0, 0, 0
L 291, 551, 111, 267, 564, 111, 0, 0, 0
L 267, 564, 111, 248, 573, 111, 0, 0, 0
L 248, 573, 111, 228, 582, 111, 0, 0, 0
L 228, 582, 111, 202, 591, 111, 0, 0, 0
L 202, 591, 111, 162, 602, 111, 0, 0, 0
L 162, 602, 111, 118, 610, 111, 0, 0, 0
L 118, 610, 111, 98, 615, 111, 0, 0, 0
L 98, 615, 111, 53, 623, 111, 0, 0, 0
L 53, 623, 111, 14, 622, 111, 0, 0, 0
L 14, 622, 111, 14, 623, 111, 0, 0, 0
L 14, 623, 111, 14, 634, 115, 0, 0, 0
L 14, 634, 115, 23, 634, 115, 0, 0, 0
L 5, 591, 59, 15, 591, 59, 0, 0, 0
L 15, 591, 59, 36, 592, 59, 0, 0, 0
L 36, 592, 59, 66, 590, 59, 0, 0, 0
L 66, 590, 59, 76, 589, 61, 0, 0, 0
L 76, 589, 61, 164, 572, 59, 0, 0, 0
L 164, 572, 59, 166, 571, 59, 0, 0, 0
L 166, 571, 59, 180, 566, 59, 0, 0, 0
L 180, 566, 59, 199, 558, 59, 0, 0, 0
L 199, 558, 59, 217, 551, 60, 0, 0, 0
L 217, 551, 60, 272, 529, 59, 0, 0, 0
L 272, 529, 59, 283, 523, 59, 0, 0, 0
L 283, 523, 59, 292, 518, 60, 0, 0, 0
L 292, 518, 60, 294, 517, 60, 0, 0, 0
L 294, 517, 60, 302, 511, 60, 0, 0, 0
L 302, 511, 60, 315, 502, 59, 0, 0, 0
L 315, 502, 59, 370, 466, 59, 0, 0, 0
L 370, 466, 59, 379, 459, 59, 0, 0, 0
L 379, 459, 59, 380, 458, 60, 0, 0, 0
L 380, 458, 60, 390, 448, 60, 0, 0, 0
L 390, 448, 60, 398, 441, 60, 0, 0, 0
L 398, 441, 60, 427, 413, 61, 0, 0, 0
L 427, 413, 61, 442, 397, 59, 0, 0, 0
L 442, 397, 59, 455, 383, 59, 0, 0, 0
L 455, 383, 59, 468, 367, 59, 0, 0, 0
L 468, 367, 59, 487, 339, 60, 0, 0, 0
L 487, 339, 60, 493, 329, 59, 0, 0, 0
L 493, 329, 59, 498, 322, 59, 0, 0, 0
L 498, 322, 59, 521, 288, 59, 0, 0, 0
L 521, 288, 59, 528, 275, 59, 0, 0, 0
L 528, 275, 59, 566, 186, 59, 0, 0, 0
L 566, 186, 59, 572, 166, 59, 0, 0, 0
L 572, 166, 59, 574, 159, 60, 0, 0, 0
L 574, 159, 60, 592, 73, 60, 0, 0, 0
L 592, 73, 60, 593, 70, 60, 0, 0, 0
L 593, 70, 60, 593, 68, 59, 0, 0, 0
L 593, 68, 59, 593, 38, 59, 0, 0, 0
L 593, 38, 59, 594, -6, 59, 0, 0, 0
L 594, -6, 59, 595, -26, 59, 0, 0, 0
L 595, -26, 59, 595, -36, 60, 0, 0, 0
L 595, -36, 60, 595, -38, 60, 0, 0, 0
L 595, -38, 60, 595, -52, 59, 0, 0, 0
L 595, -52, 59, 595, -54, 59, 0, 0, 0
L 595, -54, 59, 575, -163, 60, 0, 0, 0
L 575, -163, 60, 574, -165, 59, 0, 0, 0
L 574, -165, 59, 573, -169, 59, 0, 0, 0
L 573, -169, 59, 571, -175, 59, 0, 0, 0
L 571, -175, 59, 570, -179, 60, 0, 0, 0
L 570, -179, 60, 532, -274, 60, 0, 0, 0
L 532, -274, 60, 531, -276, 60, 0, 0, 0
L 531, -276, 60, 530, -277, 60, 0, 0, 0
L 530, -277, 60, 526, -286, 62, 0, 0, 0
L 526, -286, 62, 525, -288, 62, 0, 0, 0
L 525, -288, 62, 524, -289, 62, 0, 0, 0
L 524, -289, 62, 510, -310, 60, 0, 0, 0
L 510, -310, 60, 488, -344, 61, 0, 0, 0
L 488, -344, 61, 481, -353, 60, 0, 0, 0
L 481, -353, 60, 465, -376, 59, 0, 0, 0
L 465, -376, 59, 457, -385, 59, 0, 0, 0
L 457, -385, 59, 449, -393, 60, 0, 0, 0
L 449, -393, 60, 444, -399, 59, 0, 0, 0
L 444, -399, 59, 442, -400, 59, 0, 0, 0
L 442, -400, 59, 383, -460, 59, 0, 0, 0
L 383, -460, 59, 375, -466, 60, 0, 0, 0
L 375, -466, 60, 373, -468, 60, 0, 0, 0
L 373, -468, 60, 351, -482, 59, 0, 0, 0
L 351, -482, 59, 292, -523, 59, 0, 0, 0
L 292, -523, 59, 289, -524, 59, 0, 0, 0
L 289, -524, 59, 204, -562, 60, 0, 0, 0
L 204, -562, 60, 195, -565, 59, 0, 0, 0
L 195, -565, 59, 186, -569, 59, 0, 0, 0
L 186, -569, 59, 177, -572, 59, 0, 0, 0
L 177, -572, 59, 151, -577, 59, 0, 0, 0
L 151, -577, 59, 70, -595, 59, 0, 0, 0
L 70, -595, 59, 69, -595, 59, 0, 0, 0
L 69, -595, 59, 56, -596, 59, 0, 0, 0
L 56, -596, 59, 47, -596, 59, 0, 0, 0
L 47, -596, 59, 17, -595, 59, 0, 0, 0
L 17, -595, 59, -11, -595, 59, 0, 0, 0
L -11, -595, 59, -48, -597, 59, 0, 0, 0
L -48, -597, 59, -57, -596, 59, 0, 0, 0
L -57, -596, 59, -67, -595, 60, 0, 0, 0
L -67, -595, 60, -75, -593, 60, 0, 0, 0
L -75, -593, 60, -96, -589, 59, 0, 0, 0
L -96, -589, 59, -104, -588, 60, 0, 0, 0
L -104, -588, 60, -147, -580, 60, 0, 0, 0
L -147, -580, 60, -156, -578, 59, 0, 0, 0
L -156, -578, 59, -166, -575, 59, 0, 0, 0
L -166, -575, 59, -186, -568, 59, 0, 0, 0
L -186, -568, 59, -198, -563, 59, 0, 0, 0
L -198, -563, 59, -209, -559, 59, 0, 0, 0
L -209, -559, 59, -218, -556, 60, 0, 0, 0
L -218, -556, 60, -268, -535, 60, 0, 0, 0
L -268, -535, 60, -277, -532, 60, 0, 0, 0
L -277, -532, 60, -279, -531, 60, 0, 0, 0
L -279, -531, 60, -289, -525, 61, 0, 0, 0
L -289, -525, 61, -306, -514, 62, 0, 0, 0
L -306, -514, 62, -374, -467, 59, 0, 0, 0
L -374, -467, 59, -377, -465, 59, 0, 0, 0
L -377, -465, 59, -385, -458, 60, 0, 0, 0
L -385, -458, 60, -413, -430, 59, 0, 0, 0
L -413, -430, 59, -457, -386, 59, 0, 0, 0
L -457, -386, 59, -472, -365, 59, 0, 0, 0
L -472, -365, 59, -480, -354, 60, 0, 0, 0
L -480, -354, 60, -486, -344, 59, 0, 0, 0
L -486, -344, 59, -499, -324, 59, 0, 0, 0
L -499, -324, 59, -508, -312, 59, 0, 0, 0
L -508, -312, 59, -516, -299, 59, 0, 0, 0
L -516, -299, 59, -521, -290, 59, 0, 0, 0
L -521, -290, 59, -540, -252, 59, 0, 0, 0
L -540, -252, 59, -549, -232, 60, 0, 0, 0
L -549, -232, 60, -565, -192, 59, 0, 0, 0
L -565, -192, 59, -571, -173, 59, 0, 0, 0
L -571, -173, 59, -574, -163, 60, 0, 0, 0
L -574, -163, 60, -574, -162, 60, 0, 0, 0
L -574, -162, 60, -575, -157, 59, 0, 0, 0
L -575, -157, 59, -578, -140, 59, 0, 0, 0
L -578, -140, 59, -593, -65, 59, 0, 0, 0
L -593, -65, 59, -593, -60, 59, 0, 0, 0
L -593, -60, 59, -594, -38, 59, 0, 0, 0
L -594, -38, 59, -595, 4, 60, 0, 0, 0
L -595, 4, 60, -595, 31, 59, 0, 0, 0
L -595, 31, 59, -593, 61, 59, 0, 0, 0
L -593, 61, 59, -573, 164, 59, 0, 0, 0
L -573, 164, 59, -569, 176, 59, 0, 0, 0
L -569, 176, 59, -560, 199, 59, 0, 0, 0
L -560, 199, 59, -557, 207, 60, 0, 0, 0
L -557, 207, 60, -550, 223, 59, 0, 0, 0
L -550, 223, 59, -531, 269, 59, 0, 0, 0
L -531, 269, 59, -525, 281, 59, 0, 0, 0
L -525, 281, 59, -520, 289, 59, 0, 0, 0
L -520, 289, 59, -516, 296, 60, 0, 0, 0
L -516, 296, 60, -493, 330, 59, 0, 0, 0
L -493, 330, 59, -468, 368, 59, 0, 0, 0
L -468, 368, 59, -432, 407, 59, 0, 0, 0
L -432, 407, 59, -392, 448, 61, 0, 0, 0
L -392, 448, 61, -391, 450, 61, 0, 0, 0
L -391, 450, 61, -382, 457, 59, 0, 0, 0
L -382, 457, 59, -375, 462, 60, 0, 0, 0
L -375, 462, 60, -366, 469, 61, 0, 0, 0
L -366, 469, 61, -362, 472, 61, 0, 0, 0
L -362, 472, 61, -315, 504, 61, 0, 0, 0
L -315, 504, 61, -293, 518, 60, 0, 0, 0
L -293, 518, 60, -292, 518, 59, 0, 0, 0
L -292, 518, 59, -284, 523, 59, 0, 0, 0
L -284, 523, 59, -269, 530, 60, 0, 0, 0
L -269, 530, 60, -220, 552, 61, 0, 0, 0
L -220, 552, 61, -184, 566, 60, 0, 0, 0
L -184, 566, 60, -182, 567, 59, 0, 0, 0
L -182, 567, 59, -172, 570, 60, 0, 0, 0
L -172, 570, 60, -163, 572, 61, 0, 0, 0
L -163, 572, 61, -162, 573, 61, 0, 0, 0
L -162, 573, 61, -152, 574, 60, 0, 0, 0
L -152, 574, 60, -138, 575, 59, 0, 0, 0
L -138, 575, 59, -132, 576, 59, 0, 0, 0
L -132, 576, 59, -101, 584, 59, 0, 0, 0
L -101, 584, 59, -82, 588, 59, 0, 0, 0
L -82, 588, 59, -50, 591, 59, 0, 0, 0
L -50, 591, 59, -8, 592, 59, 0, 0, 0
L -8, 592, 59, -7, 591, 59, 0, 0, 0
L -7, 591, 59, 10, 591, 59, 0, 0, 0
L -19, 558, 18, -40, 559, 18, 0, 0, 0
L -40, 559, 18, -61, 557, 18, 0, 0, 0
L -61, 557, 18, -64, 557, 18, 0, 0, 0
L -64, 557, 18, -83, 553, 18, 0, 0, 0
L -83, 553, 18, -130, 544, 18, 0, 0, 0
L -130, 544, 18, -163, 536, 18, 0, 0, 0
L -163, 536, 18, -164, 535, 18, 0, 0, 0
L -164, 535, 18, -264, 495, 18, 0, 0, 0
L -264, 495, 18, -267, 494, 18, 0, 0, 0
L -267, 494, 18, -296, 476, 18, 0, 0, 0
L -296, 476, 18, -313, 463, 18, 0, 0, 0
L -313, 463, 18, -353, 436, 18, 0, 0, 0
L -353, 436, 18, -368, 422, 18, 0, 0, 0
L -368, 422, 18, -393, 397, 18, 0, 0, 0
L -393, 397, 18, -400, 388, 18, 0, 0, 0
L -400, 388, 18, -416, 374, 18, 0, 0, 0
L -416, 374, 18, -433, 356, 18, 0, 0, 0
L -433, 356, 18, -458, 323, 18, 0, 0, 0
L -458, 323, 18, -475, 295, 18, 0, 0, 0
L -475, 295, 18, -497, 263, 18, 0, 0, 0
L -497, 263, 18, -498, 261, 18, 0, 0, 0
L -498, 261, 18, -507, 240, 18, 0, 0, 0
L -507, 240, 18, -515, 223, 18, 0, 0, 0
L -515, 223, 18, -520, 210, 18, 0, 0, 0
L -520, 210, 18, -525, 198, 18, 0, 0, 0
L -525, 198, 18, -541, 154, 18, 0, 0, 0
L -541, 154, 18, -544, 145, 18, 0, 0, 0
L -544, 145, 18, -545, 141, 19, 0, 0, 0
L -545, 141, 19, -548, 126, 20, 0, 0, 0
L -548, 126, 20, -549, 124, 20, 0, 0, 0
L -549, 124, 20, -549, 119, 19, 0, 0, 0
L -549, 119, 19, -550, 109, 18, 0, 0, 0
L -550, 109, 18, -558, 60, 18, 0, 0, 0
L -558, 60, 18, -561, -5, 18, 0, 0, 0
L -561, -5, 18, -560, -48, 18, 0, 0, 0
L -560, -48, 18, -560, -59, 18, 0, 0, 0
L -560, -59, 18, -556, -82, 18, 0, 0, 0
L -556, -82, 18, -538, -168, 18, 0, 0, 0
L -538, -168, 18, -533, -183, 18, 0, 0, 0
L -533, -183, 18, -530, -190, 18, 0, 0, 0
L -530, -190, 18, -530, -191, 18, 0, 0, 0
L -530, -191, 18, -496, -269, 18, 0, 0, 0
L -496, -269, 18, -483, -291, 18, 0, 0, 0
L -483, -291, 18, -480, -295, 19, 0, 0, 0
L -480, -295, 19, -479, -298, 19, 0, 0, 0
L -479, -298, 19, -473, -306, 18, 0, 0, 0
L -473, -306, 18, -451, -335, 18, 0, 0, 0
L -451, -335, 18, -440, -354, 18, 0, 0, 0
L -440, -354, 18, -430, -366, 18, 0, 0, 0
L -430, -366, 18, -422, -374, 18, 0, 0, 0
L -422, -374, 18, -388, -410, 20, 0, 0, 0
L -388, -410, 20, -360, -436, 18, 0, 0, 0
L -360, -436, 18, -358, -437, 18, 0, 0, 0
L -358, -437, 18, -348, -445, 18, 0, 0, 0
L -348, -445, 18, -338, -451, 18, 0, 0, 0
L -338, -451, 18, -272, -495, 18, 0, 0, 0
L -272, -495, 18, -264, -499, 18, 0, 0, 0
L -264, -499, 18, -245, -507, 18, 0, 0, 0
L -245, -507, 18, -209, -524, 19, 0, 0, 0
L -209, -524, 19, -181, -534, 18, 0, 0, 0
L -181, -534, 18, -162, -541, 18, 0, 0, 0
L -162, -541, 18, -152, -544, 18, 0, 0, 0
L -152, -544, 18, -143, -547, 18, 0, 0, 0
L -143, -547, 18, -109, -554, 20, 0, 0, 0
L -109, -554, 20, -78, -560, 20, 0, 0, 0
L -78, -560, 20, -76, -560, 20, 0, 0, 0
L -76, -560, 20, -67, -561, 18, 0, 0, 0
L -67, -561, 18, -57, -561, 18, 0, 0, 0
L -57, -561, 18, -47, -562, 18, 0, 0, 0
L -47, -562, 18, -23, -564, 19, 0, 0, 0
L -23, -564, 19, -22, -563, 18, 0, 0, 0
L -22, -563, 18, -21, -562, 18, 0, 0, 0
L -21, -562, 18, -22, -555, 14, 0, 0, 0
L -22, -555, 14, -40, -556, 14, 0, 0, 0
L -40, -556, 14, -49, -555, 15, 0, 0, 0
L -49, -555, 15, -68, -555, 18, 0, 0, 0
L -68, -555, 18, -73, -555, 18, 0, 0, 0
L -73, -555, 18, -76, -554, 18, 0, 0, 0
L -76, -554, 18, -88, -549, 18, 0, 0, 0
L -88, -549, 18, -89, -549, 18, 0, 0, 0
L -89, -549, 18, -91, -548, 18, 0, 0, 0
L -91, -548, 18, -100, -548, 18, 0, 0, 0
L -100, -548, 18, -106, -547, 18, 0, 0, 0
L -106, -547, 18, -108, -546, 18, 0, 0, 0
L -108, -546, 18, -160, -532, 14, 0, 0, 0
L -160, -532, 14, -162, -532, 14, 0, 0, 0
L -162, -532, 14, -182, -523, 14, 0, 0, 0
L -182, -523, 14, -241, -501, 14, 0, 0, 0
L -241, -501, 14, -250, -497, 14, 0, 0, 0
L -250, -497, 14, -269, -487, 14, 0, 0, 0
L -269, -487, 14, -277, -482, 14, 0, 0, 0
L -277, -482, 14, -294, -472, 18, 0, 0, 0
L -294, -472, 18, -346, -437, 18, 0, 0, 0
L -346, -437, 18, -348, -436, 18, 0, 0, 0
L -348, -436, 18, -422, -365, 18, 0, 0, 0
L -422, -365, 18, -430, -356, 18, 0, 0, 0
L -430, -356, 18, -439, -343, 18, 0, 0, 0
L -439, -343, 18, -450, -325, 18, 0, 0, 0
L -450, -325, 18, -481, -282, 18, 0, 0, 0
L -481, -282, 18, -487, -273, 18, 0, 0, 0
L -487, -273, 18, -512, -217, 18, 0, 0, 0
L -512, -217, 18, -529, -177, 18, 0, 0, 0
L -529, -177, 18, -532, -169, 18, 0, 0, 0
L -532, -169, 18, -536, -148, 18, 0, 0, 0
L -536, -148, 18, -552, -73, 18, 0, 0, 0
L -552, -73, 18, -555, -19, 18, 0, 0, 0
L -555, -19, 18, -554, 37, 18, 0, 0, 0
L -554, 37, 18, -554, 46, 17, 0, 0, 0
L -554, 46, 17, -554, 48, 16, 0, 0, 0
L -554, 48, 16, -553, 53, 18, 0, 0, 0
L -553, 53, 18, -547, 89, 18, 0, 0, 0
L -547, 89, 18, -536, 149, 18, 0, 0, 0
L -536, 149, 18, -533, 160, 18, 0, 0, 0
L -533, 160, 18, -497, 250, 18, 0, 0, 0
L -497, 250, 18, -495, 254, 18, 0, 0, 0
L -495, 254, 18, -441, 339, 18, 0, 0, 0
L -441, 339, 18, -435, 347, 18, 0, 0, 0
L -435, 347, 18, -424, 359, 18, 0, 0, 0
L -424, 359, 18, -360, 422, 18, 0, 0, 0
L -360, 422, 18, -348, 432, 18, 0, 0, 0
L -348, 432, 18, -327, 446, 18, 0, 0, 0
L -327, 446, 18, -283, 478, 18, 0, 0, 0
L -283, 478, 18, -280, 479, 18, 0, 0, 0
L -280, 479, 18, -271, 483, 18, 0, 0, 0
L -271, 483, 18, -253, 491, 14, 0, 0, 0
L -253, 491, 14, -173, 526, 14, 0, 0, 0
L -173, 526, 14, -164, 529, 18, 0, 0, 0
L -164, 529, 18, -158, 531, 18, 0, 0, 0
L -158, 531, 18, -147, 534, 18, 0, 0, 0
L -147, 534, 18, -142, 536, 18, 0, 0, 0
L -142, 536, 18, -133, 537, 18, 0, 0, 0
L -133, 537, 18, -123, 539, 18, 0, 0, 0
L -123, 539, 18, -111, 542, 18, 0, 0, 0
L -111, 542, 18, -63, 552, 18, 0, 0, 0
L -63, 552, 18, -56, 553, 18, 0, 0, 0
L -56, 553, 18, -19, 553, 18, 0, 0, 0
L -19, 553, 18, -19, 555, 18, 0, 0, 0
L -19, 555, 18, -20, 559, 18, 0, 0, 0
L 18, 509, 14, -12, 507, 14, 0, 0, 0
L -12, 507, 14, -12, 509, 14, 0, 0, 0
L -12, 509, 14, -13, 512, 14, 0, 0, 0
L -13, 512, 14, -15, 513, 14, 0, 0, 0
L -15, 513, 14, -19, 513, 14, 0, 0, 0
L -19, 513, 14, -20, 511, 14, 0, 0, 0
L -20, 511, 14, -20, 509, 14, 0, 0, 0
L -20, 509, 14, -21, 508, 14, 0, 0, 0
L -21, 508, 14, -42, 507, 14, 0, 0, 0
L -42, 507, 14, -52, 507, 14, 0, 0, 0
L -52, 507, 14, -73, 505, 14, 0, 0, 0
L -73, 505, 14, -148, 488, 14, 0, 0, 0
L -148, 488, 14, -159, 485, 14, 0, 0, 0
L -159, 485, 14, -170, 481, 14, 0, 0, 0
L -170, 481, 14, -241, 450, 14, 0, 0, 0
L -241, 450, 14, -299, 413, 14, 0, 0, 0
L -299, 413, 14, -324, 395, 14, 0, 0, 0
L -324, 395, 14, -336, 385, 14, 0, 0, 0
L -336, 385, 14, -393, 327, 14, 0, 0, 0
L -393, 327, 14, -410, 306, 14, 0, 0, 0
L -410, 306, 14, -436, 264, 14, 0, 0, 0
L -436, 264, 14, -451, 241, 14, 0, 0, 0
L -451, 241, 14, -473, 191, 14, 0, 0, 0
L -473, 191, 14, -491, 145, 14, 0, 0, 0
L -491, 145, 14, -496, 125, 14, 0, 0, 0
L -496, 125, 14, -499, 108, 14, 0, 0, 0
L -499, 108, 14, -502, 94, 14, 0, 0, 0
L -502, 94, 14, -509, 54, 14, 0, 0, 0
L -509, 54, 14, -510, 29, 14, 0, 0, 0
L -510, 29, 14, -509, -28, 14, 0, 0, 0
L -509, -28, 14, -510, -53, 14, 0, 0, 0
L -510, -53, 14, -511, -54, 14, 0, 0, 0
L -511, -54, 14, -514, -55, 14, 0, 0, 0
L -514, -55, 14, -524, -56, 14, 0, 0, 0
L -524, -56, 14, -530, -55, 13, 0, 0, 0
L -530, -55, 13, -533, -50, 13, 0, 0, 0
L -533, -50, 13, -534, -43, 13, 0, 0, 0
L -534, -43, 13, -534, -41, 13, 0, 0, 0
L -534, -41, 13, -535, -41, 13, 0, 0, 0
L -535, -41, 13, -537, -42, 12, 0, 0, 0
L -537, -42, 12, -538, -44, 12, 0, 0, 0
L -538, -44, 12, -551, -66, 13, 0, 0, 0
L -551, -66, 13, -550, -68, 14, 0, 0, 0
L -550, -68, 14, -548, -75, 14, 0, 0, 0
L -548, -75, 14, -544, -77, 14, 0, 0, 0
L -544, -77, 14, -534, -75, 13, 0, 0, 0
L -534, -75, 13, -528, -75, 13, 0, 0, 0
L -528, -75, 13, -505, -85, 14, 0, 0, 0
L -505, -85, 14, -504, -91, 14, 0, 0, 0
L -504, -91, 14, -500, -101, 14, 0, 0, 0
L -500, -101, 14, -500, -103, 14, 0, 0, 0
L -500, -103, 14, -501, -104, 14, 0, 0, 0
L -501, -104, 14, -503, -104, 14, 0, 0, 0
L -503, -104, 14, -504, -105, 14, 0, 0, 0
L -504, -105, 14, -504, -107, 14, 0, 0, 0
L -504, -107, 14, -503, -109, 14, 0, 0, 0
L -503, -109, 14, -503, -110, 14, 0, 0, 0
L -503, -110, 14, -502, -112, 14, 0, 0, 0
L -502, -112, 14, -497, -111, 14, 0, 0, 0
L -497, -111, 14, -488, -154, 14, 0, 0, 0
L -488, -154, 14, -480, -176, 14, 0, 0, 0
L -480, -176, 14, -469, -200, 14, 0, 0, 0
L -469, -200, 14, -452, -239, 14, 0, 0, 0
L -452, -239, 14, -445, -253, 14, 0, 0, 0
L -445, -253, 14, -439, -263, 14, 0, 0, 0
L -439, -263, 14, -398, -323, 14, 0, 0, 0
L -398, -323, 14, -388, -335, 14, 0, 0, 0
L -388, -335, 14, -347, -377, 14, 0, 0, 0
L -347, -377, 14, -340, -383, 14, 0, 0, 0
L -340, -383, 14, -299, -415, 14, 0, 0, 0
L -299, -415, 14, -292, -420, 14, 0, 0, 0
L -292, -420, 14, -241, -453, 14, 0, 0, 0
L -241, -453, 14, -232, -457, 14, 0, 0, 0
L -232, -457, 14, -214, -466, 14, 0, 0, 0
L -214, -466, 14, -152, -490, 14, 0, 0, 0
L -152, -490, 14, -140, -494, 14, 0, 0, 0
L -140, -494, 14, -137, -494, 14, 0, 0, 0
L -137, -494, 14, -100, -503, 14, 0, 0, 0
L -100, -503, 14, -52, -510, 14, 0, 0, 0
L -52, -510, 14, -19, -512, 14, 0, 0, 0
L -19, -512, 14, -14, -512, 14, 0, 0, 0
L -14, -512, 14, -14, -515, 14, 0, 0, 0
L -14, -515, 14, -12, -516, 14, 0, 0, 0
L -12, -516, 14, -8, -516, 14, 0, 0, 0
L -8, -516, 14, -7, -514, 14, 0, 0, 0
L -7, -514, 14, -7, -512, 14, 0, 0, 0
L -7, -512, 14, -5, -511, 14, 0, 0, 0
L -5, -511, 14, 9, -511, 14, 0, 0, 0
L 9, -511, 14, 9, -515, 14, 0, 0, 0
L 9, -515, 14, 10, -517, 14, 0, 0, 0
L 10, -517, 14, 12, -516, 14, 0, 0, 0
L 12, -516, 14, 13, -516, 14, 0, 0, 0
L 13, -516, 14, 15, -515, 14, 0, 0, 0
L 15, -515, 14, 16, -514, 14, 0, 0, 0
L 16, -514, 14, 16, -512, 14, 0, 0, 0
L 16, -512, 14, 17, -511, 14, 0, 0, 0
L 17, -511, 14, 58, -509, 14, 0, 0, 0
L 58, -509, 14, 99, -503, 14, 0, 0, 0
L 99, -503, 14, 108, -501, 14, 0, 0, 0
L 108, -501, 14, 128, -495, 14, 0, 0, 0
L 128, -495, 14, 155, -489, 14, 0, 0, 0
L 155, -489, 14, 158, -488, 14, 0, 0, 0
L 158, -488, 14, 167, -483, 14, 0, 0, 0
L 167, -483, 14, 179, -479, 14, 0, 0, 0
L 179, -479, 14, 189, -475, 14, 0, 0, 0
L 189, -475, 14, 208, -466, 14, 0, 0, 0
L 208, -466, 14, 238, -455, 14, 0, 0, 0
L 238, -455, 14, 249, -449, 14, 0, 0, 0
L 249, -449, 14, 322, -399, 14, 0, 0, 0
L 322, -399, 14, 331, -392, 14, 0, 0, 0
L 331, -392, 14, 362, -362, 14, 0, 0, 0
L 362, -362, 14, 398, -323, 14, 0, 0, 0
L 398, -323, 14, 404, -316, 14, 0, 0, 0
L 404, -316, 14, 418, -295, 14, 0, 0, 0
L 418, -295, 14, 454, -238, 14, 0, 0, 0
L 454, -238, 14, 460, -227, 14, 0, 0, 0
L 460, -227, 14, 469, -206, 14, 0, 0, 0
L 469, -206, 14, 474, -188, 14, 0, 0, 0
L 474, -188, 14, 490, -146, 14, 0, 0, 0
L 490, -146, 14, 497, -119, 14, 0, 0, 0
L 497, -119, 14, 501, -98, 14, 0, 0, 0
L 501, -98, 14, 509, -60, 14, 0, 0, 0
L 509, -60, 14, 510, -49, 14, 0, 0, 0
L 510, -49, 14, 511, -3, 14, 0, 0, 0
L 511, -3, 14, 515, -3, 14, 0, 0, 0
L 515, -3, 14, 515, -1, 14, 0, 0, 0
L 515, -1, 14, 514, 6, 14, 0, 0, 0
L 514, 6, 14, 508, 6, 14, 0, 0, 0
L 508, 6, 14, 507, 62, 14, 0, 0, 0
L 507, 62, 14, 505, 76, 14, 0, 0, 0
L 505, 76, 14, 488, 155, 14, 0, 0, 0
L 488, 155, 14, 484, 168, 14, 0, 0, 0
L 484, 168, 14, 480, 178, 14, 0, 0, 0
L 480, 178, 14, 450, 244, 14, 0, 0, 0
L 450, 244, 14, 433, 271, 14, 0, 0, 0
L 433, 271, 14, 409, 304, 14, 0, 0, 0
L 409, 304, 14, 401, 317, 14, 0, 0, 0
L 401, 317, 14, 393, 328, 14, 0, 0, 0
L 393, 328, 14, 376, 346, 14, 0, 0, 0
L 376, 346, 14, 360, 361, 14, 0, 0, 0
L 360, 361, 14, 351, 370, 14, 0, 0, 0
L 351, 370, 14, 329, 391, 14, 0, 0, 0
L 329, 391, 14, 322, 397, 14, 0, 0, 0
L 322, 397, 14, 313, 404, 14, 0, 0, 0
L 313, 404, 14, 309, 406, 14, 0, 0, 0
L 309, 406, 14, 297, 413, 14, 0, 0, 0
L 297, 413, 14, 265, 435, 14, 0, 0, 0
L 265, 435, 14, 240, 451, 14, 0, 0, 0
L 240, 451, 14, 230, 456, 14, 0, 0, 0
L 230, 456, 14, 221, 461, 14, 0, 0, 0
L 221, 461, 14, 148, 489, 14, 0, 0, 0
L 148, 489, 14, 130, 494, 14, 0, 0, 0
L 130, 494, 14, 110, 498, 14, 0, 0, 0
L 110, 498, 14, 55, 508, 14, 0, 0, 0
L 55, 508, 14, 43, 509, 14, 0, 0, 0
L 43, 509, 14, 25, 509, 14, 0, 0, 0
L 25, 509, 14, 25, 513, 14, 0, 0, 0
L 25, 513, 14, 24, 514, 14, 0, 0, 0
L 24, 514, 14, 19, 514, 14, 0, 0, 0
L 19, 514, 14, 17, 513, 14, 0, 0, 0
L 17, 513, 14, 17, 508, 14, 0, 0, 0
L 17, 508, 14, -12, 507, 14, 0, 0, 0
