L 2129, 752, 151, 2131, 752, 151, 64, 64, 64
L 2121, 763, 151, 2129, 752, 151, 64, 64, 64
L 2123, 776, 153, 2121, 763, 151, 64, 64, 64
L 2134, 784, 153, 2123, 776, 153, 64, 64, 64
L 2147, 782, 153, 2134, 784, 153, 64, 64, 64
L 2155, 771, 153, 2147, 782, 153, 64, 64, 64
L 2153, 759, 153, 2155, 771, 153, 64, 64, 64
L 2143, 751, 152, 2153, 759, 153, 64, 64, 64
L 2141, 751, 152, 2143, 751, 152, 64, 64, 64
L 948, 393, 97, 951, 400, 96, 64, 64, 64
L 963, 386, 98, 948, 393, 97, 64, 64, 64
L 966, 393, 98, 963, 386, 98, 64, 64, 64
L 951, 400, 97, 966, 393, 98, 64, 64, 64
L 1012, 1041, -336, 1061, 1040, -334, 64, 64, 64
L 1031, 1131, -334, 1012, 1041, -336, 64, 64, 64
L 1031, 1161, -334, 1031, 1131, -334, 64, 64, 64
L 1001, 1161, -334, 1031, 1161, -334, 64, 64, 64
L 1020, 1184, -334, 1001, 1184, -334, 150, 0, 200
L 1001, 1210, -334, 1001, 1161, -334, 64, 64, 64
L 1031, 1210, -334, 1001, 1210, -334, 64, 64, 64
L 1031, 1230, -334, 1031, 1210, -334, 64, 64, 64
L 1050, 1230, -334, 1050, 1191, -334, 64, 64, 64
L 1020, 1191, -334, 1050, 1191, -334, 64, 64, 64
L 1020, 1180, -334, 1020, 1191, -334, 64, 64, 64
L 1050, 1180, -334, 1020, 1180, -334, 64, 64, 64
L 1051, 1130, -334, 1050, 1180, -334, 64, 64, 64
L 1061, 1040, -333, 1051, 1130, -334, 64, 64, 64
L 636, 2033, 91, 617, 2033, 91, 150, 0, 200
L 661, 1691, 74, 711, 1691, 73, 64, 64, 64
L 663, 1767, 91, 661, 1691, 74, 64, 64, 64
L 662, 1791, 91, 663, 1767, 91, 64, 64, 64
L 676, 1821, 91, 662, 1791, 91, 64, 64, 64
L 673, 1831, 91, 676, 1821, 91, 64, 64, 64
L 680, 1856, 91, 673, 1831, 91, 64, 64, 64
L 689, 1900, 91, 680, 1856, 91, 64, 64, 64
L 687, 1934, 91, 689, 1900, 91, 64, 64, 64
L 687, 1995, 91, 687, 1934, 91, 64, 64, 64
L 617, 1995, 91, 687, 1995, 91, 64, 64, 64
L 617, 2074, 91, 617, 1995, 91, 64, 64, 64
L 677, 2074, 91, 617, 2074, 91, 64, 64, 64
L 677, 2114, 91, 677, 2074, 91, 64, 64, 64
L 696, 2055, 91, 696, 2114, 91, 64, 64, 64
L 636, 2055, 91, 696, 2055, 91, 64, 64, 64
L 636, 2014, 91, 636, 2055, 91, 64, 64, 64
L 637, 2014, 91, 636, 2015, 91, 64, 64, 64
L 706, 2014, 91, 636, 2014, 91, 64, 64, 64
L 706, 1935, 91, 706, 2014, 91, 64, 64, 64
L 718, 1901, 91, 706, 1935, 91, 64, 64, 64
L 709, 1853, 91, 718, 1901, 91, 64, 64, 64
L 703, 1837, 91, 709, 1853, 91, 64, 64, 64
L 710, 1821, 91, 703, 1837, 91, 64, 64, 64
L 710, 1775, 91, 710, 1821, 91, 64, 64, 64
L 711, 1691, 73, 710, 1775, 91, 64, 64, 64
L -203, 1306, 117, -205, 1308, 117, 64, 64, 64
L -201, 1294, 117, -203, 1306, 117, 64, 64, 64
L -211, 1283, 117, -201, 1294, 117, 64, 64, 64
L -223, 1282, 118, -211, 1283, 117, 64, 64, 64
L -233, 1291, 119, -223, 1282, 118, 64, 64, 64
L -234, 1303, 119, -233, 1291, 119, 64, 64, 64
L -226, 1313, 118, -234, 1303, 119, 64, 64, 64
L -213, 1314, 118, -226, 1313, 118, 64, 64, 64
L -104, -401, 73, -100, -402, 73, 64, 64, 64
L -99, -384, 72, -104, -401, 73, 64, 64, 64
L -82, -388, 73, -99, -384, 72, 64, 64, 64
L -86, -406, 73, -82, -388, 73, 64, 64, 64
L -90, -405, 73, -86, -406, 73, 64, 64, 64
L -578, -1166, 352, -603, -1202, 392, 64, 64, 64
L -574, -1127, 283, -578, -1166, 352, 64, 64, 64
L -573, -1109, 252, -574, -1127, 283, 64, 64, 64
L -573, -1089, 236, -573, -1109, 252, 64, 64, 64
L -582, -1058, 203, -573, -1089, 236, 64, 64, 64
L -585, -1040, 184, -582, -1058, 203, 64, 64, 64
L -590, -1016, 157, -585, -1040, 184, 64, 64, 64
L -598, -1012, 151, -590, -1016, 157, 64, 64, 64
L -635, -1010, 120, -598, -1012, 151, 64, 64, 64
L -664, -990, 120, -635, -1010, 120, 64, 64, 64
L -671, -956, 107, -664, -990, 120, 64, 64, 64
L -673, -920, 166, -671, -956, 107, 64, 64, 64
L -673, -901, 186, -673, -920, 166, 64, 64, 64
L -654, -861, 181, -673, -901, 186, 64, 64, 64
L -644, -816, 120, -654, -861, 181, 64, 64, 64
L -621, -789, 147, -644, -816, 120, 64, 64, 64
L -588, -761, 186, -621, -789, 147, 64, 64, 64
L -588, -732, 194, -588, -761, 186, 64, 64, 64
L -585, -707, 198, -588, -732, 194, 64, 64, 64
L -568, -662, 186, -585, -707, 198, 64, 64, 64
L -507, -560, 228, -568, -662, 186, 64, 64, 64
L -512, -513, 239, -507, -560, 228, 64, 64, 64
L -524, -500, 235, -512, -513, 239, 64, 64, 64
L -539, -491, 215, -524, -500, 235, 64, 64, 64
L -553, -478, 202, -539, -491, 215, 64, 64, 64
L -581, -455, 176, -553, -478, 202, 64, 64, 64
L -602, -422, 149, -581, -455, 176, 64, 64, 64
L -622, -395, 124, -602, -422, 149, 64, 64, 64
L -639, -385, 101, -622, -395, 124, 64, 64, 64
L -672, -352, 89, -639, -385, 101, 64, 64, 64
L -672, -313, 168, -672, -352, 89, 64, 64, 64
L -652, -267, 186, -672, -313, 168, 64, 64, 64
L -662, -208, 169, -652, -267, 186, 64, 64, 64
L -646, -186, 193, -662, -208, 169, 64, 64, 64
L -587, -117, 303, -646, -186, 193, 64, 64, 64
L -585, -107, 312, -587, -117, 303, 64, 64, 64
L -594, -74, 255, -585, -107, 312, 64, 64, 64
L -613, -39, 219, -594, -74, 255, 64, 64, 64
L -636, -8, 112, -613, -39, 219, 64, 64, 64
L -635, 30, 152, -636, -8, 112, 64, 64, 64
L -635, 47, 166, -635, 30, 152, 64, 64, 64
L -638, 90, 194, -635, 47, 166, 64, 64, 64
L -642, 129, 140, -638, 90, 194, 64, 64, 64
L -672, 140, 108, -642, 129, 140, 64, 64, 64
L -672, 145, 110, -672, 140, 108, 64, 64, 64
L -672, 192, 170, -672, 145, 110, 64, 64, 64
L -657, 239, 223, -672, 192, 170, 64, 64, 64
L -642, 333, 184, -657, 239, 223, 64, 64, 64
L -638, 390, 192, -642, 333, 184, 64, 64, 64
L -642, 436, 189, -638, 390, 192, 64, 64, 64
L -639, 491, 166, -642, 436, 189, 64, 64, 64
L -633, 533, 177, -639, 491, 166, 64, 64, 64
L -634, 543, 177, -633, 533, 177, 64, 64, 64
L -671, 587, 92, -634, 543, 177, 64, 64, 64
L -671, 655, 207, -671, 587, 92, 64, 64, 64
L -671, 687, 256, -671, 655, 207, 64, 64, 64
L -658, 739, 215, -671, 687, 256, 64, 64, 64
L -645, 768, 233, -658, 739, 215, 64, 64, 64
L -622, 832, 257, -645, 768, 233, 64, 64, 64
L -620, 858, 236, -622, 832, 257, 64, 64, 64
L -622, 881, 219, -620, 858, 236, 64, 64, 64
L -639, 931, 173, -622, 881, 219, 64, 64, 64
L -669, 997, 174, -639, 931, 173, 64, 64, 64
L -660, 1041, 210, -669, 997, 174, 64, 64, 64
L -652, 1070, 220, -660, 1041, 210, 64, 64, 64
L -652, 1087, 226, -652, 1070, 220, 64, 64, 64
L -660, 1119, 216, -652, 1087, 226, 64, 64, 64
L -670, 1141, 136, -660, 1119, 216, 64, 64, 64
L -670, 1191, 135, -670, 1141, 136, 64, 64, 64
L -657, 1238, 237, -670, 1191, 135, 64, 64, 64
L -639, 1290, 233, -657, 1238, 237, 64, 64, 64
L -638, 1299, 214, -639, 1290, 233, 64, 64, 64
L -670, 1340, 159, -638, 1299, 214, 64, 64, 64
L -670, 1357, 169, -670, 1340, 159, 64, 64, 64
L -670, 1404, 176, -670, 1357, 169, 64, 64, 64
L -670, 1446, 171, -670, 1404, 176, 64, 64, 64
L -670, 1489, 252, -670, 1446, 171, 64, 64, 64
L -670, 1504, 242, -670, 1489, 252, 64, 64, 64
L -670, 1538, 264, -670, 1504, 242, 64, 64, 64
L -670, 1558, 235, -670, 1538, 264, 64, 64, 64
L -670, 1607, 220, -670, 1558, 235, 64, 64, 64
L -670, 1640, 163, -670, 1607, 220, 64, 64, 64
L -670, 1740, 303, -670, 1640, 163, 64, 64, 64
L -669, 1781, 345, -670, 1740, 303, 64, 64, 64
L -646, 1781, 347, -669, 1781, 345, 64, 64, 64
L -590, 1781, 327, -646, 1781, 347, 64, 64, 64
L -541, 1766, 312, -590, 1781, 327, 64, 64, 64
L -492, 1741, 299, -541, 1766, 312, 64, 64, 64
L -483, 1740, 290, -492, 1741, 299, 64, 64, 64
L -446, 1750, 245, -483, 1740, 290, 64, 64, 64
L -404, 1755, 208, -446, 1750, 245, 64, 64, 64
L -374, 1753, 195, -404, 1755, 208, 64, 64, 64
L -366, 1746, 200, -374, 1753, 195, 64, 64, 64
L -341, 1718, 210, -366, 1746, 200, 64, 64, 64
L -326, 1707, 211, -341, 1718, 210, 64, 64, 64
L -290, 1684, 234, -326, 1707, 211, 64, 64, 64
L -274, 1679, 234, -290, 1684, 234, 64, 64, 64
L -238, 1674, 236, -274, 1679, 234, 64, 64, 64
L -191, 1697, 188, -238, 1674, 236, 64, 64, 64
L -168, 1737, 165, -191, 1697, 188, 64, 64, 64
L -146, 1771, 118, -168, 1737, 165, 64, 64, 64
L -112, 1781, 135, -146, 1771, 118, 64, 64, 64
L -57, 1781, 242, -112, 1781, 135, 64, 64, 64
L -43, 1780, 276, -57, 1781, 242, 64, 64, 64
L -20, 1768, 260, -43, 1780, 276, 64, 64, 64
L -10, 1762, 250, -20, 1768, 260, 64, 64, 64
L 11, 1741, 235, -10, 1762, 250, 64, 64, 64
L 52, 1781, 163, 11, 1741, 235, 64, 64, 64
L 101, 1781, 193, 52, 1781, 163, 64, 64, 64
L 200, 1781, 202, 101, 1781, 193, 64, 64, 64
L 209, 1781, 207, 200, 1781, 202, 64, 64, 64
L 259, 1781, 290, 209, 1781, 207, 64, 64, 64
L 307, 1772, 248, 259, 1781, 290, 64, 64, 64
L 341, 1781, 172, 307, 1772, 248, 64, 64, 64
L 363, 1781, 126, 341, 1781, 172, 64, 64, 64
L 425, 1781, 177, 363, 1781, 126, 64, 64, 64
L 460, 1781, 216, 425, 1781, 177, 64, 64, 64
L 513, 1781, 212, 460, 1781, 216, 64, 64, 64
L 566, 1781, 225, 513, 1781, 212, 64, 64, 64
L 610, 1781, 263, 566, 1781, 225, 64, 64, 64
L 651, 1781, 218, 610, 1781, 263, 64, 64, 64
L 702, 1781, 188, 651, 1781, 218, 64, 64, 64
L 709, 1781, 187, 702, 1781, 188, 64, 64, 64
L 761, 1781, 252, 709, 1781, 187, 64, 64, 64
L 801, 1781, 200, 761, 1781, 252, 64, 64, 64
L 858, 1781, 159, 801, 1781, 200, 64, 64, 64
L 896, 1781, 155, 858, 1781, 159, 64, 64, 64
L 909, 1781, 155, 896, 1781, 155, 64, 64, 64
L 951, 1781, 142, 909, 1781, 155, 64, 64, 64
L 1000, 1781, 150, 951, 1781, 142, 64, 64, 64
L 1011, 1781, 148, 1000, 1781, 150, 64, 64, 64
L 1061, 1781, 176, 1011, 1781, 148, 64, 64, 64
L 1092, 1781, 213, 1061, 1781, 176, 64, 64, 64
L 1160, 1781, 212, 1092, 1781, 213, 64, 64, 64
L 1209, 1781, 154, 1160, 1781, 212, 64, 64, 64
L 1302, 1781, 172, 1209, 1781, 154, 64, 64, 64
L 1308, 1781, 168, 1302, 1781, 172, 64, 64, 64
L 1350, 1781, 222, 1308, 1781, 168, 64, 64, 64
L 1362, 1781, 216, 1350, 1781, 222, 64, 64, 64
L 1401, 1781, 120, 1362, 1781, 216, 64, 64, 64
L 1452, 1781, 105, 1401, 1781, 120, 64, 64, 64
L 1550, 1781, 164, 1452, 1781, 105, 64, 64, 64
L 1559, 1781, 163, 1550, 1781, 164, 64, 64, 64
L 1597, 1781, 225, 1559, 1781, 163, 64, 64, 64
L 1649, 1781, 265, 1597, 1781, 225, 64, 64, 64
L 1660, 1781, 268, 1649, 1781, 265, 64, 64, 64
L 1698, 1781, 234, 1660, 1781, 268, 64, 64, 64
L 1707, 1781, 228, 1698, 1781, 234, 64, 64, 64
L 1753, 1781, 182, 1707, 1781, 228, 64, 64, 64
L 1845, 1781, 260, 1753, 1781, 182, 64, 64, 64
L 1860, 1781, 265, 1845, 1781, 260, 64, 64, 64
L 1911, 1781, 201, 1860, 1781, 265, 64, 64, 64
L 1950, 1781, 177, 1911, 1781, 201, 64, 64, 64
L 1965, 1781, 187, 1950, 1781, 177, 64, 64, 64
L 2010, 1781, 243, 1965, 1781, 187, 64, 64, 64
L 2058, 1781, 253, 2010, 1781, 243, 64, 64, 64
L 2099, 1781, 256, 2058, 1781, 253, 64, 64, 64
L 2163, 1781, 204, 2099, 1781, 256, 64, 64, 64
L 2210, 1781, 210, 2163, 1781, 204, 64, 64, 64
L 2231, 1781, 241, 2210, 1781, 210, 64, 64, 64
L 2257, 1781, 270, 2231, 1781, 241, 64, 64, 64
L 2267, 1781, 282, 2257, 1781, 270, 64, 64, 64
L 2267, 1744, 236, 2267, 1781, 282, 64, 64, 64
L 2267, 1700, 223, 2267, 1744, 236, 64, 64, 64
L 2267, 1689, 218, 2267, 1700, 223, 64, 64, 64
L 2267, 1650, 222, 2267, 1689, 218, 64, 64, 64
L 2267, 1641, 218, 2267, 1650, 222, 64, 64, 64
L 2267, 1596, 237, 2267, 1641, 218, 64, 64, 64
L 2267, 1491, 260, 2267, 1596, 237, 64, 64, 64
L 2267, 1452, 238, 2267, 1491, 260, 64, 64, 64
L 2267, 1443, 227, 2267, 1452, 238, 64, 64, 64
L 2267, 1397, 157, 2267, 1443, 227, 64, 64, 64
L 2267, 1391, 155, 2267, 1397, 157, 64, 64, 64
L 2268, 1353, 158, 2267, 1391, 155, 64, 64, 64
L 2268, 1306, 191, 2268, 1353, 158, 64, 64, 64
L 2268, 1291, 190, 2268, 1306, 191, 64, 64, 64
L 2268, 1275, 188, 2268, 1291, 190, 64, 64, 64
L 2268, 1179, 183, 2268, 1275, 188, 64, 64, 64
L 2268, 1152, 194, 2268, 1179, 183, 64, 64, 64
L 2268, 1141, 191, 2268, 1152, 194, 64, 64, 64
L 2268, 1101, 201, 2268, 1141, 191, 64, 64, 64
L 2268, 1040, 193, 2268, 1101, 201, 64, 64, 64
L 2268, 1001, 186, 2268, 1040, 193, 64, 64, 64
L 2269, 943, 217, 2268, 1001, 186, 64, 64, 64
L 2269, 892, 217, 2269, 943, 217, 64, 64, 64
L 2269, 848, 200, 2269, 892, 217, 64, 64, 64
L 2269, 748, 191, 2269, 848, 200, 64, 64, 64
L 2269, 693, 174, 2269, 748, 191, 64, 64, 64
L 2269, 646, 141, 2269, 693, 174, 64, 64, 64
L 2269, 609, 112, 2269, 646, 141, 64, 64, 64
L 2269, 552, 136, 2269, 609, 112, 64, 64, 64
L 2270, 506, 140, 2269, 552, 136, 64, 64, 64
L 2270, 473, 146, 2270, 506, 140, 64, 64, 64
L 2270, 442, 183, 2270, 473, 146, 64, 64, 64
L 2270, 412, 203, 2270, 442, 183, 64, 64, 64
L 2270, 394, 227, 2270, 412, 203, 64, 64, 64
L 2270, 359, 183, 2270, 394, 227, 64, 64, 64
L 2262, 343, 158, 2270, 359, 183, 64, 64, 64
L 2262, 304, 110, 2262, 343, 158, 64, 64, 64
L 2262, 246, 68, 2262, 304, 110, 64, 64, 64
L 2266, 195, 101, 2262, 246, 68, 64, 64, 64
L 2266, 145, 187, 2266, 195, 101, 64, 64, 64
L 2271, 92, 181, 2266, 145, 187, 64, 64, 64
L 2271, 56, 155, 2271, 92, 181, 64, 64, 64
L 2271, 41, 139, 2271, 56, 155, 64, 64, 64
L 2271, -6, 154, 2271, 41, 139, 64, 64, 64
L 2271, -56, 171, 2271, -6, 154, 64, 64, 64
L 2271, -99, 168, 2271, -56, 171, 64, 64, 64
L 2271, -209, 124, 2271, -99, 168, 64, 64, 64
L 2271, -248, 154, 2271, -209, 124, 64, 64, 64
L 2272, -294, 168, 2271, -248, 154, 64, 64, 64
L 2272, -310, 161, 2272, -294, 168, 64, 64, 64
L 2272, -402, 195, 2272, -310, 161, 64, 64, 64
L 2272, -457, 226, 2272, -402, 195, 64, 64, 64
L 2272, -504, 230, 2272, -457, 226, 64, 64, 64
L 2244, -534, 193, 2272, -504, 230, 64, 64, 64
L 2272, -558, 196, 2244, -534, 193, 64, 64, 64
L 2272, -597, 192, 2272, -558, 196, 64, 64, 64
L 2273, -710, 211, 2272, -597, 192, 64, 64, 64
L 2273, -787, 180, 2273, -710, 211, 64, 64, 64
L 2273, -807, 168, 2273, -787, 180, 64, 64, 64
L 2273, -846, 160, 2273, -807, 168, 64, 64, 64
L 2273, -892, 156, 2273, -846, 160, 64, 64, 64
L 2273, -1005, 177, 2273, -892, 156, 64, 64, 64
L 2273, -1053, 159, 2273, -1005, 177, 64, 64, 64
L 2273, -1085, 208, 2273, -1053, 159, 64, 64, 64
L 2274, -1163, 321, 2273, -1085, 208, 64, 64, 64
L 2224, -1175, 276, 2274, -1163, 321, 64, 64, 64
L 2163, -1175, 198, 2224, -1175, 276, 64, 64, 64
L 2015, -1175, 163, 2163, -1175, 198, 64, 64, 64
L 1956, -1170, 183, 2015, -1175, 163, 64, 64, 64
L 1864, -1175, 187, 1956, -1170, 183, 64, 64, 64
L 1853, -1175, 181, 1864, -1175, 187, 64, 64, 64
L 1812, -1175, 148, 1853, -1175, 181, 64, 64, 64
L 1746, -1175, 178, 1812, -1175, 148, 64, 64, 64
L 1716, -1175, 187, 1746, -1175, 178, 64, 64, 64
L 1694, -1175, 169, 1716, -1175, 187, 64, 64, 64
L 1595, -1175, 191, 1694, -1175, 169, 64, 64, 64
L 1547, -1175, 200, 1595, -1175, 191, 64, 64, 64
L 1451, -1175, 145, 1547, -1175, 200, 64, 64, 64
L 1410, -1175, 104, 1451, -1175, 145, 64, 64, 64
L 1383, -1175, 108, 1410, -1175, 104, 64, 64, 64
L 1319, -1175, 155, 1383, -1175, 108, 64, 64, 64
L 1215, -1175, 209, 1319, -1175, 155, 64, 64, 64
L 1195, -1160, 215, 1215, -1175, 209, 64, 64, 64
L 1149, -1130, 207, 1195, -1160, 215, 64, 64, 64
L 1092, -1131, 183, 1149, -1130, 207, 64, 64, 64
L 1064, -1135, 181, 1092, -1131, 183, 64, 64, 64
L 1012, -1173, 96, 1064, -1135, 181, 64, 64, 64
L 997, -1175, 96, 1012, -1173, 96, 64, 64, 64
L 963, -1175, 130, 997, -1175, 96, 64, 64, 64
L 941, -1175, 158, 963, -1175, 130, 64, 64, 64
L 913, -1175, 187, 941, -1175, 158, 64, 64, 64
L 817, -1175, 58, 913, -1175, 187, 64, 64, 64
L 797, -1172, 101, 817, -1175, 58, 64, 64, 64
L 768, -1175, 155, 797, -1172, 101, 64, 64, 64
L 745, -1175, 174, 768, -1175, 155, 64, 64, 64
L 531, -1175, 251, 745, -1175, 174, 64, 64, 64
L 412, -1175, 243, 531, -1175, 251, 64, 64, 64
L 349, -1174, 231, 412, -1175, 243, 64, 64, 64
L 299, -1178, 234, 349, -1174, 231, 64, 64, 64
L 275, -1186, 237, 299, -1178, 234, 64, 64, 64
L 262, -1159, 220, 275, -1186, 237, 64, 64, 64
L 239, -1129, 204, 262, -1159, 220, 64, 64, 64
L 210, -1111, 183, 239, -1129, 204, 64, 64, 64
L 167, -1155, 144, 210, -1111, 183, 64, 64, 64
L 161, -1163, 140, 167, -1155, 144, 64, 64, 64
L 161, -1211, 145, 161, -1163, 140, 64, 64, 64
L 162, -1249, 147, 161, -1211, 145, 64, 64, 64
L 163, -1280, 157, 162, -1249, 147, 64, 64, 64
L 163, -1302, 166, 163, -1280, 157, 64, 64, 64
L 167, -1313, 169, 163, -1302, 166, 64, 64, 64
L 211, -1357, 169, 167, -1313, 169, 64, 64, 64
L 194, -1475, 178, 211, -1357, 169, 64, 64, 64
L 190, -1478, 178, 194, -1475, 178, 64, 64, 64
L 176, -1484, 180, 190, -1478, 178, 64, 64, 64
L 181, -1498, 181, 176, -1484, 180, 64, 64, 64
L 181, -1502, 182, 181, -1498, 181, 64, 64, 64
L 104, -1598, 199, 181, -1502, 182, 64, 64, 64
L 2, -1602, 199, 104, -1598, 199, 64, 64, 64
L -79, -1553, 199, 2, -1602, 199, 64, 64, 64
L -178, -1539, 198, -79, -1553, 199, 64, 64, 64
L -255, -1574, 199, -178, -1539, 198, 64, 64, 64
L -260, -1642, 213, -255, -1574, 199, 64, 64, 64
L -255, -1668, 214, -260, -1642, 213, 64, 64, 64
L -261, -1677, 217, -255, -1668, 214, 64, 64, 64
L -270, -1684, 221, -261, -1677, 217, 64, 64, 64
L -258, -1696, 218, -270, -1684, 221, 64, 64, 64
L -243, -1710, 220, -258, -1696, 218, 64, 64, 64
L -229, -1722, 225, -243, -1710, 220, 64, 64, 64
L -211, -1705, 223, -229, -1722, 225, 64, 64, 64
L -166, -1724, 233, -211, -1705, 223, 64, 64, 64
L -162, -1822, 248, -166, -1724, 233, 64, 64, 64
L -178, -1828, 247, -162, -1822, 248, 64, 64, 64
L -178, -1859, 253, -178, -1828, 247, 64, 64, 64
L -178, -1873, 257, -178, -1859, 253, 64, 64, 64
L -169, -1876, 258, -178, -1873, 257, 64, 64, 64
L -205, -1957, 283, -169, -1876, 258, 64, 64, 64
L -335, -2029, 283, -205, -1957, 283, 64, 64, 64
L -426, -2096, 303, -335, -2029, 283, 64, 64, 64
L -458, -2208, 323, -426, -2096, 303, 64, 64, 64
L -437, -2233, 323, -458, -2208, 323, 64, 64, 64
L -439, -2247, 325, -437, -2233, 323, 64, 64, 64
L -441, -2261, 330, -439, -2247, 325, 64, 64, 64
L -440, -2263, 330, -441, -2261, 330, 64, 64, 64
L -421, -2265, 332, -440, -2263, 330, 64, 64, 64
L -392, -2271, 332, -421, -2265, 332, 64, 64, 64
L -388, -2247, 323, -392, -2271, 332, 64, 64, 64
L -373, -2250, 323, -388, -2247, 323, 64, 64, 64
L -300, -2237, 323, -373, -2250, 323, 64, 64, 64
L -233, -2214, 323, -300, -2237, 323, 64, 64, 64
L -230, -2226, 326, -233, -2214, 323, 64, 64, 64
L -207, -2218, 324, -230, -2226, 326, 64, 64, 64
L -209, -2211, 323, -207, -2218, 324, 64, 64, 64
L -152, -2218, 323, -209, -2211, 323, 64, 64, 64
L -102, -2281, 338, -152, -2218, 323, 64, 64, 64
L -17, -2290, 338, -102, -2281, 338, 64, 64, 64
L 102, -2337, 360, -17, -2290, 338, 64, 64, 64
L 114, -2359, 365, 102, -2337, 360, 64, 64, 64
L 127, -2383, 368, 114, -2359, 365, 64, 64, 64
L 129, -2392, 370, 127, -2383, 368, 64, 64, 64
L 129, -2393, 370, 129, -2392, 370, 64, 64, 64
L 145, -2385, 370, 129, -2393, 370, 64, 64, 64
L 176, -2465, 382, 145, -2385, 370, 64, 64, 64
L 164, -2461, 380, 176, -2465, 382, 64, 64, 64
L 163, -2465, 381, 164, -2461, 380, 64, 64, 64
L 162, -2480, 385, 163, -2465, 381, 64, 64, 64
L 161, -2495, 387, 162, -2480, 385, 64, 64, 64
L 158, -2500, 388, 161, -2495, 387, 64, 64, 64
L 168, -2504, 388, 158, -2500, 388, 64, 64, 64
L 132, -2540, 395, 168, -2504, 388, 64, 64, 64
L 31, -2560, 408, 132, -2540, 395, 64, 64, 64
L 23, -2556, 408, 31, -2560, 408, 64, 64, 64
L -4, -2537, 411, 23, -2556, 408, 64, 64, 64
L -25, -2568, 414, -4, -2537, 411, 64, 64, 64
L -97, -2576, 423, -25, -2568, 414, 64, 64, 64
L -158, -2605, 423, -97, -2576, 423, 64, 64, 64
L -218, -2661, 439, -158, -2605, 423, 64, 64, 64
L -255, -2729, 450, -218, -2661, 439, 64, 64, 64
L -289, -2781, 470, -255, -2729, 450, 64, 64, 64
L -301, -2819, 470, -289, -2781, 470, 64, 64, 64
L -248, -2844, 470, -301, -2819, 470, 64, 64, 64
L -248, -2871, 470, -248, -2844, 470, 64, 64, 64
L -278, -2872, 470, -248, -2871, 470, 150, 0, 200
L -278, -2852, 470, -278, -2872, 470, 64, 64, 64
L -350, -2826, 470, -278, -2852, 470, 64, 64, 64
L -338, -2782, 470, -350, -2826, 470, 64, 64, 64
L -309, -2706, 451, -338, -2782, 470, 64, 64, 64
L -255, -2641, 439, -309, -2706, 451, 64, 64, 64
L -169, -2551, 423, -255, -2641, 439, 64, 64, 64
L -96, -2528, 423, -169, -2551, 423, 64, 64, 64
L -1, -2520, 410, -96, -2528, 423, 64, 64, 64
L 69, -2488, 396, -1, -2520, 410, 64, 64, 64
L 91, -2461, 385, 69, -2488, 396, 64, 64, 64
L 82, -2393, 365, 91, -2461, 385, 64, 64, 64
L -21, -2366, 348, 82, -2393, 365, 64, 64, 64
L -122, -2359, 348, -21, -2366, 348, 64, 64, 64
L -116, -2347, 346, -122, -2359, 348, 64, 64, 64
L -136, -2340, 346, -116, -2347, 346, 64, 64, 64
L -160, -2332, 347, -136, -2340, 346, 64, 64, 64
L -163, -2329, 348, -160, -2332, 347, 64, 64, 64
L -165, -2333, 348, -163, -2329, 348, 64, 64, 64
L -176, -2313, 348, -165, -2333, 348, 64, 64, 64
L -159, -2291, 345, -176, -2313, 348, 64, 64, 64
L -176, -2277, 342, -159, -2291, 345, 64, 64, 64
L -192, -2262, 334, -176, -2277, 342, 64, 64, 64
L -200, -2260, 332, -192, -2262, 334, 64, 64, 64
L -220, -2287, 340, -200, -2260, 332, 64, 64, 64
L -229, -2285, 338, -220, -2287, 340, 64, 64, 64
L -298, -2307, 348, -229, -2285, 338, 64, 64, 64
L -398, -2321, 353, -298, -2307, 348, 64, 64, 64
L -487, -2290, 338, -398, -2321, 353, 64, 64, 64
L -515, -2232, 323, -487, -2290, 338, 64, 64, 64
L -480, -2063, 302, -515, -2232, 323, 64, 64, 64
L -380, -1985, 283, -480, -2063, 302, 64, 64, 64
L -370, -1980, 282, -380, -1985, 283, 64, 64, 64
L -364, -1996, 283, -370, -1980, 282, 64, 64, 64
L -345, -1987, 280, -364, -1996, 283, 64, 64, 64
L -347, -1977, 280, -345, -1987, 280, 64, 64, 64
L -348, -1970, 279, -347, -1977, 280, 64, 64, 64
L -255, -1927, 268, -348, -1970, 279, 64, 64, 64
L -223, -1859, 253, -255, -1927, 268, 64, 64, 64
L -228, -1751, 233, -223, -1859, 253, 64, 64, 64
L -228, -1750, 233, -228, -1751, 233, 64, 64, 64
L -291, -1723, 233, -228, -1750, 233, 64, 64, 64
L -312, -1639, 213, -291, -1723, 233, 64, 64, 64
L -303, -1562, 202, -312, -1639, 213, 64, 64, 64
L -286, -1570, 201, -303, -1562, 202, 64, 64, 64
L -280, -1556, 199, -286, -1570, 201, 64, 64, 64
L -274, -1539, 199, -280, -1556, 199, 64, 64, 64
L -265, -1524, 193, -274, -1539, 199, 64, 64, 64
L -187, -1496, 179, -265, -1524, 193, 64, 64, 64
L -72, -1496, 179, -187, -1496, 179, 64, 64, 64
L 11, -1541, 199, -72, -1496, 179, 64, 64, 64
L 91, -1527, 199, 11, -1541, 199, 64, 64, 64
L 132, -1459, 179, 91, -1527, 199, 64, 64, 64
L 126, -1374, 170, 132, -1459, 179, 64, 64, 64
L 119, -1338, 169, 126, -1374, 170, 64, 64, 64
L 114, -1317, 170, 119, -1338, 169, 64, 64, 64
L 112, -1279, 156, 114, -1317, 170, 64, 64, 64
L 109, -1259, 150, 112, -1279, 156, 64, 64, 64
L 68, -1259, 175, 109, -1259, 150, 64, 64, 64
L 63, -1247, 168, 68, -1259, 175, 64, 64, 64
L 52, -1220, 159, 63, -1247, 168, 64, 64, 64
L 10, -1204, 184, 52, -1220, 159, 64, 64, 64
L -42, -1203, 187, 10, -1204, 184, 64, 64, 64
L -40, -1202, 191, -42, -1203, 187, 64, 64, 64
L -32, -1196, 192, -40, -1202, 191, 64, 64, 64
L -9, -1180, 194, -32, -1196, 192, 64, 64, 64
L -11, -1177, 199, -9, -1180, 194, 64, 64, 64
L -22, -1169, 210, -11, -1177, 199, 64, 64, 64
L -27, -1166, 216, -22, -1169, 210, 64, 64, 64
L -37, -1159, 226, -27, -1166, 216, 64, 64, 64
L -40, -1149, 224, -37, -1159, 226, 64, 64, 64
L -58, -1159, 223, -40, -1149, 224, 64, 64, 64
L -62, -1161, 221, -58, -1159, 223, 64, 64, 64
L -73, -1164, 215, -62, -1161, 221, 64, 64, 64
L -73, -1165, 213, -73, -1164, 215, 64, 64, 64
L -61, -1183, 192, -73, -1165, 213, 64, 64, 64
L -58, -1203, 176, -61, -1183, 192, 64, 64, 64
L -91, -1203, 158, -58, -1203, 176, 64, 64, 64
L -202, -1203, 80, -91, -1203, 158, 64, 64, 64
L -268, -1203, 123, -202, -1203, 80, 64, 64, 64
L -323, -1203, 215, -268, -1203, 123, 64, 64, 64
L -359, -1202, 217, -323, -1203, 215, 64, 64, 64
L -415, -1202, 177, -359, -1202, 217, 64, 64, 64
L -442, -1202, 178, -415, -1202, 177, 64, 64, 64
L -477, -1202, 268, -442, -1202, 178, 64, 64, 64
L -533, -1202, 387, -477, -1202, 268, 64, 64, 64
L -603, -1202, 415, -533, -1202, 387, 64, 64, 64
L 630, 89, -6, 622, 88, -7, 64, 64, 64
L 632, 88, -6, 630, 89, -6, 64, 64, 64
L 606, 47, -6, 632, 88, -6, 64, 64, 64
L 607, 24, -7, 606, 47, -6, 64, 64, 64
L 615, 8, -7, 607, 24, -7, 64, 64, 64
L 592, -20, -7, 615, 8, -7, 64, 64, 64
L 583, -38, -7, 592, -20, -7, 64, 64, 64
L 593, -43, -7, 583, -38, -7, 64, 64, 64
L 631, -19, -7, 593, -43, -7, 64, 64, 64
L 637, -25, -7, 631, -19, -7, 64, 64, 64
L 638, -30, -7, 637, -25, -7, 64, 64, 64
L 651, -50, -7, 638, -30, -7, 64, 64, 64
L 671, -51, -7, 651, -50, -7, 64, 64, 64
L 695, -41, -7, 671, -51, -7, 64, 64, 64
L 708, -36, -7, 695, -41, -7, 64, 64, 64
L 729, -45, -6, 708, -36, -7, 64, 64, 64
L 748, -64, -7, 729, -45, -6, 64, 64, 64
L 765, -50, -7, 748, -64, -7, 64, 64, 64
L 785, -46, -7, 765, -50, -7, 64, 64, 64
L 797, -58, -7, 785, -46, -7, 64, 64, 64
L 825, -52, -7, 797, -58, -7, 64, 64, 64
L 864, -40, -7, 825, -52, -7, 64, 64, 64
L 877, -51, -7, 864, -40, -7, 64, 64, 64
L 898, -71, -7, 877, -51, -7, 64, 64, 64
L 902, -72, -7, 898, -71, -7, 64, 64, 64
L 908, -68, -7, 902, -72, -7, 64, 64, 64
L 940, -24, -6, 908, -68, -7, 64, 64, 64
L 946, -28, -7, 940, -24, -6, 64, 64, 64
L 963, -48, -7, 946, -28, -7, 64, 64, 64
L 978, -55, -8, 963, -48, -7, 64, 64, 64
L 1011, -29, -7, 978, -55, -8, 64, 64, 64
L 1019, -7, -7, 1011, -29, -7, 64, 64, 64
L 1052, 4, -7, 1019, -7, -7, 64, 64, 64
L 1059, 8, -7, 1052, 4, -7, 64, 64, 64
L 1085, -3, -7, 1059, 8, -7, 64, 64, 64
L 1097, -1, -7, 1085, -3, -7, 64, 64, 64
L 1107, 11, -7, 1097, -1, -7, 64, 64, 64
L 1112, 24, -7, 1107, 11, -7, 64, 64, 64
L 1103, 47, -7, 1112, 24, -7, 64, 64, 64
L 1121, 72, -7, 1103, 47, -7, 64, 64, 64
L 1130, 82, -7, 1121, 72, -7, 64, 64, 64
L 1167, 126, -6, 1130, 82, -7, 64, 64, 64
L 1173, 137, -7, 1167, 126, -6, 64, 64, 64
L 1189, 164, -7, 1173, 137, -7, 64, 64, 64
L 1193, 184, -7, 1189, 164, -7, 64, 64, 64
L 1203, 245, -7, 1193, 184, -7, 64, 64, 64
L 1195, 263, -7, 1203, 245, -7, 64, 64, 64
L 1192, 282, -7, 1195, 263, -7, 64, 64, 64
L 1176, 359, -7, 1192, 282, -7, 64, 64, 64
L 1179, 396, -7, 1176, 359, -7, 64, 64, 64
L 1185, 408, -7, 1179, 396, -7, 64, 64, 64
L 1174, 403, -7, 1185, 408, -7, 64, 64, 64
L 1164, 426, -7, 1174, 403, -7, 64, 64, 64
L 1136, 435, -7, 1164, 426, -7, 64, 64, 64
L 1128, 436, -7, 1136, 435, -7, 64, 64, 64
L 1109, 448, -7, 1128, 436, -7, 64, 64, 64
L 1118, 472, -7, 1109, 448, -7, 64, 64, 64
L 1133, 497, -7, 1118, 472, -7, 64, 64, 64
L 1143, 512, -7, 1133, 497, -7, 64, 64, 64
L 1145, 522, -7, 1143, 512, -7, 64, 64, 64
L 1152, 549, -7, 1145, 522, -7, 64, 64, 64
L 1162, 580, -7, 1152, 549, -7, 64, 64, 64
L 1163, 590, -7, 1162, 580, -7, 64, 64, 64
L 1174, 609, -7, 1163, 590, -7, 64, 64, 64
L 1187, 630, -7, 1174, 609, -7, 64, 64, 64
L 1183, 638, -6, 1187, 630, -7, 64, 64, 64
L 1175, 633, -6, 1183, 638, -6, 64, 64, 64
L 1137, 630, -7, 1175, 633, -6, 64, 64, 64
L 1134, 628, -7, 1137, 630, -7, 64, 64, 64
L 1109, 593, -7, 1134, 628, -7, 64, 64, 64
L 1097, 580, -7, 1109, 593, -7, 64, 64, 64
L 1080, 574, -7, 1097, 580, -7, 64, 64, 64
L 1056, 561, -7, 1080, 574, -7, 64, 64, 64
L 1036, 569, -7, 1056, 561, -7, 64, 64, 64
L 1017, 588, -7, 1036, 569, -7, 64, 64, 64
L 1009, 590, -7, 1017, 588, -7, 64, 64, 64
L 981, 606, -7, 1009, 590, -7, 64, 64, 64
L 969, 619, -7, 981, 606, -7, 64, 64, 64
L 941, 618, -7, 969, 619, -7, 64, 64, 64
L 902, 603, -7, 941, 618, -7, 64, 64, 64
L 880, 608, -7, 902, 603, -7, 64, 64, 64
L 863, 619, -7, 880, 608, -7, 64, 64, 64
L 825, 592, -7, 863, 619, -7, 64, 64, 64
L 802, 604, -6, 825, 592, -7, 64, 64, 64
L 788, 630, -7, 802, 604, -6, 64, 64, 64
L 786, 632, -7, 788, 630, -7, 64, 64, 64
L 779, 631, -7, 786, 632, -7, 64, 64, 64
L 781, 625, -7, 779, 631, -7, 64, 64, 64
L 763, 592, -7, 781, 625, -7, 64, 64, 64
L 748, 552, -7, 763, 592, -7, 64, 64, 64
L 746, 551, -7, 748, 552, -7, 64, 64, 64
L 744, 552, -7, 746, 551, -7, 64, 64, 64
L 726, 571, -7, 744, 552, -7, 64, 64, 64
L 711, 567, -7, 726, 571, -7, 64, 64, 64
L 669, 551, -7, 711, 567, -7, 64, 64, 64
L 667, 550, -7, 669, 551, -7, 64, 64, 64
L 664, 552, -7, 667, 550, -7, 64, 64, 64
L 640, 562, -7, 664, 552, -7, 64, 64, 64
L 632, 559, -7, 640, 562, -7, 64, 64, 64
L 619, 551, -7, 632, 559, -7, 64, 64, 64
L 592, 527, -7, 619, 551, -7, 64, 64, 64
L 574, 533, -7, 592, 527, -7, 64, 64, 64
L 553, 531, -7, 574, 533, -7, 64, 64, 64
L 544, 508, -8, 553, 531, -7, 64, 64, 64
L 553, 506, -6, 544, 508, -8, 64, 64, 64
L 587, 508, -6, 553, 506, -6, 64, 64, 64
L 583, 476, -7, 587, 508, -6, 64, 64, 64
L 580, 463, -7, 583, 476, -7, 64, 64, 64
L 591, 460, -7, 580, 463, -7, 64, 64, 64
L 604, 424, -6, 591, 460, -7, 64, 64, 64
L 591, 410, -7, 604, 424, -6, 64, 64, 64
L 566, 397, -7, 591, 410, -7, 64, 64, 64
L 553, 357, -7, 566, 397, -7, 64, 64, 64
L 557, 324, -7, 553, 357, -7, 64, 64, 64
L 558, 321, -7, 557, 324, -7, 64, 64, 64
L 559, 288, -7, 558, 321, -7, 64, 64, 64
L 552, 241, -7, 559, 288, -7, 64, 64, 64
L 553, 237, -7, 552, 241, -7, 64, 64, 64
L 565, 216, -7, 553, 237, -7, 64, 64, 64
L 561, 203, -7, 565, 216, -7, 64, 64, 64
L 556, 183, -7, 561, 203, -7, 64, 64, 64
L 553, 166, -7, 556, 183, -7, 64, 64, 64
L 540, 126, -7, 553, 166, -7, 64, 64, 64
L 541, 112, -7, 540, 126, -7, 0, 0, 240
L 550, 98, -7, 541, 112, -7, 0, 0, 240
L 558, 90, -7, 550, 98, -7, 64, 64, 64
L 594, 91, -7, 558, 90, -7, 64, 64, 64
L 622, 88, -7, 594, 91, -7, 64, 64, 64
L -111, -158, -6, -35, -192, -6, 0, 0, 240
L -129, -153, -6, -111, -158, -6, 0, 0, 240
L -136, -150, -6, -129, -153, -6, 0, 0, 240
L -170, -140, -7, -136, -150, -6, 0, 0, 240
L -190, -109, -7, -170, -140, -7, 0, 0, 240
L -201, -59, -7, -190, -109, -7, 0, 0, 240
L -210, -32, -7, -201, -59, -7, 0, 0, 240
L -216, -8, -6, -210, -32, -7, 0, 0, 240
L -224, 5, -7, -216, -8, -6, 0, 0, 240
L -248, 74, -7, -224, 5, -7, 0, 0, 240
L -252, 90, -7, -248, 74, -7, 0, 0, 240
L -250, 127, -8, -252, 90, -7, 0, 0, 240
L -258, 139, -7, -250, 127, -8, 0, 0, 240
L -261, 172, -7, -258, 139, -7, 0, 0, 240
L -268, 192, -7, -261, 172, -7, 0, 0, 240
L -265, 213, -7, -268, 192, -7, 0, 0, 240
L -257, 229, -7, -265, 213, -7, 0, 0, 240
L -253, 275, -7, -257, 229, -7, 0, 0, 240
L -251, 292, -4, -253, 275, -7, 0, 0, 240
L -250, 321, -8, -251, 292, -4, 0, 0, 240
L -251, 339, -6, -250, 321, -8, 0, 0, 240
L -255, 390, -7, -251, 339, -6, 0, 0, 240
L -258, 442, -7, -255, 390, -7, 0, 0, 240
L -248, 482, -6, -258, 442, -7, 0, 0, 240
L -246, 490, -8, -248, 482, -6, 0, 0, 240
L -240, 497, -7, -246, 490, -8, 0, 0, 240
L -180, 541, -6, -240, 497, -7, 0, 0, 240
L -172, 556, -7, -180, 541, -6, 0, 0, 240
L -148, 592, -7, -172, 556, -7, 0, 0, 240
L -159, 619, -7, -148, 592, -7, 0, 0, 240
L -161, 646, -7, -159, 619, -7, 0, 0, 240
L -163, 666, -6, -161, 646, -7, 0, 0, 240
L -165, 671, -7, -163, 666, -6, 0, 0, 240
L -175, 702, -8, -165, 671, -7, 0, 0, 240
L -188, 718, -8, -175, 702, -8, 0, 0, 240
L -199, 731, -7, -188, 718, -8, 0, 0, 240
L -203, 740, -7, -199, 731, -7, 0, 0, 240
L -211, 766, -7, -203, 740, -7, 0, 0, 240
L -222, 787, -7, -211, 766, -7, 0, 0, 240
L -226, 802, -7, -222, 787, -7, 0, 0, 240
L -237, 813, -7, -226, 802, -7, 0, 0, 240
L -247, 831, -7, -237, 813, -7, 0, 0, 240
L -258, 870, -7, -247, 831, -7, 0, 0, 240
L -267, 888, -6, -258, 870, -7, 0, 0, 240
L -270, 908, -7, -267, 888, -6, 0, 0, 240
L -285, 941, -7, -270, 908, -7, 0, 0, 240
L -288, 958, -6, -285, 941, -7, 0, 0, 240
L -292, 990, -7, -288, 958, -6, 0, 0, 240
L -289, 1010, -7, -292, 990, -7, 0, 0, 240
L -279, 1042, -7, -289, 1010, -7, 0, 0, 240
L -244, 1074, -6, -279, 1042, -7, 0, 0, 240
L -235, 1078, -7, -244, 1074, -6, 0, 0, 240
L -206, 1071, -7, -235, 1078, -7, 0, 0, 240
L -189, 1073, -7, -206, 1071, -7, 0, 0, 240
L -161, 1066, -7, -189, 1073, -7, 0, 0, 240
L -137, 1062, -7, -161, 1066, -7, 0, 0, 240
L -114, 1066, -7, -137, 1062, -7, 0, 0, 240
L -88, 1067, -6, -114, 1066, -7, 0, 0, 240
L -81, 1074, -6, -88, 1067, -6, 0, 0, 240
L -62, 1090, -7, -81, 1074, -6, 0, 0, 240
L -48, 1117, -8, -62, 1090, -7, 0, 0, 240
L -37, 1137, -8, -48, 1117, -8, 0, 0, 240
L -35, 1141, -7, -37, 1137, -8, 0, 0, 240
L -36, 1183, -7, -35, 1141, -7, 0, 0, 240
L -37, 1200, -7, -36, 1183, -7, 0, 0, 240
L -42, 1234, -5, -37, 1200, -7, 0, 0, 240
L -39, 1242, -7, -42, 1234, -5, 0, 0, 240
L -12, 1291, -7, -39, 1242, -7, 0, 0, 240
L 11, 1316, -6, -12, 1291, -7, 0, 0, 240
L 41, 1340, -6, 11, 1316, -6, 0, 0, 240
L 59, 1351, -6, 41, 1340, -6, 0, 0, 240
L 77, 1356, -7, 59, 1351, -6, 0, 0, 240
L 118, 1363, -6, 77, 1356, -7, 0, 0, 240
L 136, 1365, -6, 118, 1363, -6, 0, 0, 240
L 215, 1381, -6, 136, 1365, -6, 0, 0, 240
L 235, 1397, -7, 215, 1381, -6, 0, 0, 240
L 260, 1419, -7, 235, 1397, -7, 0, 0, 240
L 284, 1443, -5, 260, 1419, -7, 0, 0, 240
L 311, 1462, -7, 284, 1443, -5, 0, 0, 240
L 336, 1462, -6, 311, 1462, -7, 0, 0, 240
L 359, 1464, -6, 336, 1462, -6, 0, 0, 240
L 412, 1464, -7, 359, 1464, -6, 0, 0, 240
L 442, 1474, -7, 412, 1464, -7, 0, 0, 240
L 459, 1478, -6, 442, 1474, -7, 0, 0, 240
L 469, 1482, -7, 459, 1478, -6, 0, 0, 240
L 508, 1499, -6, 469, 1482, -7, 0, 0, 240
L 522, 1502, -7, 508, 1499, -6, 0, 0, 240
L 558, 1515, -7, 522, 1502, -7, 0, 0, 240
L 597, 1527, -7, 558, 1515, -7, 0, 0, 240
L 655, 1542, -7, 597, 1527, -7, 0, 0, 240
L 666, 1545, -6, 655, 1542, -7, 0, 0, 240
L 710, 1557, -7, 666, 1545, -6, 0, 0, 240
L 730, 1558, -7, 710, 1557, -7, 0, 0, 240
L 764, 1562, -7, 730, 1558, -7, 0, 0, 240
L 785, 1562, -5, 764, 1562, -7, 0, 0, 240
L 822, 1557, -10, 785, 1562, -5, 0, 0, 240
L 829, 1562, -7, 822, 1557, -10, 0, 0, 240
L 858, 1557, -7, 829, 1562, -7, 0, 0, 240
L 876, 1555, -7, 858, 1557, -7, 0, 0, 240
L 910, 1539, -7, 876, 1555, -7, 0, 0, 240
L 961, 1524, -7, 910, 1539, -7, 0, 0, 240
L 982, 1513, -7, 961, 1524, -7, 0, 0, 240
L 1014, 1498, -7, 982, 1513, -7, 0, 0, 240
L 1022, 1490, -7, 1014, 1498, -7, 0, 0, 240
L 1037, 1466, -7, 1022, 1490, -7, 0, 0, 240
L 1046, 1442, -6, 1037, 1466, -7, 0, 0, 240
L 1049, 1426, -7, 1046, 1442, -6, 0, 0, 240
L 1058, 1394, -7, 1049, 1426, -7, 0, 0, 240
L 1061, 1389, -6, 1058, 1394, -7, 0, 0, 240
L 1087, 1367, -4, 1061, 1389, -6, 0, 0, 240
L 1109, 1356, -7, 1087, 1367, -4, 0, 0, 240
L 1134, 1362, -7, 1109, 1356, -7, 0, 0, 240
L 1162, 1364, -7, 1134, 1362, -7, 0, 0, 240
L 1173, 1371, -6, 1162, 1364, -7, 0, 0, 240
L 1213, 1401, -7, 1173, 1371, -6, 0, 0, 240
L 1228, 1406, -8, 1213, 1401, -7, 0, 0, 240
L 1261, 1416, -7, 1228, 1406, -8, 0, 0, 240
L 1292, 1417, -7, 1261, 1416, -7, 0, 0, 240
L 1357, 1411, -7, 1292, 1417, -7, 0, 0, 240
L 1376, 1406, -7, 1357, 1411, -7, 0, 0, 240
L 1413, 1387, -7, 1376, 1406, -7, 0, 0, 240
L 1446, 1382, -7, 1413, 1387, -7, 0, 0, 240
L 1462, 1381, -7, 1446, 1382, -7, 0, 0, 240
L 1510, 1388, -7, 1462, 1381, -7, 0, 0, 240
L 1556, 1388, -7, 1510, 1388, -7, 0, 0, 240
L 1582, 1386, -8, 1556, 1388, -7, 0, 0, 240
L 1607, 1372, -3, 1582, 1386, -8, 0, 0, 240
L 1617, 1387, -7, 1607, 1372, -3, 0, 0, 240
L 1627, 1384, -7, 1617, 1387, -7, 0, 0, 240
L 1642, 1381, -6, 1627, 1384, -7, 0, 0, 240
L 1641, 1368, -8, 1642, 1381, -6, 0, 0, 240
L 1640, 1361, -8, 1641, 1368, -8, 0, 0, 240
L 1674, 1358, -8, 1640, 1361, -8, 0, 0, 240
L 1683, 1358, -6, 1674, 1358, -8, 0, 0, 240
L 1686, 1377, -7, 1683, 1358, -6, 0, 0, 240
L 1711, 1377, -7, 1686, 1377, -7, 0, 0, 240
L 1739, 1371, -6, 1711, 1377, -7, 0, 0, 240
L 1757, 1366, -5, 1739, 1371, -6, 0, 0, 240
L 1779, 1359, -7, 1757, 1366, -5, 0, 0, 240
L 1801, 1341, -7, 1779, 1359, -7, 0, 0, 240
L 1805, 1334, -7, 1801, 1341, -7, 0, 0, 240
L 1822, 1315, -7, 1805, 1334, -7, 0, 0, 240
L 1838, 1292, -7, 1822, 1315, -7, 0, 0, 240
L 1838, 1242, -7, 1838, 1292, -7, 0, 0, 240
L 1846, 1191, -6, 1838, 1242, -7, 0, 0, 240
L 1849, 1180, -7, 1846, 1191, -6, 0, 0, 240
L 1850, 1140, -7, 1849, 1180, -7, 0, 0, 240
L 1851, 1132, -7, 1850, 1140, -7, 0, 0, 240
L 1851, 1082, -7, 1851, 1132, -7, 0, 0, 240
L 1845, 992, -7, 1851, 1082, -7, 0, 0, 240
L 1842, 974, -7, 1845, 992, -7, 0, 0, 240
L 1840, 943, -7, 1842, 974, -7, 0, 0, 240
L 1833, 912, -7, 1840, 943, -7, 0, 0, 240
L 1833, 892, -7, 1833, 912, -7, 0, 0, 240
L 1823, 842, -7, 1833, 892, -7, 0, 0, 240
L 1832, 812, -7, 1823, 842, -7, 0, 0, 240
L 1835, 793, -7, 1832, 812, -7, 0, 0, 240
L 1843, 776, -6, 1835, 793, -7, 0, 0, 240
L 1848, 744, -6, 1843, 776, -6, 0, 0, 240
L 1850, 733, -7, 1848, 744, -6, 0, 0, 240
L 1862, 685, -5, 1850, 733, -7, 0, 0, 240
L 1871, 641, -5, 1862, 685, -5, 0, 0, 240
L 1883, 609, -6, 1871, 641, -5, 0, 0, 240
L 1892, 591, -6, 1883, 609, -6, 0, 0, 240
L 1896, 574, -6, 1892, 591, -6, 0, 0, 240
L 1910, 546, -6, 1896, 574, -6, 0, 0, 240
L 1913, 538, -7, 1910, 546, -6, 0, 0, 240
L 1925, 504, -6, 1913, 538, -7, 0, 0, 240
L 1930, 493, -6, 1925, 504, -6, 0, 0, 240
L 1939, 470, -6, 1930, 493, -6, 0, 0, 240
L 1956, 437, -7, 1939, 470, -6, 0, 0, 240
L 1984, 414, -6, 1956, 437, -7, 0, 0, 240
L 1988, 401, -6, 1984, 414, -6, 0, 0, 240
L 2002, 382, -6, 1988, 401, -6, 0, 0, 240
L 2006, 342, -7, 2002, 382, -6, 0, 0, 240
L 2004, 333, -6, 2006, 342, -7, 0, 0, 240
L 1989, 268, -6, 2004, 333, -6, 0, 0, 240
L 1987, 244, -8, 1989, 268, -6, 0, 0, 240
L 1997, 225, -6, 1987, 244, -8, 0, 0, 240
L 2013, 207, -7, 1997, 225, -6, 0, 0, 240
L 2019, 204, -6, 2013, 207, -7, 0, 0, 240
L 2028, 190, -6, 2019, 204, -6, 0, 0, 240
L 2046, 181, -7, 2028, 190, -6, 0, 0, 240
L 2062, 166, -7, 2046, 181, -7, 0, 0, 240
L 2079, 156, -7, 2062, 166, -7, 0, 0, 240
L 2087, 140, -6, 2079, 156, -7, 0, 0, 240
L 2098, 129, -7, 2087, 140, -6, 0, 0, 240
L 2112, 111, -5, 2098, 129, -7, 0, 0, 240
L 2119, 104, -8, 2112, 111, -5, 0, 0, 240
L 2119, 77, -8, 2119, 104, -8, 0, 0, 240
L 2104, 43, -6, 2119, 77, -8, 0, 0, 240
L 2026, -5, -8, 2104, 43, -6, 0, 0, 240
L 2026, -44, -6, 2026, -5, -8, 0, 0, 240
L 2027, -97, -6, 2026, -44, -6, 0, 0, 240
L 2036, -135, -7, 2027, -97, -6, 0, 0, 240
L 2044, -158, -6, 2036, -135, -7, 0, 0, 240
L 2047, -173, -7, 2044, -158, -6, 0, 0, 240
L 2049, -184, -5, 2047, -173, -7, 0, 0, 240
L 2050, -212, -6, 2049, -184, -5, 0, 0, 240
L 2045, -226, -6, 2050, -212, -6, 0, 0, 240
L 2040, -262, -6, 2045, -226, -6, 0, 0, 240
L 2026, -294, -6, 2040, -262, -6, 0, 0, 240
L 2012, -347, -6, 2026, -294, -6, 0, 0, 240
L 2003, -368, -7, 2012, -347, -6, 0, 0, 240
L 1987, -409, -6, 2003, -368, -7, 0, 0, 240
L 1963, -437, -6, 1987, -409, -6, 0, 0, 240
L 1911, -460, -7, 1963, -437, -6, 0, 0, 240
L 1862, -469, -7, 1911, -460, -7, 0, 0, 240
L 1809, -509, -7, 1862, -469, -7, 0, 0, 240
L 1763, -541, -6, 1809, -509, -7, 0, 0, 240
L 1741, -558, -7, 1763, -541, -6, 0, 0, 240
L 1710, -581, -7, 1741, -558, -7, 0, 0, 240
L 1669, -608, -7, 1710, -581, -7, 0, 0, 240
L 1663, -613, -7, 1669, -608, -7, 0, 0, 240
L 1618, -654, -7, 1663, -613, -7, 0, 0, 240
L 1571, -709, -7, 1618, -654, -7, 0, 0, 240
L 1561, -726, -7, 1571, -709, -7, 0, 0, 240
L 1539, -760, -7, 1561, -726, -7, 0, 0, 240
L 1518, -802, -7, 1539, -760, -7, 0, 0, 240
L 1485, -858, -6, 1518, -802, -7, 0, 0, 240
L 1461, -894, -7, 1485, -858, -6, 0, 0, 240
L 1429, -911, -6, 1461, -894, -7, 0, 0, 240
L 1411, -917, -7, 1429, -911, -6, 0, 0, 240
L 1367, -917, -6, 1411, -917, -7, 0, 0, 240
L 1359, -915, -8, 1367, -917, -6, 0, 0, 240
L 1332, -900, -9, 1359, -915, -8, 0, 0, 240
L 1314, -900, -7, 1332, -900, -9, 0, 0, 240
L 1281, -896, -6, 1314, -900, -7, 0, 0, 240
L 1261, -891, -7, 1281, -896, -6, 0, 0, 240
L 1235, -889, -7, 1261, -891, -7, 0, 0, 240
L 1172, -882, -6, 1235, -889, -7, 0, 0, 240
L 1133, -875, -7, 1172, -882, -6, 0, 0, 240
L 1104, -871, -7, 1133, -875, -7, 0, 0, 240
L 1061, -860, -7, 1104, -871, -7, 0, 0, 240
L 1029, -841, -7, 1061, -860, -7, 0, 0, 240
L 1012, -837, -7, 1029, -841, -7, 0, 0, 240
L 989, -825, -6, 1012, -837, -7, 0, 0, 240
L 974, -810, -7, 989, -825, -6, 0, 0, 240
L 968, -802, -6, 974, -810, -7, 0, 0, 240
L 962, -796, -7, 968, -802, -6, 0, 0, 240
L 946, -778, -7, 962, -796, -7, 0, 0, 240
L 932, -759, -5, 946, -778, -7, 0, 0, 240
L 924, -749, -7, 932, -759, -5, 0, 0, 240
L 920, -742, -7, 924, -749, -7, 0, 0, 240
L 911, -722, -6, 920, -742, -7, 0, 0, 240
L 906, -715, -7, 911, -722, -6, 0, 0, 240
L 901, -711, -7, 906, -715, -7, 0, 0, 240
L 882, -690, -7, 901, -711, -7, 0, 0, 240
L 862, -685, -7, 882, -690, -7, 0, 0, 240
L 844, -679, -7, 862, -685, -7, 0, 0, 240
L 808, -660, -7, 844, -679, -7, 0, 0, 240
L 762, -660, -7, 808, -660, -7, 0, 0, 240
L 711, -657, -7, 762, -660, -7, 0, 0, 240
L 661, -655, -7, 711, -657, -7, 0, 0, 240
L 647, -659, -7, 661, -655, -7, 0, 0, 240
L 611, -672, -7, 647, -659, -7, 0, 0, 240
L 591, -681, -7, 611, -672, -7, 0, 0, 240
L 563, -693, -7, 591, -681, -7, 0, 0, 240
L 534, -687, -6, 563, -693, -7, 0, 0, 240
L 513, -687, -7, 534, -687, -6, 0, 0, 240
L 488, -683, -7, 513, -687, -7, 0, 0, 240
L 466, -677, -7, 488, -683, -7, 0, 0, 240
L 412, -660, -7, 466, -677, -7, 0, 0, 240
L 384, -639, -7, 412, -660, -7, 0, 0, 240
L 362, -626, -6, 384, -639, -7, 0, 0, 240
L 351, -621, -6, 362, -626, -6, 0, 0, 240
L 335, -612, -6, 351, -621, -6, 0, 0, 240
L 321, -600, -7, 335, -612, -6, 0, 0, 240
L 313, -597, -7, 321, -600, -7, 0, 0, 240
L 276, -593, -7, 313, -597, -7, 0, 0, 240
L 263, -593, -7, 276, -593, -7, 0, 0, 240
L 224, -610, -7, 263, -593, -7, 0, 0, 240
L 212, -616, -7, 224, -610, -7, 0, 0, 240
L 164, -646, -6, 212, -616, -7, 0, 0, 240
L 112, -641, -6, 164, -646, -6, 0, 0, 240
L 96, -625, -7, 112, -641, -6, 0, 0, 240
L 91, -608, -7, 96, -625, -7, 0, 0, 240
L 87, -559, -7, 91, -608, -7, 0, 0, 240
L 87, -537, -7, 87, -559, -7, 0, 0, 240
L 88, -522, -7, 87, -537, -7, 0, 0, 240
L 88, -506, -6, 88, -522, -7, 0, 0, 240
L 88, -485, -7, 88, -506, -6, 0, 0, 240
L 89, -460, -7, 88, -485, -7, 0, 0, 240
L 80, -391, -7, 89, -460, -7, 0, 0, 240
L 62, -363, -7, 80, -391, -7, 0, 0, 240
L 48, -332, -7, 62, -363, -7, 0, 0, 240
L 37, -311, -6, 48, -332, -7, 0, 0, 240
L 33, -292, -7, 37, -311, -6, 0, 0, 240
L 24, -260, -6, 33, -292, -7, 0, 0, 240
L 24, -248, -7, 24, -260, -6, 0, 0, 240
L 11, -231, -7, 24, -248, -7, 0, 0, 240
L 4, -216, -7, 11, -231, -7, 0, 0, 240
L -2, -213, -7, 4, -216, -7, 0, 0, 240
L -24, -196, -7, -2, -213, -7, 0, 0, 240
L -38, -190, -7, -24, -196, -7, 0, 0, 240
