L -765, 1780, 1, -772, 1763, 1, 100, 50, 0
L -763, 1783, 1, -765, 1780, 1, 100, 50, 0
L -655, 1782, 1, -763, 1783, 1, 100, 50, 0
L -655, 1764, 1, -655, 1782, 1, 100, 50, 0
L -772, 1763, 1, -655, 1764, 1, 100, 50, 0
L -990, 1607, 31, -969, 1605, 31, 100, 50, 0
L -992, 1586, 32, -990, 1607, 31, 100, 50, 0
L -971, 1584, 32, -992, 1586, 32, 100, 50, 0
L -969, 1605, 31, -971, 1584, 32, 100, 50, 0
L -971, 1599, 33, -970, 1599, 33, 100, 50, 0
L -971, 1603, 33, -971, 1599, 33, 100, 50, 0
L -988, 1605, 33, -971, 1603, 33, 100, 50, 0
L -990, 1587, 33, -988, 1605, 33, 100, 50, 0
L -973, 1585, 33, -990, 1587, 33, 100, 50, 0
L -972, 1589, 33, -973, 1585, 33, 100, 50, 0
L -971, 1589, 33, -972, 1589, 33, 100, 50, 0
L -889, 1508, 15, -888, 1509, 15, 100, 50, 0
L -886, 1504, 15, -889, 1508, 15, 100, 50, 0
L -915, 1482, 15, -886, 1504, 15, 100, 50, 0
L -926, 1496, 15, -915, 1482, 15, 100, 50, 0
L -897, 1519, 15, -926, 1496, 15, 100, 50, 0
L -896, 1516, 15, -897, 1519, 15, 100, 50, 0
L -895, 1516, 15, -896, 1516, 15, 100, 50, 0
L -894, 1517, 15, -895, 1516, 15, 100, 50, 0
L -862, 1488, 11, -862, 1487, 11, 100, 50, 0
L -852, 1488, 11, -852, 1489, 11, 100, 50, 0
L -848, 1489, 11, -852, 1488, 11, 100, 50, 0
L -846, 1471, 11, -848, 1489, 11, 100, 50, 0
L -864, 1469, 11, -846, 1471, 11, 100, 50, 0
L -866, 1486, 11, -864, 1469, 11, 100, 50, 0
L -863, 1487, 11, -866, 1486, 11, 100, 50, 0
L -865, 1467, 10, -868, 1488, 10, 100, 50, 0
L -845, 1470, 11, -865, 1467, 10, 100, 50, 0
L -847, 1490, 8, -845, 1470, 10, 100, 50, 0
L -868, 1488, 10, -847, 1490, 8, 100, 50, 0
L -929, 1496, 14, -897, 1521, 11, 100, 50, 0
L -916, 1480, 15, -929, 1496, 14, 100, 50, 0
L -884, 1505, 10, -916, 1480, 15, 100, 50, 0
L -897, 1521, 11, -884, 1505, 10, 100, 50, 0
L -1108, 983, 113, -1128, 989, 116, 64, 64, 64
L -1101, 1002, 112, -1108, 983, 112, 64, 64, 64
L -1119, 1011, 115, -1101, 1002, 114, 64, 64, 64
L -1128, 989, 116, -1119, 1011, 116, 64, 64, 64
L -1263, 941, 101, -1269, 921, 100, 64, 64, 64
L -1243, 936, 101, -1263, 941, 101, 64, 64, 64
L -1249, 915, 97, -1243, 936, 101, 64, 64, 64
L -1269, 921, 98, -1249, 915, 97, 64, 64, 64
L -1372, 891, 88, -1376, 899, 88, 64, 64, 64
L -1358, 875, 88, -1372, 891, 88, 64, 64, 64
L -1349, 872, 90, -1358, 875, 88, 64, 64, 64
L -1341, 876, 92, -1349, 872, 90, 64, 64, 64
L -1338, 884, 93, -1341, 876, 92, 64, 64, 64
L -1324, 886, 92, -1338, 884, 93, 64, 64, 64
L -1314, 896, 94, -1324, 886, 92, 64, 64, 64
L -1316, 903, 96, -1314, 896, 94, 64, 64, 64
L -1317, 915, 98, -1316, 903, 96, 64, 64, 64
L -1312, 926, 100, -1317, 915, 98, 64, 64, 64
L -1309, 936, 102, -1312, 926, 100, 64, 64, 64
L -1289, 952, 105, -1309, 936, 102, 64, 64, 64
L -1282, 958, 106, -1289, 952, 105, 64, 64, 64
L -1274, 956, 104, -1282, 958, 106, 64, 64, 64
L -1271, 951, 102, -1274, 956, 104, 64, 64, 64
L -1268, 945, 101, -1271, 951, 102, 64, 64, 64
L -1265, 950, 102, -1268, 945, 101, 64, 64, 64
L -1259, 947, 102, -1265, 950, 102, 64, 64, 64
L -1255, 949, 102, -1259, 947, 102, 64, 64, 64
L -1253, 954, 102, -1255, 949, 102, 64, 64, 64
L -1248, 957, 103, -1253, 954, 102, 64, 64, 64
L -1243, 951, 102, -1248, 957, 103, 64, 64, 64
L -1231, 955, 103, -1243, 951, 102, 64, 64, 64
L -1223, 956, 106, -1231, 955, 103, 64, 64, 64
L -1217, 954, 108, -1223, 956, 106, 64, 64, 64
L -1208, 956, 111, -1217, 954, 108, 64, 64, 64
L -1204, 953, 111, -1208, 956, 111, 64, 64, 64
L -1194, 958, 112, -1204, 953, 111, 64, 64, 64
L -1184, 965, 115, -1194, 958, 112, 64, 64, 64
L -1176, 975, 120, -1184, 965, 115, 64, 64, 64
L -1174, 986, 126, -1176, 975, 120, 64, 64, 64
L -1169, 987, 125, -1174, 986, 126, 64, 64, 64
L -1168, 995, 124, -1169, 987, 125, 64, 64, 64
L -1164, 1004, 123, -1168, 995, 124, 64, 64, 64
L -1162, 1013, 122, -1164, 1004, 123, 64, 64, 64
L -1155, 1009, 122, -1162, 1013, 122, 64, 64, 64
L -1149, 1009, 121, -1155, 1009, 122, 64, 64, 64
L -1143, 1011, 120, -1149, 1009, 121, 64, 64, 64
L -1137, 1010, 119, -1143, 1011, 120, 64, 64, 64
L -1133, 1007, 118, -1137, 1010, 119, 64, 64, 64
L -1126, 1010, 117, -1133, 1007, 118, 64, 64, 64
L -1124, 1026, 117, -1126, 1010, 117, 64, 64, 64
L -1116, 1036, 116, -1124, 1026, 117, 64, 64, 64
L -1107, 1034, 114, -1116, 1036, 116, 64, 64, 64
L -1100, 1028, 113, -1107, 1034, 114, 64, 64, 64
L -1096, 1028, 112, -1100, 1028, 113, 64, 64, 64
L -1093, 1029, 112, -1096, 1028, 112, 64, 64, 64
L -1091, 1021, 112, -1093, 1029, 112, 64, 64, 64
L -1089, 1010, 111, -1091, 1021, 112, 64, 64, 64
L -1092, 997, 111, -1089, 1010, 111, 64, 64, 64
L -1092, 994, 111, -1092, 997, 111, 64, 64, 64
L -1088, 991, 110, -1092, 994, 111, 64, 64, 64
L -1080, 992, 109, -1088, 991, 110, 64, 64, 64
L -1066, 986, 107, -1080, 992, 109, 64, 64, 64
L -1060, 985, 105, -1066, 986, 107, 64, 64, 64
L -1056, 989, 104, -1060, 985, 105, 64, 64, 64
L -1054, 994, 103, -1056, 989, 104, 64, 64, 64
L -1043, 998, 98, -1054, 994, 103, 64, 64, 64
L -1035, 1003, 95, -1043, 998, 98, 64, 64, 64
L -1032, 1012, 96, -1035, 1003, 95, 64, 64, 64
L -1033, 1020, 96, -1032, 1012, 96, 64, 64, 64
L -1032, 1027, 96, -1033, 1020, 96, 64, 64, 64
L -1028, 1034, 95, -1032, 1027, 96, 64, 64, 64
L -1026, 1047, 95, -1028, 1034, 95, 64, 64, 64
L -1029, 1052, 96, -1026, 1047, 95, 64, 64, 64
L -1033, 1056, 97, -1029, 1052, 96, 64, 64, 64
L -1029, 1062, 96, -1033, 1056, 97, 64, 64, 64
L -1032, 1077, 98, -1029, 1062, 96, 64, 64, 64
L -1033, 1083, 98, -1032, 1077, 98, 64, 64, 64
L -1033, 1089, 99, -1033, 1083, 98, 64, 64, 64
L -1023, 1100, 95, -1033, 1089, 99, 64, 64, 64
L -1024, 1103, 96, -1023, 1100, 95, 64, 64, 64
L -1025, 1107, 96, -1024, 1103, 96, 64, 64, 64
L -1030, 1113, 99, -1025, 1107, 96, 64, 64, 64
L -1033, 1116, 100, -1030, 1113, 99, 64, 64, 64
L -1029, 1123, 99, -1033, 1116, 100, 64, 64, 64
L -1031, 1137, 99, -1029, 1123, 99, 64, 64, 64
L -1033, 1146, 99, -1031, 1137, 99, 64, 64, 64
L -1032, 1154, 98, -1033, 1146, 99, 64, 64, 64
L -1026, 1160, 96, -1032, 1154, 98, 64, 64, 64
L -1023, 1161, 96, -1026, 1160, 96, 64, 64, 64
L -1026, 1168, 98, -1023, 1161, 96, 64, 64, 64
L -1026, 1175, 99, -1026, 1168, 98, 64, 64, 64
L -1032, 1180, 101, -1026, 1175, 99, 64, 64, 64
L -1030, 1183, 101, -1032, 1180, 101, 64, 64, 64
L -1029, 1188, 102, -1030, 1183, 101, 64, 64, 64
L -1031, 1200, 103, -1029, 1188, 102, 64, 64, 64
L -1035, 1209, 105, -1031, 1200, 103, 64, 64, 64
L -1034, 1216, 104, -1035, 1209, 105, 64, 64, 64
L -1030, 1221, 101, -1034, 1216, 104, 64, 64, 64
L -1024, 1226, 97, -1030, 1221, 101, 64, 64, 64
L -1024, 1230, 96, -1024, 1226, 97, 64, 64, 64
L -1026, 1231, 96, -1024, 1230, 96, 64, 64, 64
L -1025, 1237, 93, -1026, 1231, 96, 64, 64, 64
L -1030, 1242, 93, -1025, 1237, 93, 64, 64, 64
L -1030, 1259, 90, -1030, 1242, 93, 64, 64, 64
L -1032, 1270, 89, -1030, 1259, 90, 64, 64, 64
L -1035, 1274, 91, -1032, 1270, 89, 64, 64, 64
L -1033, 1283, 90, -1035, 1274, 91, 64, 64, 64
L -1026, 1286, 88, -1033, 1283, 90, 64, 64, 64
L -1022, 1290, 86, -1026, 1286, 88, 64, 64, 64
L -1025, 1295, 88, -1022, 1290, 86, 64, 64, 64
L -1025, 1300, 89, -1025, 1295, 88, 64, 64, 64
L -1031, 1306, 91, -1025, 1300, 89, 64, 64, 64
L -1029, 1319, 91, -1031, 1306, 91, 64, 64, 64
L -1034, 1324, 93, -1029, 1319, 91, 64, 64, 64
L -1032, 1338, 86, -1034, 1324, 93, 64, 64, 64
L -1031, 1347, 79, -1032, 1338, 86, 64, 64, 64
L -1031, 1356, 74, -1031, 1347, 79, 64, 64, 64
L -1040, 1369, 60, -1031, 1356, 74, 64, 64, 64
L -1045, 1376, 53, -1040, 1369, 60, 64, 64, 64
L -1059, 1382, 46, -1045, 1376, 53, 64, 64, 64
L -1061, 1383, 47, -1059, 1382, 46, 64, 64, 64
L -1073, 1388, 61, -1061, 1383, 47, 64, 64, 64
L -1077, 1403, 69, -1073, 1388, 61, 64, 64, 64
L -1080, 1410, 75, -1077, 1403, 69, 64, 64, 64
L -1085, 1413, 82, -1080, 1410, 75, 64, 64, 64
L -1097, 1411, 90, -1085, 1413, 82, 64, 64, 64
L -1111, 1415, 94, -1097, 1411, 90, 64, 64, 64
L -1116, 1414, 97, -1111, 1415, 94, 64, 64, 64
L -1121, 1408, 101, -1116, 1414, 97, 64, 64, 64
L -1130, 1410, 102, -1121, 1408, 101, 64, 64, 64
L -1135, 1417, 99, -1130, 1410, 102, 64, 64, 64
L -1140, 1419, 99, -1135, 1417, 99, 64, 64, 64
L -1146, 1417, 102, -1140, 1419, 99, 64, 64, 64
L -1152, 1413, 106, -1146, 1417, 102, 64, 64, 64
L -1160, 1414, 108, -1152, 1413, 106, 64, 64, 64
L -1170, 1414, 113, -1160, 1414, 108, 64, 64, 64
L -1176, 1411, 115, -1170, 1414, 113, 64, 64, 64
L -1186, 1412, 114, -1176, 1411, 115, 64, 64, 64
L -1194, 1413, 114, -1186, 1412, 114, 64, 64, 64
L -1202, 1413, 113, -1194, 1413, 114, 64, 64, 64
L -1214, 1407, 115, -1202, 1413, 113, 64, 64, 64
L -1222, 1400, 117, -1214, 1407, 115, 64, 64, 64
L -1230, 1389, 120, -1222, 1400, 117, 64, 64, 64
L -1232, 1384, 122, -1230, 1389, 120, 64, 64, 64
L -1245, 1391, 118, -1232, 1384, 122, 64, 64, 64
L -1245, 1405, 113, -1245, 1391, 118, 64, 64, 64
L -1248, 1411, 110, -1245, 1405, 113, 64, 64, 64
L -1251, 1413, 109, -1248, 1411, 110, 64, 64, 64
L -1265, 1411, 109, -1251, 1413, 109, 64, 64, 64
L -1277, 1413, 108, -1265, 1411, 109, 64, 64, 64
L -1286, 1413, 107, -1277, 1413, 108, 64, 64, 64
L -1295, 1414, 106, -1286, 1413, 107, 64, 64, 64
L -1301, 1422, 104, -1295, 1414, 106, 64, 64, 64
L -1308, 1434, 99, -1301, 1422, 104, 64, 64, 64
L -1312, 1438, 97, -1308, 1434, 99, 64, 64, 64
L -1316, 1448, 94, -1312, 1438, 97, 64, 64, 64
L -1316, 1456, 93, -1316, 1448, 94, 64, 64, 64
L -1314, 1466, 91, -1316, 1456, 93, 64, 64, 64
L -1315, 1469, 90, -1314, 1466, 91, 64, 64, 64
L -1319, 1478, 86, -1315, 1469, 90, 64, 64, 64
L -1326, 1484, 81, -1319, 1478, 86, 64, 64, 64
L -1329, 1488, 79, -1326, 1484, 81, 64, 64, 64
L -1340, 1495, 73, -1329, 1488, 79, 64, 64, 64
L -1345, 1495, 71, -1340, 1495, 73, 64, 64, 64
L -1352, 1494, 71, -1345, 1495, 71, 64, 64, 64
L -1353, 1485, 75, -1352, 1494, 71, 64, 64, 64
L -1355, 1481, 77, -1353, 1485, 75, 64, 64, 64
L -1355, 1470, 81, -1355, 1481, 77, 64, 64, 64
L -1362, 1469, 80, -1355, 1470, 81, 64, 64, 64
L -1365, 1471, 80, -1362, 1469, 80, 64, 64, 64
L -1375, 1473, 78, -1365, 1471, 80, 64, 64, 64
L -1381, 1469, 80, -1375, 1473, 78, 64, 64, 64
L -1385, 1473, 78, -1381, 1469, 80, 64, 64, 64
L -1387, 1474, 78, -1385, 1473, 78, 64, 64, 64
L -1395, 1470, 79, -1387, 1474, 78, 64, 64, 64
L -1395, 1458, 83, -1395, 1470, 79, 64, 64, 64
L -1398, 1452, 86, -1395, 1458, 83, 64, 64, 64
L -1402, 1442, 89, -1398, 1452, 86, 64, 64, 64
L -1408, 1435, 92, -1402, 1442, 89, 64, 64, 64
L -1409, 1423, 96, -1408, 1435, 92, 64, 64, 64
L -1414, 1410, 101, -1409, 1423, 96, 64, 64, 64
L -1421, 1412, 100, -1414, 1410, 101, 64, 64, 64
L -1426, 1414, 100, -1421, 1412, 100, 64, 64, 64
L -1435, 1414, 101, -1426, 1414, 100, 64, 64, 64
L -1441, 1417, 100, -1435, 1414, 101, 64, 64, 64
L -1448, 1416, 101, -1441, 1417, 100, 64, 64, 64
L -1453, 1409, 104, -1448, 1416, 101, 64, 64, 64
L -1452, 1398, 107, -1453, 1409, 104, 64, 64, 64
L -1456, 1392, 109, -1452, 1398, 107, 64, 64, 64
L -1462, 1382, 113, -1456, 1392, 109, 64, 64, 64
L -1468, 1369, 116, -1462, 1382, 113, 64, 64, 64
L -1472, 1361, 117, -1468, 1369, 116, 64, 64, 64
L -1472, 1358, 118, -1472, 1361, 117, 64, 64, 64
L -1483, 1358, 117, -1472, 1358, 118, 64, 64, 64
L -1490, 1356, 118, -1483, 1358, 117, 64, 64, 64
L -1498, 1357, 118, -1490, 1356, 118, 64, 64, 64
L -1507, 1359, 119, -1498, 1357, 118, 64, 64, 64
L -1508, 1354, 120, -1507, 1359, 119, 64, 64, 64
L -1506, 1345, 120, -1508, 1354, 120, 64, 64, 64
L -1512, 1337, 121, -1506, 1345, 120, 64, 64, 64
L -1516, 1326, 123, -1512, 1337, 121, 64, 64, 64
L -1518, 1320, 120, -1516, 1326, 123, 64, 64, 64
L -1521, 1316, 119, -1518, 1320, 120, 64, 64, 64
L -1526, 1311, 116, -1521, 1316, 119, 64, 64, 64
L -1533, 1312, 114, -1526, 1311, 116, 64, 64, 64
L -1544, 1306, 110, -1533, 1312, 114, 64, 64, 64
L -1546, 1300, 107, -1544, 1306, 110, 64, 64, 64
L -1543, 1291, 105, -1546, 1300, 107, 64, 64, 64
L -1543, 1288, 104, -1543, 1291, 105, 64, 64, 64
L -1546, 1281, 101, -1543, 1288, 104, 64, 64, 64
L -1550, 1274, 98, -1546, 1281, 101, 64, 64, 64
L -1548, 1270, 98, -1550, 1274, 98, 64, 64, 64
L -1548, 1266, 98, -1548, 1270, 98, 64, 64, 64
L -1550, 1264, 97, -1548, 1266, 98, 64, 64, 64
L -1553, 1258, 97, -1550, 1264, 97, 64, 64, 64
L -1552, 1252, 98, -1553, 1258, 97, 64, 64, 64
L -1551, 1247, 100, -1552, 1252, 98, 64, 64, 64
L -1545, 1246, 102, -1551, 1247, 100, 64, 64, 64
L -1546, 1241, 102, -1545, 1246, 102, 64, 64, 64
L -1546, 1230, 102, -1546, 1241, 102, 64, 64, 64
L -1545, 1212, 104, -1546, 1230, 102, 64, 64, 64
L -1547, 1202, 106, -1545, 1212, 104, 64, 64, 64
L -1550, 1197, 107, -1547, 1202, 106, 64, 64, 64
L -1551, 1186, 111, -1550, 1197, 107, 64, 64, 64
L -1544, 1181, 114, -1551, 1186, 111, 64, 64, 64
L -1546, 1175, 115, -1544, 1181, 114, 64, 64, 64
L -1546, 1161, 118, -1546, 1175, 115, 64, 64, 64
L -1545, 1153, 119, -1546, 1161, 118, 64, 64, 64
L -1542, 1147, 117, -1545, 1153, 119, 64, 64, 64
L -1546, 1141, 114, -1542, 1147, 117, 64, 64, 64
L -1550, 1138, 113, -1546, 1141, 114, 64, 64, 64
L -1555, 1131, 110, -1550, 1138, 113, 64, 64, 64
L -1546, 1121, 108, -1555, 1131, 110, 64, 64, 64
L -1544, 1116, 107, -1546, 1121, 108, 64, 64, 64
L -1547, 1109, 105, -1544, 1116, 107, 64, 64, 64
L -1544, 1098, 102, -1547, 1109, 105, 64, 64, 64
L -1547, 1082, 96, -1544, 1098, 102, 64, 64, 64
L -1546, 1071, 93, -1547, 1082, 96, 64, 64, 64
L -1541, 1059, 94, -1546, 1071, 93, 64, 64, 64
L -1533, 1053, 97, -1541, 1059, 94, 64, 64, 64
L -1527, 1045, 99, -1533, 1053, 97, 64, 64, 64
L -1517, 1042, 104, -1527, 1045, 99, 64, 64, 64
L -1513, 1037, 103, -1517, 1042, 104, 64, 64, 64
L -1511, 1035, 103, -1513, 1037, 103, 64, 64, 64
L -1502, 1033, 104, -1511, 1035, 103, 64, 64, 64
L -1494, 1031, 106, -1502, 1033, 104, 64, 64, 64
L -1490, 1030, 106, -1494, 1031, 106, 64, 64, 64
L -1487, 1025, 105, -1490, 1030, 106, 64, 64, 64
L -1492, 1015, 101, -1487, 1025, 105, 64, 64, 64
L -1490, 1011, 100, -1492, 1015, 101, 64, 64, 64
L -1492, 1004, 97, -1490, 1011, 100, 64, 64, 64
L -1494, 999, 96, -1492, 1004, 97, 64, 64, 64
L -1489, 993, 95, -1494, 999, 96, 64, 64, 64
L -1476, 992, 99, -1489, 993, 95, 64, 64, 64
L -1469, 988, 99, -1476, 992, 99, 64, 64, 64
L -1458, 982, 101, -1469, 988, 99, 64, 64, 64
L -1445, 975, 101, -1458, 982, 101, 64, 64, 64
L -1444, 965, 99, -1445, 975, 101, 64, 64, 64
L -1433, 954, 98, -1444, 965, 99, 64, 64, 64
L -1419, 957, 101, -1433, 954, 98, 64, 64, 64
L -1416, 955, 100, -1419, 957, 101, 64, 64, 64
L -1409, 950, 100, -1416, 955, 100, 64, 64, 64
L -1403, 952, 101, -1409, 950, 100, 64, 64, 64
L -1400, 954, 102, -1403, 952, 101, 64, 64, 64
L -1393, 948, 100, -1400, 954, 102, 64, 64, 64
L -1388, 942, 99, -1393, 948, 100, 64, 64, 64
L -1381, 929, 98, -1388, 942, 99, 64, 64, 64
L -1375, 927, 99, -1381, 929, 98, 64, 64, 64
L -1373, 923, 97, -1375, 927, 99, 64, 64, 64
L -1376, 914, 94, -1373, 923, 97, 64, 64, 64
L -1374, 907, 91, -1376, 914, 94, 64, 64, 64
L -1376, 899, 89, -1374, 907, 91, 64, 64, 64
L -1397, 760, 33, -1407, 757, 31, 0, 127, 0
L -1390, 766, 35, -1397, 760, 33, 0, 127, 0
L -1370, 768, 34, -1390, 766, 35, 0, 127, 0
L -1359, 765, 32, -1370, 768, 34, 0, 127, 0
L -1354, 760, 28, -1359, 765, 32, 0, 127, 0
L -1342, 759, 28, -1354, 760, 28, 0, 127, 0
L -1339, 765, 31, -1342, 759, 28, 0, 127, 0
L -1329, 773, 36, -1339, 765, 31, 0, 127, 0
L -1319, 781, 42, -1329, 773, 36, 0, 127, 0
L -1315, 794, 48, -1319, 781, 42, 0, 127, 0
L -1314, 806, 55, -1315, 794, 48, 0, 127, 0
L -1310, 820, 62, -1314, 806, 55, 0, 127, 0
L -1302, 829, 66, -1310, 820, 62, 0, 127, 0
L -1293, 836, 70, -1302, 829, 66, 0, 127, 0
L -1281, 840, 69, -1293, 836, 70, 0, 127, 0
L -1267, 841, 65, -1281, 840, 69, 0, 127, 0
L -1256, 844, 63, -1267, 841, 65, 0, 127, 0
L -1246, 851, 62, -1256, 844, 63, 0, 127, 0
L -1238, 857, 62, -1246, 851, 62, 0, 127, 0
L -1225, 858, 60, -1238, 857, 62, 0, 127, 0
L -1211, 853, 59, -1225, 858, 60, 0, 127, 0
L -1201, 844, 55, -1211, 853, 59, 0, 127, 0
L -1196, 833, 54, -1201, 844, 55, 0, 127, 0
L -1184, 819, 54, -1196, 833, 54, 0, 127, 0
L -1176, 815, 55, -1184, 819, 54, 0, 127, 0
L -1181, 812, 52, -1176, 815, 55, 0, 127, 0
L -1192, 805, 47, -1181, 812, 52, 0, 127, 0
L -1200, 797, 42, -1192, 805, 47, 0, 127, 0
L -1201, 791, 39, -1200, 797, 42, 0, 127, 0
L -1200, 782, 36, -1201, 791, 39, 0, 127, 0
L -1192, 770, 35, -1200, 782, 36, 0, 127, 0
L -1177, 758, 36, -1192, 770, 35, 0, 127, 0
L -1172, 758, 36, -1177, 758, 36, 0, 127, 0
L -1168, 765, 35, -1172, 758, 36, 0, 127, 0
L -1159, 773, 33, -1168, 765, 35, 0, 127, 0
L -1144, 781, 29, -1159, 773, 33, 0, 127, 0
L -1143, 784, 29, -1144, 781, 29, 0, 127, 0
L -1145, 797, 33, -1143, 784, 29, 0, 127, 0
L -1146, 801, 35, -1145, 797, 33, 0, 127, 0
L -1144, 814, 39, -1146, 801, 35, 0, 127, 0
L -1141, 820, 39, -1144, 814, 39, 0, 127, 0
L -1134, 826, 37, -1141, 820, 39, 0, 127, 0
L -1128, 831, 35, -1134, 826, 37, 0, 127, 0
L -1124, 831, 33, -1128, 831, 35, 0, 127, 0
L -1117, 838, 33, -1124, 831, 33, 0, 127, 0
L -1111, 840, 35, -1117, 838, 33, 0, 127, 0
L -1106, 844, 37, -1111, 840, 35, 0, 127, 0
L -1098, 844, 39, -1106, 844, 37, 0, 127, 0
L -1093, 839, 39, -1098, 844, 39, 0, 127, 0
L -1081, 843, 41, -1093, 839, 39, 0, 127, 0
L -1072, 839, 38, -1081, 843, 41, 0, 127, 0
L -1056, 841, 36, -1072, 839, 38, 0, 127, 0
L -1049, 843, 33, -1056, 841, 36, 0, 127, 0
L -1043, 844, 30, -1049, 843, 33, 0, 127, 0
L -1036, 842, 24, -1043, 844, 30, 0, 127, 0
L -1023, 841, 24, -1036, 842, 24, 0, 127, 0
L -1010, 839, 26, -1023, 841, 24, 0, 127, 0
L -1004, 838, 26, -1010, 839, 26, 0, 127, 0
L -992, 841, 23, -1004, 838, 26, 0, 127, 0
L -981, 840, 21, -992, 841, 23, 0, 127, 0
L -966, 848, 15, -981, 840, 21, 0, 127, 0
L -955, 855, 11, -966, 848, 15, 0, 127, 0
L -949, 864, 10, -955, 855, 11, 0, 127, 0
L -946, 870, 10, -949, 864, 10, 0, 127, 0
L -938, 872, 9, -946, 870, 10, 0, 127, 0
L -926, 878, 9, -938, 872, 9, 0, 127, 0
L -918, 887, 9, -926, 878, 9, 0, 127, 0
L -917, 909, 12, -918, 887, 9, 0, 127, 0
L -919, 920, 14, -917, 909, 12, 0, 127, 0
L -919, 931, 16, -919, 920, 14, 0, 127, 0
L -918, 952, 19, -919, 931, 16, 0, 127, 0
L -923, 962, 22, -918, 952, 19, 0, 127, 0
L -919, 969, 23, -923, 962, 22, 0, 127, 0
L -916, 976, 24, -919, 969, 23, 0, 127, 0
L -919, 985, 27, -916, 976, 24, 0, 127, 0
L -915, 1011, 30, -919, 985, 27, 0, 127, 0
L -919, 1039, 37, -915, 1011, 30, 0, 127, 0
L -920, 1052, 37, -919, 1039, 37, 0, 127, 0
L -915, 1059, 36, -920, 1052, 37, 0, 127, 0
L -917, 1069, 37, -915, 1059, 36, 0, 127, 0
L -919, 1088, 41, -917, 1069, 37, 0, 127, 0
L -921, 1112, 45, -919, 1088, 41, 0, 127, 0
L -919, 1121, 45, -921, 1112, 45, 0, 127, 0
L -917, 1133, 45, -919, 1121, 45, 0, 127, 0
L -916, 1149, 46, -917, 1133, 45, 0, 127, 0
L -917, 1163, 47, -916, 1149, 46, 0, 127, 0
L -917, 1175, 46, -917, 1163, 47, 0, 127, 0
L -920, 1186, 48, -917, 1175, 46, 0, 127, 0
L -935, 1204, 55, -920, 1186, 48, 0, 127, 0
L -943, 1214, 58, -935, 1204, 55, 0, 127, 0
L -935, 1223, 53, -943, 1214, 58, 0, 127, 0
L -916, 1239, 42, -935, 1223, 53, 0, 127, 0
L -920, 1252, 41, -916, 1239, 42, 0, 127, 0
L -917, 1259, 39, -920, 1252, 41, 0, 127, 0
L -917, 1265, 38, -917, 1259, 39, 0, 127, 0
L -920, 1271, 38, -917, 1265, 38, 0, 127, 0
L -916, 1277, 36, -920, 1271, 38, 0, 127, 0
L -919, 1284, 36, -916, 1277, 36, 0, 127, 0
L -918, 1293, 35, -919, 1284, 36, 0, 127, 0
L -917, 1306, 35, -918, 1293, 35, 0, 127, 0
L -920, 1314, 36, -917, 1306, 35, 0, 127, 0
L -918, 1323, 36, -920, 1314, 36, 0, 127, 0
L -920, 1332, 37, -918, 1323, 36, 0, 127, 0
L -916, 1339, 35, -920, 1332, 37, 0, 127, 0
L -918, 1348, 36, -916, 1339, 35, 0, 127, 0
L -916, 1360, 35, -918, 1348, 36, 0, 127, 0
L -917, 1366, 35, -916, 1360, 35, 0, 127, 0
L -920, 1379, 36, -917, 1366, 35, 0, 127, 0
L -917, 1384, 34, -920, 1379, 36, 0, 127, 0
L -921, 1389, 35, -917, 1384, 34, 0, 127, 0
L -922, 1392, 35, -921, 1389, 35, 0, 127, 0
L -919, 1398, 32, -922, 1392, 35, 0, 127, 0
L -915, 1403, 30, -919, 1398, 32, 0, 127, 0
L -918, 1411, 29, -915, 1403, 30, 0, 127, 0
L -917, 1418, 26, -918, 1411, 29, 0, 127, 0
L -914, 1429, 21, -917, 1418, 26, 0, 127, 0
L -920, 1435, 19, -914, 1429, 21, 0, 127, 0
L -919, 1443, 16, -920, 1435, 19, 0, 127, 0
L -922, 1453, 17, -919, 1443, 16, 0, 127, 0
L -916, 1461, 16, -922, 1453, 17, 0, 127, 0
L -915, 1467, 16, -916, 1461, 16, 0, 127, 0
L -919, 1475, 15, -915, 1467, 16, 0, 127, 0
L -919, 1480, 15, -919, 1475, 15, 0, 127, 0
L -918, 1509, 13, -919, 1480, 15, 0, 127, 0
L -919, 1514, 13, -918, 1509, 13, 0, 127, 0
L -924, 1533, 15, -919, 1514, 13, 0, 127, 0
L -931, 1544, 19, -924, 1533, 15, 0, 127, 0
L -942, 1551, 23, -931, 1544, 19, 0, 127, 0
L -951, 1557, 26, -942, 1551, 23, 0, 127, 0
L -959, 1564, 28, -951, 1557, 26, 0, 127, 0
L -967, 1581, 31, -959, 1564, 28, 0, 127, 0
L -976, 1584, 32, -967, 1581, 31, 0, 127, 0
L -1002, 1583, 32, -976, 1584, 32, 0, 127, 0
L -1011, 1580, 32, -1002, 1583, 32, 0, 127, 0
L -1026, 1585, 31, -1011, 1580, 32, 0, 127, 0
L -1035, 1593, 30, -1026, 1585, 31, 0, 127, 0
L -1043, 1600, 28, -1035, 1593, 30, 0, 127, 0
L -1053, 1600, 28, -1043, 1600, 28, 0, 127, 0
L -1065, 1606, 29, -1053, 1600, 28, 0, 127, 0
L -1074, 1596, 36, -1065, 1606, 29, 0, 127, 0
L -1089, 1588, 43, -1074, 1596, 36, 0, 127, 0
L -1091, 1578, 47, -1089, 1588, 43, 0, 127, 0
L -1091, 1566, 49, -1091, 1578, 47, 0, 127, 0
L -1096, 1550, 54, -1091, 1566, 49, 0, 127, 0
L -1105, 1540, 62, -1096, 1550, 54, 0, 127, 0
L -1114, 1533, 68, -1105, 1540, 62, 0, 127, 0
L -1120, 1528, 72, -1114, 1533, 68, 0, 127, 0
L -1124, 1530, 72, -1120, 1528, 72, 0, 127, 0
L -1131, 1536, 73, -1124, 1530, 72, 0, 127, 0
L -1135, 1545, 71, -1131, 1536, 73, 0, 127, 0
L -1142, 1549, 70, -1135, 1545, 71, 0, 127, 0
L -1144, 1557, 67, -1142, 1549, 70, 0, 127, 0
L -1145, 1572, 59, -1144, 1557, 67, 0, 127, 0
L -1147, 1582, 54, -1145, 1572, 59, 0, 127, 0
L -1154, 1595, 47, -1147, 1582, 54, 0, 127, 0
L -1159, 1603, 43, -1154, 1595, 47, 0, 127, 0
L -1169, 1608, 41, -1159, 1603, 43, 0, 127, 0
L -1181, 1604, 43, -1169, 1608, 41, 0, 127, 0
L -1192, 1592, 48, -1181, 1604, 43, 0, 127, 0
L -1201, 1586, 52, -1192, 1592, 48, 0, 127, 0
L -1205, 1574, 57, -1201, 1586, 52, 0, 127, 0
L -1203, 1565, 63, -1205, 1574, 57, 0, 127, 0
L -1207, 1548, 71, -1203, 1565, 63, 0, 127, 0
L -1212, 1539, 73, -1207, 1548, 71, 0, 127, 0
L -1224, 1532, 74, -1212, 1539, 73, 0, 127, 0
L -1237, 1527, 75, -1224, 1532, 74, 0, 127, 0
L -1250, 1547, 71, -1237, 1527, 75, 0, 127, 0
L -1252, 1550, 70, -1250, 1547, 71, 0, 127, 0
L -1257, 1559, 69, -1252, 1550, 70, 0, 127, 0
L -1260, 1574, 65, -1257, 1559, 69, 0, 127, 0
L -1262, 1586, 62, -1260, 1574, 65, 0, 127, 0
L -1269, 1596, 60, -1262, 1586, 62, 0, 127, 0
L -1275, 1604, 58, -1269, 1596, 60, 0, 127, 0
L -1285, 1607, 58, -1275, 1604, 58, 0, 127, 0
L -1291, 1613, 55, -1285, 1607, 58, 0, 127, 0
L -1294, 1621, 50, -1291, 1613, 55, 0, 127, 0
L -1299, 1628, 45, -1294, 1621, 50, 0, 127, 0
L -1304, 1633, 41, -1299, 1628, 45, 0, 127, 0
L -1312, 1636, 38, -1304, 1633, 41, 0, 127, 0
L -1324, 1634, 37, -1312, 1636, 38, 0, 127, 0
L -1332, 1629, 38, -1324, 1634, 37, 0, 127, 0
L -1341, 1622, 41, -1332, 1629, 38, 0, 127, 0
L -1344, 1612, 43, -1341, 1622, 41, 0, 127, 0
L -1350, 1605, 44, -1344, 1612, 43, 0, 127, 0
L -1361, 1601, 44, -1350, 1605, 44, 0, 127, 0
L -1385, 1601, 43, -1361, 1601, 44, 0, 127, 0
L -1403, 1610, 41, -1385, 1601, 43, 0, 127, 0
L -1410, 1626, 36, -1403, 1610, 41, 0, 127, 0
L -1419, 1634, 34, -1410, 1626, 36, 0, 127, 0
L -1427, 1636, 34, -1419, 1634, 34, 0, 127, 0
L -1438, 1633, 37, -1427, 1636, 34, 0, 127, 0
L -1452, 1624, 42, -1438, 1633, 37, 0, 127, 0
L -1458, 1613, 45, -1452, 1624, 42, 0, 127, 0
L -1461, 1609, 45, -1458, 1613, 45, 0, 127, 0
L -1467, 1600, 46, -1461, 1609, 45, 0, 127, 0
L -1477, 1601, 41, -1467, 1600, 46, 0, 127, 0
L -1482, 1598, 40, -1477, 1601, 41, 0, 127, 0
L -1487, 1590, 41, -1482, 1598, 40, 0, 127, 0
L -1501, 1580, 40, -1487, 1590, 41, 0, 127, 0
L -1507, 1579, 38, -1501, 1580, 40, 0, 127, 0
L -1513, 1579, 35, -1507, 1579, 38, 0, 127, 0
L -1527, 1579, 33, -1513, 1579, 35, 0, 127, 0
L -1530, 1579, 32, -1527, 1579, 33, 0, 127, 0
L -1541, 1582, 30, -1530, 1579, 32, 0, 127, 0
L -1555, 1583, 32, -1541, 1582, 30, 0, 127, 0
L -1566, 1582, 34, -1555, 1583, 32, 0, 127, 0
L -1576, 1584, 35, -1566, 1582, 34, 0, 127, 0
L -1587, 1582, 35, -1576, 1584, 35, 0, 127, 0
L -1596, 1582, 34, -1587, 1582, 35, 0, 127, 0
L -1607, 1578, 34, -1596, 1582, 34, 0, 127, 0
L -1619, 1569, 34, -1607, 1578, 34, 0, 127, 0
L -1625, 1564, 34, -1619, 1569, 34, 0, 127, 0
L -1628, 1561, 35, -1625, 1564, 34, 0, 127, 0
L -1630, 1552, 37, -1628, 1561, 35, 0, 127, 0
L -1635, 1545, 38, -1630, 1552, 37, 0, 127, 0
L -1647, 1537, 38, -1635, 1545, 38, 0, 127, 0
L -1656, 1531, 39, -1647, 1537, 38, 0, 127, 0
L -1660, 1522, 40, -1656, 1531, 39, 0, 127, 0
L -1659, 1512, 41, -1660, 1522, 40, 0, 127, 0
L -1658, 1504, 42, -1659, 1512, 41, 0, 127, 0
L -1658, 1496, 43, -1658, 1504, 42, 0, 127, 0
L -1658, 1484, 41, -1658, 1496, 43, 0, 127, 0
L -1659, 1475, 40, -1658, 1484, 41, 0, 127, 0
L -1661, 1471, 40, -1659, 1475, 40, 0, 127, 0
L -1660, 1460, 41, -1661, 1471, 40, 0, 127, 0
L -1662, 1453, 42, -1660, 1460, 41, 0, 127, 0
L -1661, 1446, 44, -1662, 1453, 42, 0, 127, 0
L -1660, 1436, 48, -1661, 1446, 44, 0, 127, 0
L -1659, 1427, 54, -1660, 1436, 48, 0, 127, 0
L -1661, 1417, 58, -1659, 1427, 54, 0, 127, 0
L -1660, 1408, 64, -1661, 1417, 58, 0, 127, 0
L -1655, 1400, 72, -1660, 1408, 64, 0, 127, 0
L -1656, 1395, 74, -1655, 1400, 72, 0, 127, 0
L -1660, 1387, 78, -1656, 1395, 74, 0, 127, 0
L -1658, 1381, 82, -1660, 1387, 78, 0, 127, 0
L -1656, 1377, 84, -1658, 1381, 82, 0, 127, 0
L -1656, 1373, 84, -1656, 1377, 84, 0, 127, 0
L -1661, 1363, 82, -1656, 1373, 84, 0, 127, 0
L -1665, 1355, 80, -1661, 1363, 82, 0, 127, 0
L -1676, 1348, 75, -1665, 1355, 80, 0, 127, 0
L -1678, 1344, 74, -1676, 1348, 75, 0, 127, 0
L -1677, 1332, 75, -1678, 1344, 74, 0, 127, 0
L -1678, 1332, 74, -1677, 1332, 75, 0, 127, 0
L -1688, 1328, 70, -1678, 1332, 74, 0, 127, 0
L -1693, 1325, 68, -1688, 1328, 70, 0, 127, 0
L -1700, 1314, 63, -1693, 1325, 68, 0, 127, 0
L -1705, 1305, 60, -1700, 1314, 63, 0, 127, 0
L -1710, 1297, 56, -1705, 1305, 60, 0, 127, 0
L -1722, 1291, 50, -1710, 1297, 56, 0, 127, 0
L -1733, 1285, 44, -1722, 1291, 50, 0, 127, 0
L -1745, 1270, 37, -1733, 1285, 44, 0, 127, 0
L -1765, 1255, 30, -1745, 1270, 37, 0, 127, 0
L -1770, 1249, 28, -1765, 1255, 30, 0, 127, 0
L -1770, 1236, 29, -1770, 1249, 28, 0, 127, 0
L -1764, 1225, 33, -1770, 1236, 29, 0, 127, 0
L -1756, 1216, 37, -1764, 1225, 33, 0, 127, 0
L -1749, 1213, 40, -1756, 1216, 37, 0, 127, 0
L -1743, 1210, 42, -1749, 1213, 40, 0, 127, 0
L -1735, 1208, 45, -1743, 1210, 42, 0, 127, 0
L -1732, 1204, 45, -1735, 1208, 45, 0, 127, 0
L -1727, 1195, 45, -1732, 1204, 45, 0, 127, 0
L -1719, 1184, 45, -1727, 1195, 45, 0, 127, 0
L -1716, 1181, 46, -1719, 1184, 45, 0, 127, 0
L -1709, 1181, 48, -1716, 1181, 46, 0, 127, 0
L -1700, 1184, 51, -1709, 1181, 48, 0, 127, 0
L -1694, 1183, 53, -1700, 1184, 51, 0, 127, 0
L -1683, 1180, 55, -1694, 1183, 53, 0, 127, 0
L -1672, 1171, 56, -1683, 1180, 55, 0, 127, 0
L -1669, 1165, 57, -1672, 1171, 56, 0, 127, 0
L -1665, 1156, 59, -1669, 1165, 57, 0, 127, 0
L -1660, 1141, 69, -1665, 1156, 59, 0, 127, 0
L -1660, 1128, 76, -1660, 1141, 69, 0, 127, 0
L -1657, 1124, 79, -1660, 1128, 76, 0, 127, 0
L -1651, 1116, 83, -1657, 1124, 79, 0, 127, 0
L -1639, 1101, 92, -1651, 1116, 83, 0, 127, 0
L -1634, 1099, 94, -1639, 1101, 92, 0, 127, 0
L -1633, 1097, 93, -1634, 1099, 94, 0, 127, 0
L -1634, 1091, 90, -1633, 1097, 93, 0, 127, 0
L -1643, 1084, 84, -1634, 1091, 90, 0, 127, 0
L -1652, 1079, 79, -1643, 1084, 84, 0, 127, 0
L -1658, 1073, 74, -1652, 1079, 79, 0, 127, 0
L -1661, 1067, 71, -1658, 1073, 74, 0, 127, 0
L -1660, 1062, 68, -1661, 1067, 71, 0, 127, 0
L -1658, 1057, 64, -1660, 1062, 68, 0, 127, 0
L -1658, 1052, 61, -1658, 1057, 64, 0, 127, 0
L -1659, 1041, 54, -1658, 1052, 61, 0, 127, 0
L -1658, 1029, 53, -1659, 1041, 54, 0, 127, 0
L -1660, 1017, 52, -1658, 1029, 53, 0, 127, 0
L -1663, 992, 51, -1660, 1017, 52, 0, 127, 0
L -1660, 986, 51, -1663, 992, 51, 0, 127, 0
L -1658, 979, 49, -1660, 986, 51, 0, 127, 0
L -1659, 974, 46, -1658, 979, 49, 0, 127, 0
L -1655, 970, 45, -1659, 974, 46, 0, 127, 0
L -1657, 965, 42, -1655, 970, 45, 0, 127, 0
L -1661, 960, 39, -1657, 965, 42, 0, 127, 0
L -1662, 955, 37, -1661, 960, 39, 0, 127, 0
L -1657, 951, 38, -1662, 955, 37, 0, 127, 0
L -1660, 940, 36, -1657, 951, 38, 0, 127, 0
L -1660, 937, 36, -1660, 940, 36, 0, 127, 0
L -1661, 933, 36, -1660, 937, 36, 0, 127, 0
L -1658, 930, 37, -1661, 933, 36, 0, 127, 0
L -1660, 924, 38, -1658, 930, 37, 0, 127, 0
L -1660, 914, 42, -1660, 924, 38, 0, 127, 0
L -1659, 904, 45, -1660, 914, 42, 0, 127, 0
L -1656, 894, 47, -1659, 904, 45, 0, 127, 0
L -1654, 890, 47, -1656, 894, 47, 0, 127, 0
L -1646, 881, 47, -1654, 890, 47, 0, 127, 0
L -1642, 876, 47, -1646, 881, 47, 0, 127, 0
L -1630, 869, 47, -1642, 876, 47, 0, 127, 0
L -1625, 866, 46, -1630, 869, 47, 0, 127, 0
L -1618, 864, 46, -1625, 866, 46, 0, 127, 0
L -1613, 855, 44, -1618, 864, 46, 0, 127, 0
L -1608, 843, 42, -1613, 855, 44, 0, 127, 0
L -1604, 840, 42, -1608, 843, 42, 0, 127, 0
L -1592, 840, 44, -1604, 840, 42, 0, 127, 0
L -1587, 844, 45, -1592, 840, 44, 0, 127, 0
L -1583, 843, 46, -1587, 844, 45, 0, 127, 0
L -1577, 841, 48, -1583, 843, 46, 0, 127, 0
L -1570, 841, 50, -1577, 841, 48, 0, 127, 0
L -1562, 840, 52, -1570, 841, 50, 0, 127, 0
L -1558, 845, 52, -1562, 840, 52, 0, 127, 0
L -1552, 845, 55, -1558, 845, 52, 0, 127, 0
L -1546, 839, 56, -1552, 845, 55, 0, 127, 0
L -1539, 839, 57, -1546, 839, 56, 0, 127, 0
L -1532, 842, 58, -1539, 839, 57, 0, 127, 0
L -1526, 840, 59, -1532, 842, 58, 0, 127, 0
L -1518, 840, 60, -1526, 840, 59, 0, 127, 0
L -1509, 841, 63, -1518, 840, 60, 0, 127, 0
L -1504, 844, 65, -1509, 841, 63, 0, 127, 0
L -1497, 843, 68, -1504, 844, 65, 0, 127, 0
L -1491, 839, 70, -1497, 843, 68, 0, 127, 0
L -1483, 839, 69, -1491, 839, 70, 0, 127, 0
L -1473, 841, 68, -1483, 839, 69, 0, 127, 0
L -1466, 839, 66, -1473, 841, 68, 0, 127, 0
L -1459, 840, 66, -1466, 839, 66, 0, 127, 0
L -1455, 839, 64, -1459, 840, 66, 0, 127, 0
L -1447, 832, 58, -1455, 839, 64, 0, 127, 0
L -1442, 822, 52, -1447, 832, 58, 0, 127, 0
L -1407, 757, 47, -1442, 822, 52, 0, 127, 0
L -1550, 591, -20, -1549, 622, -20, 150, 100, 0
L -1550, 578, -19, -1550, 591, -20, 150, 100, 0
L -1530, 579, -19, -1550, 578, -19, 150, 100, 0
L -1463, 645, -18, -1530, 579, -19, 150, 100, 0
L -1457, 646, -19, -1463, 645, -18, 150, 100, 0
L -1449, 643, -19, -1457, 646, -19, 150, 100, 0
L -1416, 608, -19, -1449, 643, -19, 150, 100, 0
L -1408, 607, -19, -1416, 608, -19, 150, 100, 0
L -1357, 610, -19, -1408, 607, -19, 150, 100, 0
L -1345, 610, -19, -1357, 610, -19, 150, 100, 0
L -1296, 605, -19, -1345, 610, -19, 150, 100, 0
L -1286, 605, -19, -1296, 605, -19, 150, 100, 0
L -1239, 611, -20, -1286, 605, -19, 150, 100, 0
L -1228, 612, -19, -1239, 611, -20, 150, 100, 0
L -1193, 643, -19, -1228, 612, -19, 150, 100, 0
L -1178, 649, -19, -1193, 643, -19, 150, 100, 0
L -1171, 650, -19, -1178, 649, -19, 150, 100, 0
L -1120, 571, -19, -1171, 650, -19, 150, 100, 0
L -1102, 571, -19, -1120, 571, -19, 150, 100, 0
L -1062, 573, -19, -1102, 571, -19, 150, 100, 0
L -1040, 573, -19, -1062, 573, -19, 150, 100, 0
L -1003, 661, -19, -1040, 573, -19, 150, 100, 0
L -990, 657, -19, -1003, 661, -19, 150, 100, 0
L -950, 669, -19, -990, 657, -19, 150, 100, 0
L -889, 697, -19, -950, 669, -19, 150, 100, 0
L -867, 700, -19, -889, 697, -19, 150, 100, 0
L -832, 708, -19, -867, 700, -19, 150, 100, 0
L -790, 745, -19, -832, 708, -19, 150, 100, 0
L -807, 701, -19, -790, 745, -19, 150, 100, 0
L -785, 694, -19, -807, 701, -19, 150, 100, 0
L -779, 694, -19, -785, 694, -19, 150, 100, 0
L -767, 701, -19, -779, 694, -19, 150, 100, 0
L -764, 714, -19, -767, 701, -19, 150, 100, 0
L -773, 757, -19, -764, 714, -19, 150, 100, 0
L -776, 759, -19, -773, 757, -19, 150, 100, 0
L -759, 816, -19, -776, 759, -19, 150, 100, 0
L -759, 872, -19, -759, 816, -19, 150, 100, 0
L -733, 915, -20, -759, 872, -19, 150, 100, 0
L -731, 928, -19, -733, 915, -20, 150, 100, 0
L -756, 950, -19, -731, 928, -19, 150, 100, 0
L -755, 986, -19, -756, 950, -19, 150, 100, 0
L -720, 1028, -20, -755, 986, -19, 150, 100, 0
L -694, 1035, -20, -720, 1028, -20, 150, 100, 0
L -695, 1043, -19, -694, 1035, -20, 150, 100, 0
L -718, 1056, -19, -695, 1043, -19, 150, 100, 0
L -749, 1069, -19, -718, 1056, -19, 150, 100, 0
L -752, 1099, -19, -749, 1069, -19, 150, 100, 0
L -728, 1151, -19, -752, 1099, -19, 150, 100, 0
L -727, 1156, -19, -728, 1151, -19, 150, 100, 0
L -730, 1203, -19, -727, 1156, -19, 150, 100, 0
L -735, 1213, -19, -730, 1203, -19, 150, 100, 0
L -733, 1269, -19, -735, 1213, -19, 150, 100, 0
L -747, 1298, -19, -733, 1269, -19, 150, 100, 0
L -759, 1325, -19, -747, 1298, -19, 150, 100, 0
L -722, 1357, -19, -759, 1325, -19, 150, 100, 0
L -683, 1387, -20, -722, 1357, -19, 150, 100, 0
L -687, 1400, -19, -683, 1387, -20, 150, 100, 0
L -717, 1408, -20, -687, 1400, -19, 150, 100, 0
L -741, 1420, -19, -717, 1408, -20, 150, 100, 0
L -742, 1438, -19, -741, 1420, -19, 150, 100, 0
L -737, 1478, -19, -742, 1438, -19, 150, 100, 0
L -734, 1495, -19, -737, 1478, -19, 150, 100, 0
L -720, 1517, -20, -734, 1495, -19, 150, 100, 0
L -670, 1573, -19, -720, 1517, -20, 150, 100, 0
L -668, 1585, -20, -670, 1573, -19, 150, 100, 0
L -715, 1612, -20, -668, 1585, -20, 150, 100, 0
L -720, 1613, -20, -715, 1612, -20, 150, 100, 0
L -765, 1623, -19, -720, 1613, -20, 150, 100, 0
L -765, 1677, -19, -765, 1623, -19, 150, 100, 0
L -757, 1723, -20, -765, 1677, -19, 150, 100, 0
L -742, 1757, -19, -757, 1723, -20, 150, 100, 0
L -733, 1777, -19, -742, 1757, -19, 150, 100, 0
L -720, 1811, -20, -733, 1777, -19, 150, 100, 0
L -697, 1852, -19, -720, 1811, -20, 150, 100, 0
L -699, 1860, -20, -697, 1852, -19, 150, 100, 0
L -704, 1860, -19, -699, 1860, -20, 150, 100, 0
L -735, 1837, -19, -704, 1860, -19, 150, 100, 0
L -776, 1818, -19, -735, 1837, -19, 150, 100, 0
L -794, 1819, -19, -776, 1818, -19, 150, 100, 0
L -833, 1814, -20, -794, 1819, -19, 150, 100, 0
L -876, 1782, -19, -833, 1814, -20, 150, 100, 0
L -888, 1772, -18, -876, 1782, -19, 150, 100, 0
L -901, 1771, -19, -888, 1772, -18, 150, 100, 0
L -912, 1778, -19, -901, 1771, -19, 150, 100, 0
L -930, 1797, -19, -912, 1778, -19, 150, 100, 0
L -948, 1803, -19, -930, 1797, -19, 150, 100, 0
L -974, 1780, -19, -948, 1803, -19, 150, 100, 0
L -1004, 1755, -19, -974, 1780, -19, 150, 100, 0
L -1045, 1741, -19, -1004, 1755, -19, 150, 100, 0
L -1060, 1763, -19, -1045, 1741, -19, 150, 100, 0
L -1065, 1779, -19, -1060, 1763, -19, 150, 100, 0
L -1081, 1816, -20, -1065, 1779, -19, 150, 100, 0
L -1118, 1825, -19, -1081, 1816, -20, 150, 100, 0
L -1139, 1815, -19, -1118, 1825, -19, 150, 100, 0
L -1173, 1802, -19, -1139, 1815, -19, 150, 100, 0
L -1219, 1791, -19, -1173, 1802, -19, 150, 100, 0
L -1230, 1786, -19, -1219, 1791, -19, 150, 100, 0
L -1280, 1787, -20, -1230, 1786, -19, 150, 100, 0
L -1288, 1787, -19, -1280, 1787, -20, 150, 100, 0
L -1317, 1806, -19, -1288, 1787, -19, 150, 100, 0
L -1345, 1822, -19, -1317, 1806, -19, 150, 100, 0
L -1402, 1769, -19, -1345, 1822, -19, 150, 100, 0
L -1406, 1773, -19, -1402, 1769, -19, 150, 100, 0
L -1411, 1779, -19, -1406, 1773, -19, 150, 100, 0
L -1433, 1804, -19, -1411, 1779, -19, 150, 100, 0
L -1477, 1820, -19, -1433, 1804, -19, 150, 100, 0
L -1515, 1822, -20, -1477, 1820, -19, 150, 100, 0
L -1553, 1780, -20, -1515, 1822, -20, 150, 100, 0
L -1553, 1746, -19, -1553, 1780, -20, 150, 100, 0
L -1556, 1723, -19, -1553, 1746, -19, 150, 100, 0
L -1573, 1701, -19, -1556, 1723, -19, 150, 100, 0
L -1590, 1705, -20, -1573, 1701, -19, 150, 100, 0
L -1624, 1724, -19, -1590, 1705, -20, 150, 100, 0
L -1625, 1727, -19, -1624, 1724, -19, 150, 100, 0
L -1631, 1726, -19, -1625, 1727, -19, 150, 100, 0
L -1683, 1724, -19, -1631, 1726, -19, 150, 100, 0
L -1742, 1716, -19, -1683, 1724, -19, 150, 100, 0
L -1764, 1702, -19, -1742, 1716, -19, 150, 100, 0
L -1761, 1724, -19, -1764, 1702, -19, 150, 100, 0
L -1783, 1741, -19, -1761, 1724, -19, 150, 100, 0
L -1799, 1743, -20, -1783, 1741, -19, 150, 100, 0
L -1826, 1723, -19, -1799, 1743, -20, 150, 100, 0
L -1862, 1664, -19, -1826, 1723, -19, 150, 100, 0
L -1861, 1661, -19, -1862, 1664, -19, 150, 100, 0
L -1897, 1609, -19, -1861, 1661, -19, 150, 100, 0
L -1892, 1573, -19, -1897, 1609, -19, 150, 100, 0
L -1856, 1560, -19, -1892, 1573, -19, 150, 100, 0
L -1847, 1563, -19, -1856, 1560, -19, 150, 100, 0
L -1850, 1552, -19, -1847, 1563, -19, 150, 100, 0
L -1847, 1506, -19, -1850, 1552, -19, 150, 100, 0
L -1813, 1497, -19, -1847, 1506, -19, 150, 100, 0
L -1857, 1472, -19, -1813, 1497, -19, 150, 100, 0
L -1894, 1438, -19, -1857, 1472, -19, 150, 100, 0
L -1913, 1389, -20, -1894, 1438, -19, 150, 100, 0
L -1918, 1383, -19, -1913, 1389, -20, 150, 100, 0
L -1936, 1330, -20, -1918, 1383, -19, 150, 100, 0
L -1937, 1323, -19, -1936, 1330, -20, 150, 100, 0
L -1939, 1263, -19, -1937, 1323, -19, 150, 100, 0
L -1943, 1211, -19, -1939, 1263, -19, 150, 100, 0
L -1942, 1203, -19, -1943, 1211, -19, 150, 100, 0
L -1914, 1184, -19, -1942, 1203, -19, 150, 100, 0
L -1900, 1167, -19, -1914, 1184, -19, 150, 100, 0
L -1899, 1155, -19, -1900, 1167, -19, 150, 100, 0
L -1912, 1132, -19, -1899, 1155, -19, 150, 100, 0
L -1952, 1090, -19, -1912, 1132, -19, 150, 100, 0
L -1953, 1080, -20, -1952, 1090, -19, 150, 100, 0
L -1914, 1080, -19, -1953, 1080, -20, 150, 100, 0
L -1889, 1065, -20, -1914, 1080, -19, 150, 100, 0
L -1887, 1043, -19, -1889, 1065, -20, 150, 100, 0
L -1888, 985, -19, -1887, 1043, -19, 150, 100, 0
L -1914, 943, -19, -1888, 985, -19, 150, 100, 0
L -1942, 918, -20, -1914, 943, -19, 150, 100, 0
L -1942, 908, -19, -1942, 918, -20, 150, 100, 0
L -1914, 891, -19, -1942, 908, -19, 150, 100, 0
L -1905, 879, -19, -1914, 891, -19, 150, 100, 0
L -1874, 853, -19, -1905, 879, -19, 150, 100, 0
L -1874, 815, -20, -1874, 853, -19, 150, 100, 0
L -1876, 793, -19, -1874, 815, -20, 150, 100, 0
L -1855, 757, -19, -1876, 793, -19, 150, 100, 0
L -1798, 762, -19, -1855, 757, -19, 150, 100, 0
L -1800, 756, -20, -1798, 762, -19, 150, 100, 0
L -1842, 699, -19, -1800, 756, -20, 150, 100, 0
L -1856, 645, -20, -1842, 699, -19, 150, 100, 0
L -1849, 644, -19, -1856, 645, -20, 150, 100, 0
L -1812, 631, -19, -1849, 644, -19, 150, 100, 0
L -1807, 630, -19, -1812, 631, -19, 150, 100, 0
L -1791, 583, -19, -1807, 630, -19, 150, 100, 0
L -1776, 583, -19, -1791, 583, -19, 150, 100, 0
L -1730, 581, -19, -1776, 583, -19, 150, 100, 0
L -1713, 581, -19, -1730, 581, -19, 150, 100, 0
L -1643, 642, -19, -1713, 581, -19, 150, 100, 0
L -1631, 650, -19, -1643, 642, -19, 150, 100, 0
L -1618, 656, -19, -1631, 650, -19, 150, 100, 0
L -1571, 668, -19, -1618, 656, -19, 150, 100, 0
L -1557, 658, -19, -1571, 668, -19, 150, 100, 0
L -1548, 644, -19, -1557, 658, -19, 150, 100, 0
L -1549, 622, -19, -1548, 644, -19, 150, 100, 0
L 2725, -2748, -292, -868, -2748, -292, 0, 0, 240
L 2725, 4638, -292, 2725, -2748, -292, 0, 0, 240
L -4802, 4638, -292, 2725, 4638, -292, 0, 0, 240
L -4802, -2748, -292, -4802, 4638, -292, 0, 0, 240
L -474, -2748, -292, -4802, -2748, -292, 0, 0, 240
