L -810, -720, 3, -812, -718, 3, 150, 0, 200
L -801, -720, 3, -810, -720, 3, 150, 0, 200
L -798, -716, 3, -801, -720, 3, 150, 0, 200
L -797, -715, 3, -798, -716, 3, 150, 0, 200
L -797, -708, 3, -797, -716, 3, 150, 0, 200
L -802, -703, 3, -797, -708, 3, 150, 0, 200
L -810, -703, 3, -802, -703, 3, 150, 0, 200
L -814, -707, 3, -810, -703, 3, 150, 0, 200
L -814, -716, 3, -814, -707, 3, 150, 0, 200
L -811, -719, 3, -814, -716, 3, 150, 0, 200
L -839, -577, -33, -859, -577, -33, 150, 100, 0
L -824, -559, -33, -839, -577, -33, 150, 100, 0
L -824, -555, -33, -824, -559, -33, 150, 100, 0
L -822, -555, -33, -824, -555, -33, 150, 100, 0
L -822, -530, -33, -822, -555, -33, 150, 100, 0
L -717, -832, -15, -719, -832, -15, 64, 64, 64
L -717, -830, -15, -717, -832, -15, 64, 64, 64
L -718, -829, -15, -717, -830, -15, 64, 64, 64
L -719, -829, -15, -718, -829, -15, 64, 64, 64
L -719, -806, -15, -719, -829, -15, 64, 64, 64
L -720, -805, -15, -719, -806, -15, 64, 64, 64
L -736, -805, -15, -720, -805, -15, 64, 64, 64
L -736, -815, -15, -736, -805, -15, 64, 64, 64
L -751, -815, -15, -736, -815, -15, 64, 64, 64
L -751, -800, -15, -751, -815, -15, 64, 64, 64
L -768, -783, -15, -751, -800, -15, 64, 64, 64
L -783, -783, -15, -768, -783, -15, 64, 64, 64
L -783, -768, -15, -783, -783, -15, 64, 64, 64
L -781, -768, -15, -783, -768, -15, 64, 64, 64
L -781, -765, -15, -781, -768, -15, 64, 64, 64
L -786, -765, -15, -781, -765, -15, 64, 64, 64
L -786, -810, -16, -786, -765, -15, 64, 64, 64
L -821, -809, -15, -786, -810, -16, 64, 64, 64
L -821, -808, -15, -821, -809, -15, 64, 64, 64
L -822, -807, -15, -821, -808, -15, 64, 64, 64
L -824, -807, -15, -822, -807, -15, 64, 64, 64
L -824, -809, -15, -824, -807, -15, 64, 64, 64
L -841, -809, -15, -824, -809, -15, 64, 64, 64
L -841, -754, -15, -841, -809, -15, 64, 64, 64
L -839, -754, -15, -841, -754, -15, 64, 64, 64
L -839, -751, -15, -839, -754, -15, 64, 64, 64
L -844, -751, -15, -839, -751, -15, 64, 64, 64
L -844, -777, -15, -844, -751, -15, 64, 64, 64
L -845, -777, -15, -844, -777, -15, 64, 64, 64
L -846, -778, -15, -845, -777, -15, 64, 64, 64
L -846, -780, -15, -846, -778, -15, 64, 64, 64
L -844, -780, -15, -846, -780, -15, 64, 64, 64
L -844, -805, -12, -844, -780, -15, 64, 64, 64
L -867, -805, -15, -844, -805, -12, 64, 64, 64
L -868, -780, -16, -867, -805, -15, 64, 64, 64
L -868, -780, -16, -858, -780, -15, 64, 64, 64
L -857, -780, -15, -858, -780, -15, 64, 64, 64
L -857, -777, -15, -857, -780, -15, 64, 64, 64
L -867, -777, -15, -857, -777, -15, 64, 64, 64
L -867, -720, -12, -867, -777, -15, 64, 64, 64
L -871, -777, -11, -867, -777, -15, 64, 64, 64
L -871, -720, -11, -871, -777, -11, 64, 64, 64
L -844, -720, -15, -871, -720, -11, 64, 64, 64
L -844, -740, -15, -844, -720, -15, 64, 64, 64
L -839, -740, -15, -844, -740, -15, 64, 64, 64
L -839, -737, -15, -839, -740, -15, 64, 64, 64
L -841, -737, -15, -839, -737, -15, 64, 64, 64
L -841, -720, -15, -841, -737, -15, 64, 64, 64
L -828, -720, -15, -841, -720, -15, 64, 64, 64
L -828, -794, -15, -828, -720, -15, 64, 64, 64
L -826, -796, -15, -828, -794, -15, 64, 64, 64
L -821, -796, -15, -826, -796, -15, 64, 64, 64
L -821, -788, -15, -821, -796, -15, 64, 64, 64
L -822, -787, -15, -821, -788, -15, 64, 64, 64
L -823, -787, -15, -822, -787, -15, 64, 64, 64
L -823, -778, -15, -823, -787, -15, 64, 64, 64
L -821, -778, -15, -823, -778, -15, 64, 64, 64
L -821, -770, -15, -821, -778, -15, 64, 64, 64
L -822, -769, -15, -821, -770, -15, 64, 64, 64
L -823, -769, -15, -822, -769, -15, 64, 64, 64
L -823, -760, -15, -823, -769, -15, 64, 64, 64
L -821, -760, -15, -823, -760, -15, 64, 64, 64
L -821, -752, -15, -821, -760, -15, 64, 64, 64
L -822, -751, -15, -821, -752, -15, 64, 64, 64
L -823, -751, -15, -822, -751, -15, 64, 64, 64
L -823, -742, -15, -823, -751, -15, 64, 64, 64
L -821, -742, -15, -823, -742, -15, 64, 64, 64
L -821, -733, -15, -821, -742, -15, 64, 64, 64
L -823, -733, -15, -821, -733, -15, 64, 64, 64
L -823, -724, -15, -823, -733, -15, 64, 64, 64
L -821, -724, -15, -823, -724, -15, 64, 64, 64
L -821, -716, -15, -821, -724, -15, 64, 64, 64
L -786, -716, -15, -821, -716, -15, 64, 64, 64
L -786, -754, -15, -786, -716, -15, 64, 64, 64
L -781, -754, -15, -786, -754, -15, 64, 64, 64
L -781, -751, -15, -781, -754, -15, 64, 64, 64
L -783, -751, -15, -781, -751, -15, 64, 64, 64
L -783, -720, -15, -783, -751, -15, 64, 64, 64
L -773, -720, -15, -783, -720, -15, 64, 64, 64
L -773, -704, -15, -773, -720, -15, 64, 64, 64
L -774, -703, -15, -773, -704, -15, 64, 64, 64
L -783, -703, -15, -774, -703, -15, 64, 64, 64
L -783, -672, -15, -783, -703, -15, 64, 64, 64
L -781, -672, -15, -783, -672, -15, 64, 64, 64
L -781, -670, -15, -781, -672, -15, 64, 64, 64
L -782, -669, -15, -781, -670, -15, 64, 64, 64
L -786, -669, -15, -782, -669, -15, 64, 64, 64
L -786, -708, -16, -786, -669, -15, 64, 64, 64
L -818, -708, -16, -786, -708, -16, 64, 64, 64
L -818, -648, -16, -818, -708, -16, 64, 64, 64
L -801, -648, -15, -818, -648, -16, 64, 64, 64
L -801, -645, -15, -801, -648, -15, 64, 64, 64
L -820, -646, -15, -801, -645, -15, 64, 64, 64
L -820, -647, -15, -820, -646, -15, 64, 64, 64
L -824, -647, -15, -820, -647, -15, 64, 64, 64
L -824, -707, -15, -824, -647, -15, 64, 64, 64
L -835, -707, -15, -824, -707, -15, 64, 64, 64
L -835, -638, -15, -835, -707, -15, 64, 64, 64
L -836, -637, -15, -835, -638, -15, 64, 64, 64
L -838, -637, -15, -836, -637, -15, 64, 64, 64
L -838, -659, -15, -838, -637, -15, 64, 64, 64
L -848, -659, -15, -838, -659, -15, 64, 64, 64
L -848, -662, -15, -848, -659, -15, 64, 64, 64
L -838, -662, -16, -848, -662, -15, 64, 64, 64
L -838, -707, -15, -838, -662, -16, 64, 64, 64
L -872, -708, -16, -838, -707, -15, 64, 64, 64
L -872, -662, -16, -872, -708, -16, 64, 64, 64
L -860, -662, -15, -872, -662, -16, 64, 64, 64
L -859, -662, -15, -860, -662, -15, 64, 64, 64
L -859, -660, -15, -859, -662, -15, 64, 64, 64
L -860, -659, -15, -859, -660, -15, 64, 64, 64
L -872, -660, -16, -860, -659, -15, 64, 64, 64
L -871, -614, -15, -872, -660, -16, 64, 64, 64
L -860, -614, -15, -871, -614, -15, 64, 64, 64
L -859, -613, -15, -860, -614, -15, 64, 64, 64
L -859, -612, -15, -859, -613, -15, 64, 64, 64
L -860, -611, -15, -859, -612, -15, 64, 64, 64
L -871, -611, -15, -860, -611, -15, 64, 64, 64
L -871, -582, -15, -871, -611, -15, 64, 64, 64
L -842, -582, -15, -871, -582, -15, 64, 64, 64
L -842, -598, -15, -842, -582, -15, 64, 64, 64
L -839, -598, -15, -842, -598, -15, 64, 64, 64
L -839, -556, -15, -839, -598, -15, 64, 64, 64
L -840, -555, -15, -839, -556, -15, 64, 64, 64
L -844, -556, -15, -840, -555, -15, 64, 64, 64
L -844, -579, -14, -844, -556, -15, 64, 64, 64
L -871, -579, -15, -844, -579, -14, 64, 64, 64
L -870, -542, -15, -871, -579, -15, 64, 64, 64
L -842, -542, -15, -870, -542, -15, 64, 64, 64
L -842, -544, -15, -842, -542, -15, 64, 64, 64
L -839, -544, -15, -842, -544, -15, 64, 64, 64
L -839, -542, -15, -839, -544, -15, 64, 64, 64
L -822, -542, -15, -839, -542, -15, 64, 64, 64
L -822, -596, -15, -822, -542, -15, 64, 64, 64
L -819, -596, -15, -822, -596, -15, 64, 64, 64
L -819, -593, -15, -819, -596, -15, 64, 64, 64
L -808, -592, -15, -808, -530, -31, 64, 64, 64
L -808, -563, -30, -819, -563, -30, 64, 64, 64
L -819, -565, -29, -808, -565, -29, 64, 64, 64
L -808, -567, -28, -819, -567, -28, 64, 64, 64
L -819, -569, -27, -808, -569, -27, 64, 64, 64
L -808, -571, -26, -819, -571, -26, 64, 64, 64
L -819, -573, -25, -808, -573, -25, 64, 64, 64
L -808, -575, -24, -819, -575, -24, 64, 64, 64
L -819, -577, -23, -808, -577, -23, 64, 64, 64
L -808, -579, -22, -819, -579, -22, 64, 64, 64
L -819, -581, -21, -808, -581, -21, 64, 64, 64
L -808, -583, -20, -819, -583, -20, 64, 64, 64
L -819, -585, -19, -808, -585, -19, 64, 64, 64
L -808, -587, -18, -819, -587, -18, 64, 64, 64
L -808, -589, -17, -819, -589, -17, 64, 64, 64
L -819, -595, -15, -819, -559, -31, 64, 64, 64
L -819, -541, -31, -819, -561, -31, 64, 64, 64
L -820, -541, -32, -819, -541, -31, 64, 64, 64
L -820, -530, -32, -820, -541, -32, 64, 64, 64
L -808, -530, -31, -820, -530, -32, 64, 64, 64
L -808, -561, -31, -819, -561, -31, 64, 64, 64
L -808, -591, -16, -819, -591, -16, 64, 64, 64
L -808, -611, -15, -808, -591, -16, 64, 64, 64
L -839, -611, -15, -808, -611, -15, 64, 64, 64
L -839, -610, -15, -839, -611, -15, 64, 64, 64
L -840, -609, -15, -839, -610, -15, 64, 64, 64
L -842, -609, -15, -840, -609, -15, 64, 64, 64
L -842, -611, -15, -842, -609, -15, 64, 64, 64
L -848, -611, -15, -842, -611, -15, 64, 64, 64
L -848, -613, -15, -848, -611, -15, 64, 64, 64
L -847, -614, -15, -848, -613, -15, 64, 64, 64
L -786, -614, -16, -847, -614, -15, 64, 64, 64
L -786, -615, -16, -786, -614, -16, 64, 64, 64
L -786, -645, -15, -786, -614, -16, 64, 64, 64
L -790, -645, -15, -786, -645, -15, 64, 64, 64
L -790, -648, -15, -790, -645, -15, 64, 64, 64
L -786, -648, -15, -790, -648, -15, 64, 64, 64
L -786, -658, -15, -786, -648, -15, 64, 64, 64
L -781, -658, -15, -786, -658, -15, 64, 64, 64
L -781, -656, -15, -781, -658, -15, 64, 64, 64
L -782, -655, -15, -781, -656, -15, 64, 64, 64
L -783, -655, -15, -782, -655, -15, 64, 64, 64
L -783, -640, -15, -783, -655, -15, 64, 64, 64
L -767, -640, -15, -783, -640, -15, 64, 64, 64
L -751, -624, -15, -767, -640, -15, 64, 64, 64
L -751, -608, -15, -751, -624, -15, 64, 64, 64
L -736, -608, -15, -751, -608, -15, 64, 64, 64
L -736, -618, -15, -736, -608, -15, 64, 64, 64
L -719, -618, -15, -736, -618, -15, 64, 64, 64
L -719, -594, -15, -719, -618, -15, 64, 64, 64
L -717, -594, -15, -719, -594, -15, 64, 64, 64
L -717, -592, -15, -717, -594, -15, 64, 64, 64
L -718, -591, -15, -717, -592, -15, 64, 64, 64
L -719, -591, -15, -718, -591, -15, 64, 64, 64
L -719, -578, -15, -719, -591, -15, 64, 64, 64
L -717, -578, -15, -719, -578, -15, 64, 64, 64
L -717, -576, -15, -717, -578, -15, 64, 64, 64
L -718, -575, -15, -717, -576, -15, 64, 64, 64
L -733, -575, -15, -718, -575, -15, 64, 64, 64
L -712, -560, -15, -733, -560, -10, 64, 64, 64
L -712, -639, -15, -712, -560, -15, 64, 64, 64
L -736, -639, -15, -712, -639, -15, 64, 64, 64
L -752, -656, -15, -736, -639, -15, 64, 64, 64
L -752, -768, -15, -752, -656, -15, 64, 64, 64
L -736, -784, -15, -752, -768, -15, 64, 64, 64
L -712, -784, -15, -736, -784, -15, 64, 64, 64
L -712, -863, -15, -712, -784, -15, 64, 64, 64
L -733, -863, -15, -712, -863, -15, 64, 64, 64
L -733, -848, -15, -733, -863, -15, 64, 64, 64
L -717, -848, -15, -733, -848, -15, 64, 64, 64
L -717, -845, -15, -717, -848, -15, 64, 64, 64
L -735, -845, -7, -719, -845, -15, 64, 64, 64
L -736, -845, -7, -734, -845, -7, 64, 64, 64
L -736, -848, -7, -736, -845, -7, 64, 64, 64
L -734, -848, -7, -736, -848, -7, 64, 64, 64
L -734, -863, -7, -734, -848, -7, 64, 64, 64
L -736, -863, -7, -734, -863, -7, 64, 64, 64
L -736, -866, -7, -736, -863, -7, 64, 64, 64
L -734, -866, -7, -736, -866, -7, 64, 64, 64
L -718, -866, 1, -721, -866, -0, 64, 64, 64
L -717, -866, 1, -718, -866, 1, 64, 64, 64
L -717, -864, 1, -717, -866, 1, 64, 64, 64
L -718, -863, 1, -717, -864, 1, 64, 64, 64
L -719, -863, 1, -718, -863, 1, 64, 64, 64
L -719, -832, 1, -719, -863, 1, 64, 64, 64
L -717, -832, 1, -719, -832, 1, 64, 64, 64
L -717, -830, 1, -717, -832, 1, 64, 64, 64
L -718, -829, 1, -717, -830, 1, 64, 64, 64
L -719, -829, 1, -718, -829, 1, 64, 64, 64
L -719, -845, -15, -717, -845, -15, 64, 64, 64
L -721, -832, -14, -721, -845, -14, 64, 64, 64
L -723, -845, -13, -723, -832, -13, 64, 64, 64
L -725, -832, -12, -725, -845, -12, 64, 64, 64
L -727, -845, -11, -727, -832, -11, 64, 64, 64
L -729, -832, -10, -729, -845, -10, 64, 64, 64
L -731, -845, -9, -731, -832, -9, 64, 64, 64
L -733, -832, -8, -733, -845, -8, 64, 64, 64
L -719, -832, -15, -719, -845, -15, 64, 64, 64
L -733, -832, -8, -719, -832, -15, 64, 64, 64
L -751, -832, -7, -733, -832, -8, 64, 64, 64
L -751, -879, -7, -751, -832, -7, 64, 64, 64
L -734, -879, -7, -751, -879, -7, 64, 64, 64
L -734, -866, -7, -734, -879, -7, 64, 64, 64
L -732, -879, -6, -732, -866, -6, 64, 64, 64
L -730, -866, -5, -730, -879, -5, 64, 64, 64
L -728, -879, -4, -728, -866, -4, 64, 64, 64
L -726, -866, -3, -726, -879, -3, 64, 64, 64
L -724, -879, -2, -724, -866, -2, 64, 64, 64
L -722, -866, -1, -722, -879, -1, 64, 64, 64
L -720, -879, -0, -720, -866, -0, 64, 64, 64
L -719, -866, 1, -734, -866, -7, 64, 64, 64
L -688, -863, 1, -690, -863, 1, 64, 64, 64
L -688, -832, 1, -688, -863, 1, 64, 64, 64
L -672, -845, -7, -688, -845, -15, 64, 64, 64
L -671, -846, -7, -672, -845, -7, 64, 64, 64
L -671, -848, -7, -671, -846, -7, 64, 64, 64
L -674, -848, -7, -671, -848, -7, 64, 64, 64
L -674, -863, -7, -674, -848, -7, 64, 64, 64
L -671, -863, -7, -674, -863, -7, 64, 64, 64
L -671, -866, -7, -671, -863, -7, 64, 64, 64
L -673, -866, -7, -671, -866, -7, 64, 64, 64
L -688, -832, -15, -688, -845, -15, 64, 64, 64
L -674, -832, -7, -688, -832, -15, 64, 64, 64
L -656, -832, -7, -674, -832, -7, 64, 64, 64
L -656, -879, -7, -656, -832, -7, 64, 64, 64
L -673, -879, -7, -656, -879, -7, 64, 64, 64
L -673, -866, -7, -673, -879, -7, 64, 64, 64
L -675, -879, -6, -675, -866, -6, 64, 64, 64
L -677, -866, -5, -677, -879, -5, 64, 64, 64
L -679, -879, -4, -679, -866, -4, 64, 64, 64
L -682, -866, -3, -681, -879, -3, 64, 64, 64
L -683, -879, -2, -683, -866, -2, 64, 64, 64
L -685, -866, -1, -685, -879, -1, 64, 64, 64
L -687, -879, -0, -687, -866, -0, 64, 64, 64
L -720, -879, -0, -751, -879, -7, 64, 64, 64
L -689, -879, 1, -720, -879, -0, 64, 64, 64
L -673, -879, -7, -689, -879, 1, 64, 64, 64
L -673, -866, -7, -673, -879, -7, 64, 64, 64
L -690, -866, 1, -673, -866, -7, 64, 64, 64
L -690, -863, 1, -690, -866, 1, 64, 64, 64
L -689, -863, 1, -690, -863, 1, 64, 64, 64
L -690, -832, 1, -688, -832, 1, 64, 64, 64
L -690, -829, 1, -690, -832, 1, 64, 64, 64
L -688, -829, 1, -690, -829, 1, 64, 64, 64
L -717, -720, 1, -717, -704, 1, 0, 0, 205
L -703, -733, 1, -717, -720, 1, 0, 0, 205
L -689, -733, 1, -703, -733, 1, 0, 0, 205
L -674, -720, 1, -689, -733, 1, 0, 0, 205
L -674, -704, 1, -674, -720, 1, 0, 0, 205
L -688, -690, 1, -674, -704, 1, 0, 0, 205
L -703, -690, 1, -688, -690, 1, 0, 0, 205
L -717, -704, 1, -703, -690, 1, 0, 0, 205
L -704, -716, 1, -704, -710, 1, 64, 64, 64
L -700, -720, 1, -704, -716, 1, 64, 64, 64
L -692, -720, 1, -700, -720, 1, 64, 64, 64
L -687, -716, 1, -692, -720, 1, 64, 64, 64
L -687, -708, 1, -687, -716, 1, 64, 64, 64
L -692, -703, 1, -687, -708, 1, 64, 64, 64
L -699, -703, 1, -692, -703, 1, 64, 64, 64
L -700, -704, 1, -699, -703, 1, 64, 64, 64
L -704, -707, 1, -700, -704, 1, 64, 64, 64
L -704, -711, 1, -704, -707, 1, 64, 64, 64
L -671, -721, 2, -686, -735, 2, 64, 64, 64
L -671, -703, 2, -671, -721, 2, 64, 64, 64
L -687, -687, 2, -671, -703, 2, 64, 64, 64
L -705, -687, 2, -687, -687, 2, 64, 64, 64
L -720, -702, 2, -705, -687, 2, 64, 64, 64
L -720, -721, 2, -720, -702, 2, 64, 64, 64
L -704, -736, 2, -720, -721, 2, 64, 64, 64
L -687, -736, 2, -704, -736, 2, 64, 64, 64
L -684, -733, 2, -687, -736, 2, 64, 64, 64
L -731, -690, 2, -717, -676, 2, 0, 127, 0
L -731, -734, 2, -731, -690, 2, 0, 127, 0
L -718, -747, 2, -731, -734, 2, 0, 127, 0
L -674, -747, 2, -718, -747, 2, 0, 127, 0
L -660, -734, 2, -674, -747, 2, 0, 127, 0
L -660, -690, 2, -660, -734, 2, 0, 127, 0
L -674, -676, 2, -660, -690, 2, 0, 127, 0
L -718, -676, 2, -674, -676, 2, 0, 127, 0
L -783, -637, 2, -783, -618, 2, 0, 127, 0
L -769, -637, 2, -783, -637, 2, 0, 127, 0
L -754, -623, 2, -769, -637, 2, 0, 127, 0
L -754, -608, 2, -754, -623, 2, 0, 127, 0
L -773, -608, 2, -754, -608, 2, 0, 127, 0
L -653, -608, 2, -634, -608, 2, 0, 127, 0
L -653, -623, 2, -653, -608, 2, 0, 127, 0
L -639, -637, 2, -653, -623, 2, 0, 127, 0
L -624, -637, 2, -639, -637, 2, 0, 127, 0
L -624, -618, 2, -624, -637, 2, 0, 127, 0
L -624, -786, 2, -624, -805, 2, 0, 127, 0
L -639, -786, 2, -624, -786, 2, 0, 127, 0
L -653, -801, 2, -639, -786, 2, 0, 127, 0
L -653, -815, 2, -653, -801, 2, 0, 127, 0
L -634, -815, 2, -653, -815, 2, 0, 127, 0
L -754, -815, 2, -773, -815, 2, 0, 127, 0
L -754, -801, 2, -754, -815, 2, 0, 127, 0
L -769, -786, 2, -754, -801, 2, 0, 127, 0
L -783, -786, 2, -769, -786, 2, 0, 127, 0
L -783, -805, 2, -783, -786, 2, 0, 127, 0
L -783, -805, 2, -774, -805, 2, 0, 127, 0
L -831, -720, 17, -816, -735, 17, 64, 64, 64
L -816, -735, 17, -784, -735, 17, 64, 64, 64
L -784, -735, 17, -783, -736, 16, 64, 64, 64
L -783, -736, 16, -783, -783, 1, 64, 64, 64
L -770, -766, 1, -770, -737, 16, 64, 64, 64
L -770, -737, 16, -770, -736, 16, 64, 64, 64
L -770, -736, 16, -783, -736, 16, 64, 64, 64
L -770, -737, 16, -770, -734, 17, 64, 64, 64
L -770, -734, 17, -770, -733, 17, 64, 64, 64
L -770, -733, 17, -768, -733, 17, 64, 64, 64
L -768, -733, 17, -768, -690, 17, 64, 64, 64
L -768, -690, 17, -770, -690, 17, 64, 64, 64
L -770, -690, 17, -770, -689, 17, 64, 64, 64
L -770, -689, 17, -770, -657, 1, 64, 64, 64
L -770, -657, 1, -783, -657, 1, 64, 64, 64
L -783, -657, 1, -783, -687, 16, 64, 64, 64
L -783, -687, 16, -816, -688, 17, 64, 64, 64
L -816, -688, 17, -831, -704, 17, 64, 64, 64
L -831, -704, 17, -831, -720, 17, 64, 64, 64
L -770, -738, 15, -783, -738, 15, 64, 64, 64
L -783, -740, 14, -770, -740, 14, 64, 64, 64
L -770, -742, 13, -783, -742, 13, 64, 64, 64
L -783, -744, 12, -770, -744, 12, 64, 64, 64
L -770, -746, 11, -783, -746, 11, 64, 64, 64
L -783, -748, 10, -770, -748, 10, 64, 64, 64
L -770, -750, 9, -783, -750, 9, 64, 64, 64
L -783, -752, 8, -770, -752, 8, 64, 64, 64
L -770, -754, 7, -783, -754, 7, 64, 64, 64
L -783, -758, 5, -770, -758, 5, 64, 64, 64
L -770, -756, 6, -783, -756, 6, 64, 64, 64
L -783, -760, 4, -770, -760, 4, 64, 64, 64
L -770, -762, 3, -783, -762, 3, 64, 64, 64
L -783, -764, 2, -770, -764, 2, 64, 64, 64
L -783, -766, 1, -770, -766, 1, 64, 64, 64
L -783, -783, 1, -768, -783, 1, 64, 64, 64
L -768, -783, 1, -751, -800, 1, 64, 64, 64
L -751, -800, 1, -751, -815, 1, 64, 64, 64
L -751, -815, 1, -736, -815, 1, 64, 64, 64
L -736, -815, 1, -736, -805, 1, 64, 64, 64
L -736, -805, 1, -720, -805, 1, 64, 64, 64
L -720, -805, 1, -719, -806, 1, 64, 64, 64
L -719, -806, 1, -719, -829, 1, 64, 64, 64
L -688, -829, 1, -688, -805, 1, 64, 64, 64
L -688, -805, 1, -671, -805, 1, 64, 64, 64
L -671, -805, 1, -671, -815, 1, 64, 64, 64
L -671, -815, 1, -656, -815, 1, 64, 64, 64
L -656, -815, 1, -656, -799, 1, 64, 64, 64
L -656, -799, 1, -640, -784, 1, 64, 64, 64
L -640, -784, 1, -624, -783, 1, 64, 64, 64
L -624, -783, 1, -624, -735, 1, 64, 64, 64
L -624, -735, 1, -608, -735, 1, 64, 64, 64
L -611, -688, 1, -624, -688, 1, 64, 64, 64
L -624, -688, 1, -624, -640, 1, 64, 64, 64
L -624, -640, 1, -640, -640, 1, 64, 64, 64
L -640, -640, 1, -656, -624, 1, 64, 64, 64
L -656, -624, 1, -656, -608, 1, 64, 64, 64
L -656, -608, 1, -671, -608, 1, 64, 64, 64
L -671, -608, 1, -671, -618, 1, 64, 64, 64
L -671, -618, 1, -688, -618, 1, 64, 64, 64
L -688, -618, 1, -688, -594, 1, 64, 64, 64
L -719, -594, 1, -719, -618, 1, 64, 64, 64
L -719, -618, 1, -736, -618, 1, 64, 64, 64
L -736, -618, 1, -736, -608, 1, 64, 64, 64
L -736, -608, 1, -751, -608, 1, 64, 64, 64
L -751, -608, 1, -751, -624, 1, 64, 64, 64
L -751, -624, 1, -767, -640, 1, 64, 64, 64
L -767, -640, 1, -783, -640, 1, 64, 64, 64
L -783, -640, 1, -783, -657, 1, 64, 64, 64
L -770, -687, 16, -783, -687, 16, 64, 64, 64
L -783, -685, 15, -770, -685, 15, 64, 64, 64
L -770, -683, 14, -783, -683, 14, 64, 64, 64
L -783, -681, 13, -770, -681, 13, 64, 64, 64
L -770, -679, 12, -783, -679, 12, 64, 64, 64
L -783, -677, 11, -770, -677, 11, 64, 64, 64
L -770, -675, 10, -783, -675, 10, 64, 64, 64
L -783, -673, 9, -770, -673, 9, 64, 64, 64
L -770, -671, 8, -783, -671, 8, 64, 64, 64
L -783, -669, 7, -770, -669, 7, 64, 64, 64
L -770, -667, 6, -783, -667, 6, 64, 64, 64
L -783, -665, 5, -770, -665, 5, 64, 64, 64
L -770, -663, 4, -783, -663, 4, 64, 64, 64
L -783, -661, 3, -770, -661, 3, 64, 64, 64
L -770, -659, 2, -783, -659, 2, 64, 64, 64
L -734, -685, 1, -720, -671, 1, 64, 64, 64
L -720, -671, 1, -672, -671, 1, 64, 64, 64
L -672, -671, 1, -655, -687, 1, 64, 64, 64
L -655, -687, 1, -655, -735, 1, 64, 64, 64
L -655, -735, 1, -671, -752, 1, 64, 64, 64
L -671, -752, 1, -720, -752, 1, 64, 64, 64
L -720, -752, 1, -736, -736, 1, 64, 64, 64
L -736, -736, 1, -736, -688, 1, 64, 64, 64
L -736, -688, 1, -730, -682, 1, 64, 64, 64
L -792, -705, 1, -796, -705, 1, 64, 64, 64
L -796, -705, 1, -797, -706, 1, 64, 64, 64
L -797, -706, 1, -797, -718, 1, 64, 64, 64
L -797, -718, 1, -790, -718, 1, 64, 64, 64
L -790, -718, 1, -790, -706, 1, 64, 64, 64
L -790, -706, 1, -791, -705, 1, 64, 64, 64
L -791, -705, 1, -794, -705, 1, 64, 64, 64
L -792, -705, 1, -792, -718, 1, 64, 64, 64
L -773, -815, 2, -773, -805, 2, 64, 64, 64
L -773, -805, 2, -783, -805, 2, 64, 64, 64
L -634, -815, 2, -634, -805, 2, 64, 64, 64
L -634, -805, 2, -624, -805, 2, 64, 64, 64
L -624, -618, 2, -634, -618, 2, 64, 64, 64
L -634, -618, 2, -634, -608, 2, 64, 64, 64
L -773, -608, 2, -773, -618, 2, 64, 64, 64
L -773, -618, 2, -783, -618, 2, 64, 64, 64
L -647, -708, 1, -645, -710, 1, 64, 64, 64
L -645, -710, 1, -645, -714, 1, 64, 64, 64
L -645, -714, 1, -647, -716, 1, 64, 64, 64
L -647, -716, 1, -652, -716, 1, 64, 64, 64
L -652, -716, 1, -654, -714, 1, 64, 64, 64
L -654, -714, 1, -654, -709, 1, 64, 64, 64
L -654, -709, 1, -652, -708, 1, 64, 64, 64
L -652, -708, 1, -652, -707, 1, 64, 64, 64
L -652, -707, 1, -648, -707, 1, 64, 64, 64
L -648, -707, 1, -646, -709, 1, 64, 64, 64
L -859, -577, -33, -867, -564, -33, 150, 100, 0
L -867, -564, -33, -867, -532, -34, 150, 100, 0
L -867, -532, -34, -855, -530, -33, 150, 100, 0
L -855, -530, -33, -822, -530, -33, 150, 100, 0
L -850, -584, -32, -842, -584, -32, 150, 100, 0
L -842, -584, -32, -834, -598, -32, 150, 100, 0
L -834, -598, -32, -834, -637, -32, 150, 100, 0
L -834, -637, -32, -833, -638, -32, 150, 100, 0
L -833, -638, -32, -840, -643, -32, 150, 100, 0
L -840, -643, -32, -867, -644, -32, 150, 100, 0
L -867, -644, -32, -867, -638, -32, 150, 100, 0
L -867, -638, -32, -865, -638, -32, 150, 100, 0
L -865, -638, -32, -865, -597, -32, 150, 100, 0
L -865, -597, -32, -857, -584, -32, 150, 100, 0
L -857, -584, -32, -846, -584, -32, 150, 100, 0
L -829, -597, -32, -825, -593, -32, 150, 100, 0
L -825, -593, -32, -820, -590, -32, 150, 100, 0
L -820, -590, -32, -809, -594, -32, 150, 100, 0
L -809, -594, -32, -804, -598, -32, 150, 100, 0
L -804, -598, -32, -804, -612, -32, 150, 100, 0
L -804, -612, -32, -818, -617, -32, 150, 100, 0
L -818, -617, -32, -824, -617, -32, 150, 100, 0
L -824, -617, -32, -827, -614, -32, 150, 100, 0
L -827, -614, -32, -827, -598, -32, 150, 100, 0
L -827, -598, -32, -829, -597, -32, 150, 100, 0
L -827, -630, -32, -827, -622, -32, 150, 100, 0
L -827, -622, -32, -824, -620, -32, 150, 100, 0
L -824, -620, -32, -820, -620, -32, 150, 100, 0
L -820, -620, -32, -814, -622, -32, 150, 100, 0
L -814, -622, -32, -806, -624, -32, 150, 100, 0
L -806, -624, -32, -804, -632, -32, 150, 100, 0
L -804, -632, -32, -804, -638, -32, 150, 100, 0
L -804, -638, -32, -814, -645, -32, 150, 100, 0
L -814, -645, -32, -824, -645, -32, 150, 100, 0
L -824, -645, -32, -829, -642, -32, 150, 100, 0
L -829, -642, -32, -829, -638, -32, 150, 100, 0
L -829, -638, -32, -827, -638, -32, 150, 100, 0
L -827, -638, -32, -827, -627, -32, 150, 100, 0
L -872, -633, -32, -872, -638, -32, 150, 100, 0
L -872, -638, -32, -870, -638, -32, 150, 100, 0
L -870, -638, -32, -874, -643, -32, 150, 100, 0
L -874, -643, -32, -882, -645, -32, 150, 100, 0
L -882, -645, -32, -887, -645, -32, 150, 100, 0
L -887, -645, -32, -891, -638, -32, 150, 100, 0
L -891, -638, -32, -893, -624, -32, 150, 100, 0
L -893, -624, -32, -888, -620, -32, 150, 100, 0
L -872, -622, -32, -872, -635, -32, 150, 100, 0
L -890, -622, -32, -888, -620, -32, 150, 100, 0
L -888, -620, -32, -874, -620, -32, 150, 100, 0
L -874, -620, -32, -872, -622, -32, 150, 100, 0
L -872, -604, -32, -872, -614, -32, 150, 100, 0
L -872, -614, -32, -876, -615, -32, 150, 100, 0
L -876, -615, -32, -884, -615, -32, 150, 100, 0
L -884, -615, -32, -889, -612, -32, 150, 100, 0
L -889, -612, -32, -893, -602, -32, 150, 100, 0
L -893, -602, -32, -891, -598, -32, 150, 100, 0
L -891, -598, -32, -889, -592, -32, 150, 100, 0
L -889, -592, -32, -875, -594, -32, 150, 100, 0
L -875, -594, -32, -870, -596, -32, 150, 100, 0
L -870, -597, -32, -872, -597, -32, 150, 100, 0
L -872, -597, -32, -872, -608, -32, 150, 100, 0
L -870, -596, -32, -870, -597, -32, 150, 100, 0
L -820, -530, -32, -822, -530, -33, 64, 64, 64
L -820, -541, -32, -822, -541, -33, 64, 64, 64
L -751, -591, -7, -719, -591, -15, 64, 64, 64
L -751, -591, -7, -751, -544, -7, 64, 64, 64
L -751, -544, -7, -709, -544, 1, 64, 64, 64
L -709, -544, 1, -688, -544, 1, 64, 64, 64
L -688, -544, 1, -656, -544, -7, 64, 64, 64
L -656, -544, -7, -656, -591, -7, 64, 64, 64
L -656, -591, -7, -673, -591, -7, 64, 64, 64
L -673, -591, -7, -689, -591, -15, 64, 64, 64
L -689, -591, -15, -690, -591, -15, 64, 64, 64
L -690, -591, -15, -690, -594, -15, 64, 64, 64
L -690, -594, -15, -688, -594, -15, 64, 64, 64
L -688, -594, -15, -688, -618, -15, 64, 64, 64
L -688, -618, -15, -671, -618, -15, 64, 64, 64
L -671, -618, -15, -671, -608, -15, 64, 64, 64
L -671, -608, -15, -656, -608, -15, 64, 64, 64
L -656, -608, -15, -656, -624, -15, 64, 64, 64
L -656, -624, -15, -640, -640, -15, 64, 64, 64
L -640, -640, -15, -624, -640, -15, 64, 64, 64
L -674, -591, -8, -674, -578, -8, 64, 64, 64
L -676, -578, -9, -676, -591, -9, 64, 64, 64
L -678, -591, -10, -678, -578, -10, 64, 64, 64
L -680, -578, -11, -680, -591, -11, 64, 64, 64
L -682, -591, -12, -682, -578, -12, 64, 64, 64
L -684, -578, -13, -684, -591, -13, 64, 64, 64
L -686, -591, -14, -686, -578, -14, 64, 64, 64
L -688, -578, -15, -688, -591, -15, 64, 64, 64
L -688, -578, -15, -690, -578, -15, 64, 64, 64
L -690, -578, -15, -690, -575, -15, 64, 64, 64
L -690, -575, -15, -674, -575, -15, 64, 64, 64
L -674, -560, -16, -681, -560, -15, 64, 64, 64
L -673, -578, -7, -671, -578, -7, 64, 64, 64
L -671, -578, -7, -671, -576, -7, 64, 64, 64
L -671, -576, -7, -672, -575, -7, 64, 64, 64
L -672, -575, -7, -674, -575, -7, 64, 64, 64
L -674, -560, -7, -671, -560, -7, 64, 64, 64
L -671, -560, -7, -671, -558, -7, 64, 64, 64
L -671, -558, -7, -672, -557, -7, 64, 64, 64
L -672, -557, -7, -673, -557, -7, 64, 64, 64
L -673, -557, -7, -673, -544, -7, 64, 64, 64
L -687, -544, -0, -687, -557, -0, 64, 64, 64
L -685, -557, -1, -685, -544, -1, 64, 64, 64
L -683, -544, -2, -683, -557, -2, 64, 64, 64
L -681, -557, -3, -681, -544, -3, 64, 64, 64
L -679, -544, -4, -679, -557, -4, 64, 64, 64
L -677, -557, -5, -677, -544, -5, 64, 64, 64
L -675, -544, -6, -675, -557, -6, 64, 64, 64
L -673, -557, -7, -688, -557, 1, 64, 64, 64
L -688, -557, 1, -690, -557, 1, 64, 64, 64
L -690, -557, 1, -690, -560, 1, 64, 64, 64
L -690, -560, 1, -688, -560, 1, 64, 64, 64
L -688, -591, 1, -690, -591, 1, 64, 64, 64
L -690, -591, 1, -690, -594, 1, 64, 64, 64
L -690, -594, 1, -688, -594, 1, 64, 64, 64
L -673, -578, -7, -688, -578, -15, 64, 64, 64
L -673, -575, -7, -674, -575, -7, 64, 64, 64
L -674, -575, -7, -674, -560, -7, 64, 64, 64
L -674, -576, -16, -674, -560, -16, 64, 64, 64
L -674, -560, -16, -674, -562, -16, 64, 64, 64
L -681, -560, -15, -689, -560, -15, 64, 64, 64
L -688, -591, 1, -688, -560, 1, 64, 64, 64
L -720, -544, -0, -720, -557, -0, 64, 64, 64
L -720, -557, -0, -722, -557, -1, 64, 64, 64
L -722, -557, -1, -722, -544, -1, 64, 64, 64
L -724, -544, -2, -724, -557, -2, 64, 64, 64
L -724, -557, -2, -726, -557, -3, 64, 64, 64
L -726, -557, -3, -726, -544, -3, 64, 64, 64
L -728, -544, -4, -728, -557, -4, 64, 64, 64
L -728, -557, -4, -730, -557, -5, 64, 64, 64
L -730, -557, -5, -730, -544, -5, 64, 64, 64
L -732, -544, -6, -732, -557, -6, 64, 64, 64
L -732, -557, -6, -734, -557, -7, 64, 64, 64
L -734, -557, -7, -734, -544, -7, 64, 64, 64
L -719, -557, 1, -734, -557, -7, 64, 64, 64
L -735, -578, -7, -719, -578, -15, 64, 64, 64
L -733, -591, -8, -733, -578, -8, 64, 64, 64
L -731, -578, -9, -731, -591, -9, 64, 64, 64
L -729, -591, -10, -729, -578, -10, 64, 64, 64
L -727, -578, -11, -727, -591, -11, 64, 64, 64
L -725, -591, -12, -725, -578, -12, 64, 64, 64
L -723, -578, -13, -723, -591, -13, 64, 64, 64
L -721, -591, -14, -721, -578, -14, 64, 64, 64
L -734, -557, -7, -736, -557, -7, 64, 64, 64
L -736, -557, -7, -736, -560, -7, 64, 64, 64
L -719, -591, 1, -719, -560, 1, 64, 64, 64
L -719, -560, 1, -717, -560, 1, 64, 64, 64
L -717, -560, 1, -717, -558, 1, 64, 64, 64
L -717, -558, 1, -718, -557, 1, 64, 64, 64
L -718, -557, 1, -721, -557, -0, 64, 64, 64
L -736, -560, -7, -733, -560, -7, 64, 64, 64
L -733, -575, -15, -733, -564, -15, 64, 64, 64
L -733, -564, -15, -733, -560, -10, 64, 64, 64
L -733, -560, -7, -733, -575, -8, 64, 64, 64
L -735, -578, -7, -736, -578, -7, 64, 64, 64
L -736, -578, -7, -736, -575, -7, 64, 64, 64
L -736, -575, -7, -733, -575, -7, 64, 64, 64
L -674, -832, -8, -674, -845, -8, 64, 64, 64
L -676, -845, -9, -676, -832, -9, 64, 64, 64
L -678, -832, -10, -678, -845, -10, 64, 64, 64
L -680, -845, -11, -680, -832, -11, 64, 64, 64
L -682, -832, -12, -682, -845, -12, 64, 64, 64
L -684, -845, -13, -684, -832, -13, 64, 64, 64
L -686, -832, -14, -686, -845, -14, 64, 64, 64
L -688, -845, -15, -690, -845, -15, 64, 64, 64
L -690, -845, -15, -690, -848, -15, 64, 64, 64
L -690, -848, -15, -674, -848, -15, 64, 64, 64
L -674, -848, -15, -674, -863, -15, 64, 64, 64
L -674, -863, -15, -695, -863, -15, 64, 64, 64
L -695, -863, -15, -695, -784, -15, 64, 64, 64
L -695, -784, -15, -671, -784, -15, 64, 64, 64
L -671, -784, -15, -655, -767, -15, 64, 64, 64
L -655, -767, -15, -656, -655, -15, 64, 64, 64
L -656, -655, -15, -672, -639, -15, 64, 64, 64
L -672, -639, -15, -695, -639, -15, 64, 64, 64
L -695, -639, -15, -695, -560, -15, 64, 64, 64
L -695, -560, -15, -685, -560, -15, 64, 64, 64
L -624, -640, -15, -624, -655, -15, 64, 64, 64
L -624, -655, -15, -626, -655, -15, 64, 64, 64
L -626, -655, -15, -626, -658, -15, 64, 64, 64
L -626, -658, -15, -621, -658, -15, 64, 64, 64
L -621, -658, -15, -621, -614, -15, 64, 64, 64
L -621, -614, -15, -586, -614, -15, 64, 64, 64
L -586, -614, -15, -586, -682, -15, 64, 64, 64
L -586, -682, -15, -592, -687, -15, 64, 64, 64
L -592, -687, -15, -610, -687, -15, 64, 64, 64
L -610, -687, -15, -610, -694, -15, 64, 64, 64
L -610, -694, -15, -589, -694, -15, 64, 64, 64
L -589, -694, -15, -585, -692, -15, 64, 64, 64
L -585, -692, -15, -581, -688, -15, 64, 64, 64
L -581, -688, -15, -579, -684, -15, 64, 64, 64
L -579, -684, -15, -579, -680, -15, 64, 64, 64
L -579, -681, -15, -579, -620, -15, 64, 64, 64
L -579, -620, -15, -566, -620, -16, 64, 64, 64
L -566, -620, -16, -566, -628, -15, 64, 64, 64
L -566, -628, -15, -564, -628, -15, 64, 64, 64
L -564, -628, -15, -563, -620, -15, 64, 64, 64
L -563, -620, -15, -530, -620, -15, 64, 64, 64
L -530, -620, -15, -530, -676, -16, 64, 64, 64
L -530, -676, -16, -558, -676, -15, 64, 64, 64
L -558, -676, -15, -557, -650, -15, 64, 64, 64
L -557, -650, -15, -563, -650, -16, 64, 64, 64
L -563, -650, -16, -563, -642, -15, 64, 64, 64
L -563, -642, -15, -563, -640, -15, 64, 64, 64
L -563, -640, -15, -564, -639, -15, 64, 64, 64
L -564, -639, -15, -566, -639, -15, 64, 64, 64
L -566, -639, -15, -566, -688, -15, 64, 64, 64
L -566, -688, -15, -570, -695, -15, 64, 64, 64
L -570, -695, -15, -578, -703, -15, 64, 64, 64
L -578, -703, -15, -587, -707, -15, 64, 64, 64
L -587, -707, -15, -622, -708, -15, 64, 64, 64
L -622, -708, -15, -621, -671, -15, 64, 64, 64
L -621, -671, -15, -622, -669, -15, 64, 64, 64
L -622, -669, -15, -626, -669, -15, 64, 64, 64
L -626, -669, -15, -626, -672, -15, 64, 64, 64
L -626, -672, -15, -624, -672, -15, 64, 64, 64
L -624, -672, -15, -624, -703, -15, 64, 64, 64
L -624, -703, -15, -634, -703, -15, 64, 64, 64
L -634, -703, -15, -634, -720, -15, 64, 64, 64
L -634, -720, -15, -624, -720, -15, 64, 64, 64
L -624, -720, -15, -624, -751, -15, 64, 64, 64
L -624, -751, -15, -626, -751, -15, 64, 64, 64
L -626, -751, -15, -626, -754, -15, 64, 64, 64
L -626, -754, -15, -622, -754, -15, 64, 64, 64
L -622, -754, -15, -621, -753, -15, 64, 64, 64
L -621, -753, -15, -621, -716, -15, 64, 64, 64
L -621, -716, -15, -576, -716, -15, 64, 64, 64
L -576, -716, -15, -576, -792, -16, 64, 64, 64
L -576, -792, -16, -602, -792, -15, 64, 64, 64
L -602, -792, -15, -602, -794, -15, 64, 64, 64
L -602, -794, -15, -574, -794, -15, 64, 64, 64
L -574, -794, -15, -573, -793, -15, 64, 64, 64
L -573, -793, -15, -574, -716, -16, 64, 64, 64
L -574, -716, -16, -572, -717, -16, 64, 64, 64
L -572, -717, -16, -572, -716, -16, 64, 64, 64
L -544, -716, -15, -572, -716, -16, 64, 64, 64
L -544, -716, -15, -544, -809, -15, 64, 64, 64
L -544, -809, -15, -621, -809, -15, 64, 64, 64
L -621, -809, -15, -621, -794, -15, 64, 64, 64
L -621, -794, -15, -614, -794, -15, 64, 64, 64
L -614, -794, -15, -613, -793, -15, 64, 64, 64
L -613, -793, -15, -613, -792, -15, 64, 64, 64
L -613, -792, -15, -614, -791, -15, 64, 64, 64
L -614, -791, -15, -621, -791, -15, 64, 64, 64
L -621, -791, -15, -621, -778, -15, 64, 64, 64
L -621, -778, -15, -585, -778, -15, 64, 64, 64
L -585, -778, -15, -585, -774, -15, 64, 64, 64
L -585, -774, -15, -586, -773, -15, 64, 64, 64
L -586, -773, -15, -621, -773, -15, 64, 64, 64
L -621, -773, -15, -621, -765, -15, 64, 64, 64
L -621, -765, -15, -626, -765, -15, 64, 64, 64
L -626, -765, -15, -626, -768, -15, 64, 64, 64
L -626, -768, -15, -624, -768, -15, 64, 64, 64
L -624, -768, -15, -624, -783, -15, 64, 64, 64
L -624, -783, -15, -640, -783, -15, 64, 64, 64
L -640, -783, -15, -656, -800, -15, 64, 64, 64
L -656, -800, -15, -656, -815, -15, 64, 64, 64
L -656, -815, -15, -671, -815, -15, 64, 64, 64
L -671, -815, -15, -671, -806, -15, 64, 64, 64
L -671, -806, -15, -672, -805, -15, 64, 64, 64
L -672, -805, -15, -688, -805, -15, 64, 64, 64
L -688, -805, -15, -688, -829, -15, 64, 64, 64
L -688, -829, -15, -690, -829, -15, 64, 64, 64
L -690, -829, -15, -690, -832, -15, 64, 64, 64
L -690, -832, -15, -688, -832, -15, 64, 64, 64
L -709, -879, -13, -709, -863, -14, 0, 0, 250
L -709, -863, -14, -707, -863, -16, 0, 0, 250
L -707, -863, -16, -700, -863, -16, 0, 0, 250
L -700, -863, -16, -698, -863, -14, 0, 0, 250
L -698, -863, -14, -698, -879, -13, 0, 0, 250
L -698, -879, -13, -709, -879, -13, 0, 0, 250
L -707, -863, -16, -707, -762, -16, 0, 0, 250
L -707, -762, -16, -708, -761, -17, 0, 0, 250
L -708, -761, -17, -712, -761, -17, 0, 0, 250
L -712, -761, -17, -715, -757, -17, 0, 0, 250
L -715, -757, -17, -715, -734, -17, 0, 0, 250
L -715, -734, -17, -731, -718, -17, 0, 0, 250
L -731, -718, -17, -731, -706, -17, 0, 0, 250
L -731, -706, -17, -715, -690, -17, 0, 0, 250
L -715, -690, -17, -715, -666, -17, 0, 0, 250
L -715, -666, -17, -712, -662, -17, 0, 0, 250
L -712, -662, -17, -709, -662, -17, 0, 0, 250
L -698, -662, -17, -696, -662, -17, 0, 0, 250
L -696, -662, -17, -692, -666, -17, 0, 0, 250
L -692, -666, -17, -692, -690, -17, 0, 0, 250
L -692, -690, -17, -676, -706, -17, 0, 0, 250
L -676, -706, -17, -676, -718, -17, 0, 0, 250
L -676, -718, -17, -692, -733, -17, 0, 0, 250
L -692, -733, -17, -692, -758, -17, 0, 0, 250
L -692, -758, -17, -696, -761, -17, 0, 0, 250
L -696, -761, -17, -699, -761, -17, 0, 0, 250
L -700, -863, -16, -700, -762, -16, 0, 0, 250
L -700, -762, -16, -699, -761, -17, 0, 0, 250
L -699, -761, -17, -698, -761, -17, 0, 0, 250
L -698, -544, -13, -698, -560, -14, 0, 0, 250
L -698, -560, -14, -709, -560, -14, 0, 0, 250
L -709, -560, -14, -709, -544, -13, 0, 0, 250
L -709, -534, -7, -705, -534, -7, 0, 0, 250
L -705, -534, -7, -705, -532, -7, 0, 0, 250
L -705, -532, -7, -702, -532, -7, 0, 0, 250
L -702, -532, -7, -702, -534, -7, 0, 0, 250
L -702, -534, -7, -698, -534, -7, 0, 0, 250
L -698, -544, -13, -709, -544, -13, 0, 0, 250
L -709, -534, -7, -709, -544, -7, 0, 0, 250
L -698, -544, -8, -698, -544, -9, 0, 0, 250
L -709, -544, -13, -709, -559, -13, 0, 0, 250
L -698, -534, -7, -698, -544, -7, 0, 0, 250
L -707, -560, -16, -707, -662, -16, 0, 0, 250
L -707, -662, -16, -707, -662, -17, 0, 0, 250
L -707, -662, -17, -711, -662, -17, 0, 0, 250
L -700, -560, -16, -700, -662, -16, 0, 0, 250
L -700, -662, -16, -700, -662, -17, 0, 0, 250
L -700, -662, -17, -697, -662, -17, 0, 0, 250
L -698, -891, -7, -702, -891, -7, 0, 0, 250
L -702, -891, -7, -702, -893, -7, 0, 0, 250
L -702, -893, -7, -705, -893, -7, 0, 0, 250
L -705, -893, -7, -705, -892, -7, 0, 0, 250
L -705, -892, -7, -706, -891, -7, 0, 0, 250
L -706, -891, -7, -709, -891, -7, 0, 0, 250
L -709, -891, -7, -709, -880, -7, 0, 0, 250
L -709, -880, -7, -698, -880, -7, 0, 0, 250
L -698, -880, -7, -698, -891, -7, 0, 0, 250
L -617, -688, 1, -607, -688, 1, 64, 64, 64
L -607, -688, 1, -607, -686, 1, 64, 64, 64
L -607, -686, 1, -594, -686, 1, 64, 64, 64
L -594, -686, 1, -594, -690, 1, 64, 64, 64
L -594, -690, 1, -591, -690, 1, 64, 64, 64
L -591, -690, 1, -591, -658, 1, 64, 64, 64
L -591, -658, 1, -576, -658, 1, 64, 64, 64
L -576, -658, 1, -576, -765, 1, 64, 64, 64
L -576, -765, 1, -591, -765, 1, 64, 64, 64
L -591, -765, 1, -591, -734, 1, 64, 64, 64
L -591, -734, 1, -592, -733, 1, 64, 64, 64
L -592, -733, 1, -594, -733, 1, 64, 64, 64
L -594, -733, 1, -594, -737, 1, 64, 64, 64
L -594, -737, 1, -607, -737, 1, 64, 64, 64
L -607, -737, 1, -607, -736, 1, 64, 64, 64
L -607, -736, 1, -608, -735, 1, 64, 64, 64
L -608, -735, 1, -612, -735, 1, 64, 64, 64
L -560, -720, 33, -560, -783, 17, 64, 64, 64
L -560, -783, 17, -607, -783, 17, 64, 64, 64
L -607, -783, 17, -607, -737, 1, 64, 64, 64
L -594, -767, 16, -594, -737, 1, 64, 64, 64
L -594, -767, 16, -607, -767, 16, 64, 64, 64
L -607, -765, 15, -594, -765, 15, 64, 64, 64
L -594, -763, 14, -607, -763, 14, 64, 64, 64
L -607, -761, 13, -594, -761, 13, 64, 64, 64
L -594, -759, 12, -607, -759, 12, 64, 64, 64
L -607, -757, 11, -594, -757, 11, 64, 64, 64
L -594, -755, 10, -607, -755, 10, 64, 64, 64
L -607, -753, 9, -594, -753, 9, 64, 64, 64
L -594, -751, 8, -607, -751, 8, 64, 64, 64
L -607, -749, 7, -594, -749, 7, 64, 64, 64
L -594, -747, 6, -607, -747, 6, 64, 64, 64
L -607, -745, 5, -594, -745, 5, 64, 64, 64
L -594, -743, 4, -607, -743, 4, 64, 64, 64
L -607, -741, 3, -594, -741, 3, 64, 64, 64
L -594, -739, 2, -607, -739, 2, 64, 64, 64
L -573, -766, 17, -560, -766, 17, 64, 64, 64
L -573, -735, 33, -573, -766, 17, 64, 64, 64
L -560, -736, 32, -573, -736, 32, 64, 64, 64
L -573, -738, 31, -560, -738, 31, 64, 64, 64
L -560, -740, 30, -573, -740, 30, 64, 64, 64
L -573, -742, 29, -560, -742, 29, 64, 64, 64
L -560, -744, 28, -573, -744, 28, 64, 64, 64
L -573, -746, 27, -560, -746, 27, 64, 64, 64
L -560, -748, 26, -573, -748, 26, 64, 64, 64
L -573, -750, 25, -560, -750, 25, 64, 64, 64
L -560, -752, 24, -573, -752, 24, 64, 64, 64
L -573, -756, 22, -560, -756, 22, 64, 64, 64
L -560, -754, 23, -573, -754, 23, 64, 64, 64
L -573, -758, 21, -560, -758, 21, 64, 64, 64
L -560, -760, 20, -573, -760, 20, 64, 64, 64
L -573, -762, 19, -560, -762, 19, 64, 64, 64
L -560, -764, 18, -573, -764, 18, 64, 64, 64
L -560, -723, 33, -560, -640, 17, 64, 64, 64
L -560, -640, 17, -607, -640, 17, 64, 64, 64
L -607, -640, 17, -607, -686, 1, 64, 64, 64
L -594, -656, 16, -594, -686, 1, 64, 64, 64
L -573, -689, 33, -573, -657, 17, 64, 64, 64
L -560, -687, 32, -573, -687, 32, 64, 64, 64
L -573, -685, 31, -560, -685, 31, 64, 64, 64
L -560, -683, 30, -573, -683, 30, 64, 64, 64
L -573, -681, 29, -560, -681, 29, 64, 64, 64
L -560, -679, 28, -573, -679, 28, 64, 64, 64
L -573, -677, 27, -560, -677, 27, 64, 64, 64
L -560, -675, 26, -573, -675, 26, 64, 64, 64
L -573, -673, 25, -560, -673, 25, 64, 64, 64
L -560, -671, 24, -573, -671, 24, 64, 64, 64
L -573, -669, 23, -560, -669, 23, 64, 64, 64
L -560, -667, 22, -573, -667, 22, 64, 64, 64
L -573, -665, 21, -560, -665, 21, 64, 64, 64
L -560, -663, 20, -573, -663, 20, 64, 64, 64
L -573, -661, 19, -560, -661, 19, 64, 64, 64
L -560, -659, 18, -573, -659, 18, 64, 64, 64
L -573, -657, 17, -560, -657, 17, 64, 64, 64
L -607, -656, 16, -594, -656, 16, 64, 64, 64
L -594, -658, 15, -607, -658, 15, 64, 64, 64
L -607, -660, 14, -594, -660, 14, 64, 64, 64
L -594, -662, 13, -607, -662, 13, 64, 64, 64
L -607, -664, 12, -594, -664, 12, 64, 64, 64
L -594, -666, 11, -607, -666, 11, 64, 64, 64
L -607, -668, 10, -594, -668, 10, 64, 64, 64
L -594, -670, 9, -607, -670, 9, 64, 64, 64
L -607, -672, 8, -594, -672, 8, 64, 64, 64
L -594, -674, 7, -607, -674, 7, 64, 64, 64
L -607, -676, 6, -594, -676, 6, 64, 64, 64
L -594, -678, 5, -607, -678, 5, 64, 64, 64
L -607, -680, 4, -594, -680, 4, 64, 64, 64
L -594, -682, 3, -607, -682, 3, 64, 64, 64
L -607, -684, 2, -594, -684, 2, 64, 64, 64
L -594, -656, 16, -576, -656, 17, 64, 64, 64
L -576, -656, 17, -576, -655, 17, 64, 64, 64
L -576, -655, 17, -574, -655, 17, 64, 64, 64
L -574, -655, 17, -573, -656, 17, 64, 64, 64
L -573, -656, 17, -573, -657, 17, 64, 64, 64
L -573, -688, 33, -574, -690, 33, 64, 64, 64
L -574, -690, 33, -576, -690, 33, 64, 64, 64
L -576, -690, 33, -576, -688, 33, 64, 64, 64
L -576, -688, 33, -607, -688, 33, 64, 64, 64
L -607, -688, 33, -607, -690, 33, 64, 64, 64
L -607, -690, 33, -610, -690, 33, 64, 64, 64
L -610, -690, 33, -610, -688, 33, 64, 64, 64
L -610, -688, 33, -620, -688, 33, 64, 64, 64
L -573, -767, 17, -573, -766, 17, 64, 64, 64
L -594, -767, 16, -573, -767, 17, 64, 64, 64
L -573, -735, 33, -573, -733, 33, 64, 64, 64
L -573, -733, 33, -576, -733, 33, 64, 64, 64
L -576, -733, 33, -576, -736, 33, 64, 64, 64
L -576, -736, 33, -607, -736, 33, 64, 64, 64
L -607, -736, 33, -607, -734, 33, 64, 64, 64
L -607, -734, 33, -608, -733, 33, 64, 64, 64
L -608, -733, 33, -610, -733, 33, 64, 64, 64
L -610, -733, 33, -610, -735, 33, 64, 64, 64
L -610, -735, 33, -624, -735, 33, 64, 64, 64
L -624, -735, 33, -624, -759, 33, 64, 64, 64
L -624, -759, 33, -640, -759, 33, 64, 64, 64
L -640, -759, 33, -640, -776, 33, 64, 64, 64
L -640, -776, 33, -680, -815, 33, 64, 64, 64
L -680, -815, 33, -808, -815, 33, 64, 64, 64
L -808, -815, 33, -847, -776, 33, 64, 64, 64
L -847, -776, 33, -847, -648, 33, 64, 64, 64
L -847, -648, 33, -806, -608, 33, 64, 64, 64
L -806, -608, 33, -680, -608, 33, 64, 64, 64
L -680, -608, 33, -640, -648, 33, 64, 64, 64
L -640, -648, 33, -640, -664, 33, 64, 64, 64
L -640, -664, 33, -624, -664, 33, 64, 64, 64
L -624, -664, 33, -624, -688, 33, 64, 64, 64
L -624, -688, 33, -614, -688, 33, 64, 64, 64
L -687, -693, 33, -687, -760, 33, 64, 64, 64
L -687, -760, 33, -688, -760, 33, 64, 64, 64
L -688, -760, 33, -712, -784, 33, 64, 64, 64
L -712, -784, 33, -776, -784, 33, 64, 64, 64
L -776, -784, 33, -800, -760, 33, 64, 64, 64
L -800, -760, 33, -800, -663, 33, 64, 64, 64
L -800, -663, 33, -776, -640, 33, 64, 64, 64
L -776, -640, 33, -776, -639, 33, 64, 64, 64
L -776, -639, 33, -712, -639, 33, 64, 64, 64
L -712, -639, 33, -687, -664, 33, 64, 64, 64
L -687, -664, 33, -687, -696, 33, 64, 64, 64
L -692, -758, 34, -714, -779, 34, 0, 127, 0
L -714, -779, 34, -774, -779, 34, 0, 127, 0
L -774, -779, 34, -795, -757, 34, 0, 127, 0
L -795, -666, 34, -795, -758, 34, 0, 127, 0
L -795, -666, 34, -774, -644, 34, 0, 127, 0
L -774, -644, 34, -714, -644, 34, 0, 127, 0
L -714, -644, 34, -692, -666, 34, 0, 127, 0
L -692, -666, 34, -692, -758, 34, 0, 127, 0
L -712, -754, 34, -722, -763, 34, 0, 0, 255
L -722, -763, 34, -766, -763, 34, 0, 0, 255
L -766, -763, 34, -779, -750, 34, 0, 0, 255
L -779, -750, 34, -779, -674, 35, 0, 0, 255
L -779, -674, 35, -766, -660, 34, 0, 0, 255
L -766, -660, 34, -722, -660, 34, 0, 0, 255
L -722, -660, 34, -708, -674, 34, 0, 0, 255
L -708, -674, 34, -708, -750, 34, 0, 0, 255
L -708, -750, 34, -713, -755, 34, 0, 0, 255
L -739, -730, 34, -749, -726, 34, 0, 0, 255
L -749, -726, 34, -749, -720, 34, 0, 0, 255
L -749, -720, 34, -753, -716, 34, 0, 0, 255
L -753, -716, 34, -753, -715, 34, 0, 0, 255
L -753, -715, 34, -751, -705, 34, 0, 0, 255
L -751, -705, 34, -744, -702, 34, 0, 0, 255
L -744, -702, 34, -743, -693, 34, 0, 0, 255
L -743, -693, 34, -742, -691, 34, 0, 0, 255
L -742, -691, 34, -742, -690, 34, 0, 0, 255
L -742, -690, 34, -739, -690, 34, 0, 0, 255
L -739, -690, 34, -733, -698, 34, 0, 0, 255
L -733, -698, 34, -733, -699, 34, 0, 0, 255
L -733, -699, 34, -734, -705, 34, 0, 0, 255
L -734, -705, 34, -733, -707, 34, 0, 0, 255
L -733, -707, 34, -731, -723, 34, 0, 0, 255
L -731, -723, 34, -732, -723, 34, 0, 0, 255
L -732, -723, 34, -732, -724, 34, 0, 0, 255
L -732, -723, 34, -739, -730, 34, 0, 0, 255
L -767, -874, 33, -767, -819, 34, 64, 64, 64
L -767, -819, 34, -767, -815, 33, 64, 64, 64
L -712, -855, 33, -720, -848, 33, 64, 64, 64
L -720, -848, 33, -720, -819, 34, 64, 64, 64
L -720, -819, 34, -720, -815, 33, 64, 64, 64
L -720, -819, 34, -767, -819, 34, 64, 64, 64
L -767, -823, 35, -720, -823, 35, 64, 64, 64
L -720, -827, 36, -767, -827, 36, 64, 64, 64
L -767, -836, 36, -720, -836, 36, 64, 64, 64
L -720, -840, 35, -767, -840, 35, 64, 64, 64
L -767, -844, 34, -720, -844, 34, 64, 64, 64
L -720, -848, 33, -767, -848, 33, 64, 64, 64
L -714, -854, 33, -704, -864, 33, 64, 64, 64
L -704, -864, 33, -704, -911, 33, 64, 64, 64
L -704, -911, 33, -720, -927, 33, 64, 64, 64
L -720, -927, 33, -768, -927, 33, 64, 64, 64
L -768, -927, 33, -783, -911, 33, 64, 64, 64
L -783, -911, 33, -783, -904, 33, 64, 64, 64
L -783, -904, 33, -767, -904, 33, 64, 64, 64
L -767, -904, 33, -767, -871, 33, 64, 64, 64
L -743, -848, 49, -768, -848, 49, 64, 64, 64
L -768, -848, 49, -783, -864, 49, 64, 64, 64
L -783, -864, 49, -783, -907, 33, 64, 64, 64
L -770, -872, 49, -770, -904, 33, 64, 64, 64
L -770, -874, 48, -783, -874, 48, 64, 64, 64
L -783, -876, 47, -770, -876, 47, 64, 64, 64
L -770, -878, 46, -783, -878, 46, 64, 64, 64
L -783, -880, 45, -770, -880, 45, 64, 64, 64
L -770, -882, 44, -783, -882, 44, 64, 64, 64
L -783, -884, 43, -770, -884, 43, 64, 64, 64
L -770, -886, 42, -783, -886, 42, 64, 64, 64
L -783, -888, 41, -770, -888, 41, 64, 64, 64
L -770, -890, 40, -783, -890, 40, 64, 64, 64
L -783, -892, 39, -770, -892, 39, 64, 64, 64
L -770, -894, 38, -783, -894, 38, 64, 64, 64
L -783, -896, 37, -770, -896, 37, 64, 64, 64
L -770, -898, 36, -783, -898, 36, 64, 64, 64
L -783, -900, 35, -770, -900, 35, 64, 64, 64
L -770, -902, 34, -783, -902, 34, 64, 64, 64
L -770, -873, 49, -770, -871, 49, 64, 64, 64
L -770, -871, 49, -767, -871, 49, 64, 64, 64
L -767, -871, 49, -768, -928, 49, 64, 64, 64
L -768, -928, 49, -720, -927, 49, 64, 64, 64
L -720, -927, 49, -720, -871, 49, 64, 64, 64
L -720, -871, 49, -704, -871, 49, 64, 64, 64
L -704, -871, 49, -704, -864, 49, 64, 64, 64
L -704, -864, 49, -720, -848, 49, 64, 64, 64
L -720, -848, 49, -764, -848, 49, 64, 64, 64
L -717, -901, 64, -717, -871, 49, 64, 64, 64
L -704, -911, 65, -704, -870, 49, 64, 64, 64
L -704, -911, 65, -720, -927, 65, 64, 64, 64
L -720, -927, 65, -767, -927, 65, 64, 64, 64
L -767, -927, 65, -767, -915, 65, 64, 64, 64
L -767, -915, 65, -770, -915, 65, 64, 64, 64
L -770, -915, 65, -770, -925, 65, 64, 64, 64
L -770, -925, 65, -783, -912, 65, 64, 64, 64
L -783, -912, 65, -783, -904, 65, 64, 64, 64
L -783, -904, 65, -767, -904, 65, 64, 64, 64
L -767, -904, 65, -767, -848, 65, 64, 64, 64
L -767, -848, 65, -720, -848, 65, 64, 64, 64
L -720, -848, 65, -720, -904, 65, 64, 64, 64
L -720, -904, 65, -717, -904, 65, 64, 64, 64
L -717, -904, 65, -717, -901, 64, 64, 64, 64
L -717, -901, 64, -704, -901, 64, 64, 64, 64
L -704, -899, 63, -717, -899, 63, 64, 64, 64
L -717, -897, 62, -704, -897, 62, 64, 64, 64
L -704, -895, 61, -717, -895, 61, 64, 64, 64
L -717, -893, 60, -704, -893, 60, 64, 64, 64
L -704, -891, 59, -717, -891, 59, 64, 64, 64
L -717, -889, 58, -704, -889, 58, 64, 64, 64
L -704, -887, 57, -717, -887, 57, 64, 64, 64
L -717, -885, 56, -704, -885, 56, 64, 64, 64
L -704, -883, 55, -717, -883, 55, 64, 64, 64
L -717, -881, 54, -704, -881, 54, 64, 64, 64
L -704, -879, 53, -717, -879, 53, 64, 64, 64
L -717, -877, 52, -704, -877, 52, 64, 64, 64
L -704, -875, 51, -717, -875, 51, 64, 64, 64
L -717, -873, 50, -704, -873, 50, 64, 64, 64
L -783, -864, 81, -783, -904, 65, 64, 64, 64
L -770, -873, 81, -770, -904, 65, 64, 64, 64
L -783, -864, 81, -768, -848, 81, 64, 64, 64
L -768, -848, 81, -720, -848, 81, 64, 64, 64
L -720, -848, 81, -705, -863, 81, 64, 64, 64
L -705, -863, 81, -705, -912, 81, 64, 64, 64
L -705, -912, 81, -720, -927, 81, 64, 64, 64
L -768, -928, 80, -720, -927, 81, 64, 64, 64
L -768, -928, 80, -767, -872, 81, 64, 64, 64
L -767, -872, 81, -768, -871, 81, 64, 64, 64
L -768, -871, 81, -770, -871, 81, 64, 64, 64
L -770, -871, 81, -770, -872, 81, 64, 64, 64
L -770, -872, 81, -770, -874, 80, 64, 64, 64
L -770, -874, 80, -783, -874, 80, 64, 64, 64
L -783, -878, 78, -770, -878, 78, 64, 64, 64
L -770, -876, 79, -783, -876, 79, 64, 64, 64
L -783, -880, 77, -770, -880, 77, 64, 64, 64
L -770, -882, 76, -783, -882, 76, 64, 64, 64
L -783, -884, 75, -770, -884, 75, 64, 64, 64
L -770, -886, 74, -783, -886, 74, 64, 64, 64
L -783, -888, 73, -770, -888, 73, 64, 64, 64
L -770, -890, 72, -783, -890, 72, 64, 64, 64
L -783, -892, 71, -770, -892, 71, 64, 64, 64
L -770, -894, 70, -783, -894, 70, 64, 64, 64
L -783, -896, 69, -770, -896, 69, 64, 64, 64
L -770, -898, 68, -783, -898, 68, 64, 64, 64
L -783, -900, 67, -770, -900, 67, 64, 64, 64
L -770, -902, 66, -783, -902, 66, 64, 64, 64
L -888, -744, 33, -880, -736, 33, 64, 64, 64
L -880, -736, 33, -851, -735, 34, 64, 64, 64
L -851, -735, 34, -847, -735, 33, 64, 64, 64
L -913, -688, 33, -851, -688, 34, 64, 64, 64
L -851, -688, 34, -847, -688, 33, 64, 64, 64
L -859, -688, 36, -859, -735, 36, 64, 64, 64
L -855, -735, 35, -855, -688, 35, 64, 64, 64
L -851, -688, 34, -851, -735, 34, 64, 64, 64
L -868, -735, 36, -868, -688, 36, 64, 64, 64
L -872, -688, 35, -872, -735, 35, 64, 64, 64
L -876, -735, 34, -876, -688, 34, 64, 64, 64
L -887, -742, 33, -896, -751, 33, 64, 64, 64
L -896, -751, 33, -942, -751, 33, 64, 64, 64
L -942, -751, 33, -959, -736, 33, 64, 64, 64
L -959, -736, 33, -959, -688, 33, 64, 64, 64
L -959, -688, 33, -943, -672, 33, 64, 64, 64
L -943, -672, 33, -936, -672, 33, 64, 64, 64
L -936, -672, 33, -936, -688, 33, 64, 64, 64
L -936, -688, 33, -910, -688, 33, 64, 64, 64
L -901, -672, 49, -939, -672, 33, 64, 64, 64
L -904, -685, 49, -936, -685, 33, 64, 64, 64
L -902, -672, 49, -896, -672, 49, 64, 64, 64
L -896, -672, 49, -880, -688, 49, 64, 64, 64
L -880, -688, 49, -880, -736, 49, 64, 64, 64
L -880, -736, 49, -896, -751, 49, 64, 64, 64
L -896, -751, 49, -903, -751, 49, 64, 64, 64
L -903, -751, 49, -903, -735, 49, 64, 64, 64
L -903, -735, 49, -960, -736, 49, 64, 64, 64
L -959, -688, 49, -960, -736, 49, 64, 64, 64
L -959, -688, 49, -903, -688, 49, 64, 64, 64
L -903, -688, 49, -903, -685, 49, 64, 64, 64
L -903, -685, 49, -904, -685, 49, 64, 64, 64
L -904, -685, 49, -906, -685, 48, 64, 64, 64
L -906, -672, 48, -906, -685, 48, 64, 64, 64
L -908, -685, 47, -908, -672, 47, 64, 64, 64
L -910, -672, 46, -910, -685, 46, 64, 64, 64
L -912, -685, 45, -912, -672, 45, 64, 64, 64
L -914, -672, 44, -914, -685, 44, 64, 64, 64
L -916, -685, 43, -916, -672, 43, 64, 64, 64
L -918, -672, 42, -918, -685, 42, 64, 64, 64
L -920, -685, 41, -920, -672, 41, 64, 64, 64
L -922, -672, 40, -922, -685, 40, 64, 64, 64
L -924, -685, 39, -924, -672, 39, 64, 64, 64
L -926, -672, 38, -926, -685, 38, 64, 64, 64
L -928, -685, 37, -928, -672, 37, 64, 64, 64
L -930, -672, 36, -930, -685, 36, 64, 64, 64
L -932, -685, 35, -932, -672, 35, 64, 64, 64
L -934, -672, 34, -934, -685, 34, 64, 64, 64
L -948, -747, 65, -943, -751, 65, 64, 64, 64
L -943, -751, 65, -900, -751, 49, 64, 64, 64
L -945, -749, 65, -959, -736, 65, 64, 64, 64
L -960, -688, 65, -960, -735, 65, 64, 64, 64
L -960, -735, 65, -955, -740, 65, 64, 64, 64
L -960, -688, 65, -948, -688, 65, 64, 64, 64
L -948, -688, 65, -948, -685, 65, 64, 64, 64
L -948, -685, 65, -957, -686, 65, 64, 64, 64
L -957, -686, 65, -944, -672, 65, 64, 64, 64
L -944, -672, 65, -936, -672, 65, 64, 64, 64
L -936, -672, 65, -936, -688, 65, 64, 64, 64
L -936, -688, 65, -880, -688, 65, 64, 64, 64
L -880, -688, 65, -880, -735, 65, 64, 64, 64
L -880, -735, 65, -936, -735, 65, 64, 64, 64
L -936, -735, 65, -936, -738, 65, 64, 64, 64
L -936, -738, 65, -903, -738, 49, 64, 64, 64
L -905, -738, 50, -905, -751, 50, 64, 64, 64
L -931, -751, 63, -931, -738, 63, 64, 64, 64
L -929, -738, 62, -929, -751, 62, 64, 64, 64
L -927, -751, 61, -927, -738, 61, 64, 64, 64
L -925, -738, 60, -925, -751, 60, 64, 64, 64
L -923, -751, 59, -923, -738, 59, 64, 64, 64
L -921, -738, 58, -921, -751, 58, 64, 64, 64
L -919, -751, 57, -919, -738, 57, 64, 64, 64
L -917, -738, 56, -917, -751, 56, 64, 64, 64
L -915, -751, 55, -915, -738, 55, 64, 64, 64
L -913, -738, 54, -913, -751, 54, 64, 64, 64
L -911, -751, 53, -911, -738, 53, 64, 64, 64
L -909, -738, 52, -909, -751, 52, 64, 64, 64
L -907, -751, 51, -907, -738, 51, 64, 64, 64
L -880, -688, 81, -896, -672, 81, 64, 64, 64
L -896, -672, 81, -939, -672, 65, 64, 64, 64
L -905, -685, 81, -936, -685, 65, 64, 64, 64
L -880, -688, 81, -880, -736, 81, 64, 64, 64
L -880, -736, 81, -896, -751, 81, 64, 64, 64
L -896, -751, 81, -897, -751, 81, 64, 64, 64
L -897, -751, 81, -897, -748, 81, 64, 64, 64
L -897, -748, 81, -909, -735, 81, 64, 64, 64
L -909, -735, 81, -930, -735, 81, 64, 64, 64
L -930, -735, 81, -930, -736, 81, 64, 64, 64
L -930, -736, 81, -942, -747, 81, 64, 64, 64
L -942, -747, 81, -942, -751, 81, 64, 64, 64
L -942, -751, 81, -943, -751, 81, 64, 64, 64
L -943, -751, 81, -959, -736, 81, 64, 64, 64
L -959, -736, 81, -959, -688, 81, 64, 64, 64
L -959, -688, 81, -903, -688, 81, 64, 64, 64
L -903, -688, 81, -903, -685, 81, 64, 64, 64
L -903, -685, 81, -905, -685, 81, 64, 64, 64
L -906, -685, 80, -906, -672, 80, 64, 64, 64
L -908, -672, 79, -908, -685, 79, 64, 64, 64
L -910, -685, 78, -910, -672, 78, 64, 64, 64
L -912, -672, 77, -912, -685, 77, 64, 64, 64
L -914, -685, 76, -914, -672, 76, 64, 64, 64
L -916, -672, 75, -916, -685, 75, 64, 64, 64
L -918, -685, 74, -918, -672, 74, 64, 64, 64
L -920, -672, 73, -920, -685, 73, 64, 64, 64
L -922, -685, 72, -922, -672, 72, 64, 64, 64
L -924, -672, 71, -924, -685, 71, 64, 64, 64
L -926, -685, 70, -926, -672, 70, 64, 64, 64
L -928, -672, 69, -928, -685, 69, 64, 64, 64
L -930, -685, 68, -930, -672, 68, 64, 64, 64
L -932, -672, 67, -932, -685, 67, 64, 64, 64
L -934, -685, 66, -934, -672, 66, 64, 64, 64
L -777, -566, 33, -768, -575, 33, 64, 64, 64
L -768, -575, 33, -767, -604, 34, 64, 64, 64
L -767, -604, 34, -767, -608, 33, 64, 64, 64
L -720, -542, 33, -720, -604, 34, 64, 64, 64
L -720, -604, 34, -720, -608, 33, 64, 64, 64
L -720, -604, 34, -767, -604, 34, 64, 64, 64
L -767, -600, 35, -720, -600, 35, 64, 64, 64
L -720, -596, 36, -767, -596, 36, 64, 64, 64
L -767, -587, 36, -720, -587, 36, 64, 64, 64
L -720, -583, 35, -767, -583, 35, 64, 64, 64
L -767, -579, 34, -720, -579, 34, 64, 64, 64
L -720, -575, 33, -768, -575, 33, 64, 64, 64
L -776, -567, 33, -783, -560, 33, 64, 64, 64
L -783, -560, 33, -783, -512, 33, 64, 64, 64
L -783, -512, 33, -768, -496, 33, 64, 64, 64
L -768, -496, 33, -720, -496, 33, 64, 64, 64
L -720, -496, 33, -704, -512, 33, 64, 64, 64
L -704, -512, 33, -704, -519, 33, 64, 64, 64
L -704, -519, 33, -720, -519, 33, 64, 64, 64
L -720, -519, 33, -720, -545, 33, 64, 64, 64
L -784, -556, 82, -783, -558, 81, 64, 64, 64
L -783, -558, 81, -783, -560, 81, 64, 64, 64
L -783, -560, 81, -768, -575, 81, 64, 64, 64
L -768, -575, 81, -720, -575, 81, 64, 64, 64
L -720, -575, 81, -704, -560, 81, 64, 64, 64
L -704, -560, 81, -704, -519, 65, 64, 64, 64
L -704, -519, 65, -704, -512, 65, 64, 64, 64
L -704, -512, 65, -720, -496, 65, 64, 64, 64
L -720, -496, 65, -768, -497, 65, 64, 64, 64
L -768, -497, 65, -783, -512, 65, 64, 64, 64
L -783, -512, 65, -783, -552, 49, 64, 64, 64
L -783, -552, 49, -783, -560, 49, 64, 64, 64
L -783, -560, 49, -772, -571, 49, 64, 64, 64
L -772, -571, 49, -770, -574, 49, 64, 64, 64
L -770, -574, 49, -770, -563, 49, 64, 64, 64
L -770, -563, 49, -768, -563, 49, 64, 64, 64
L -768, -563, 49, -767, -564, 49, 64, 64, 64
L -767, -564, 49, -767, -572, 49, 64, 64, 64
L -767, -572, 49, -767, -576, 48, 64, 64, 64
L -767, -576, 48, -720, -575, 49, 64, 64, 64
L -720, -575, 49, -704, -560, 49, 64, 64, 64
L -704, -560, 49, -704, -519, 33, 64, 64, 64
L -784, -556, 82, -782, -556, 81, 64, 64, 64
L -782, -556, 81, -780, -556, 81, 64, 64, 64
L -780, -556, 81, -767, -544, 81, 64, 64, 64
L -767, -544, 81, -767, -528, 81, 64, 64, 64
L -767, -528, 81, -779, -516, 81, 64, 64, 64
L -779, -516, 81, -783, -515, 81, 64, 64, 64
L -783, -515, 81, -783, -512, 81, 64, 64, 64
L -783, -512, 81, -768, -496, 81, 64, 64, 64
L -768, -496, 81, -720, -496, 81, 64, 64, 64
L -720, -496, 81, -720, -552, 81, 64, 64, 64
L -720, -552, 81, -718, -552, 81, 64, 64, 64
L -718, -552, 81, -717, -551, 81, 64, 64, 64
L -717, -551, 81, -717, -519, 65, 64, 64, 64
L -719, -519, 65, -704, -519, 65, 64, 64, 64
L -717, -519, 65, -720, -519, 65, 64, 64, 64
L -720, -519, 65, -720, -575, 65, 64, 64, 64
L -720, -575, 65, -767, -575, 65, 64, 64, 64
L -767, -575, 65, -767, -520, 65, 64, 64, 64
L -767, -520, 65, -768, -519, 65, 64, 64, 64
L -768, -519, 65, -770, -519, 65, 64, 64, 64
L -770, -519, 65, -770, -520, 65, 64, 64, 64
L -770, -520, 65, -770, -552, 49, 64, 64, 64
L -783, -552, 49, -767, -552, 49, 64, 64, 64
L -767, -552, 49, -767, -542, 49, 64, 64, 64
L -767, -544, 49, -768, -496, 49, 64, 64, 64
L -768, -496, 49, -720, -496, 49, 64, 64, 64
L -720, -496, 49, -720, -552, 49, 64, 64, 64
L -720, -552, 49, -717, -552, 49, 64, 64, 64
L -717, -552, 49, -717, -519, 33, 64, 64, 64
L -717, -549, 80, -704, -549, 80, 64, 64, 64
L -704, -547, 79, -717, -547, 79, 64, 64, 64
L -717, -545, 78, -704, -545, 78, 64, 64, 64
L -704, -543, 77, -717, -543, 77, 64, 64, 64
L -717, -541, 76, -704, -541, 76, 64, 64, 64
L -704, -539, 75, -717, -539, 75, 64, 64, 64
L -717, -537, 74, -704, -537, 74, 64, 64, 64
L -704, -535, 73, -717, -535, 73, 64, 64, 64
L -717, -533, 72, -704, -533, 72, 64, 64, 64
L -704, -531, 71, -717, -531, 71, 64, 64, 64
L -717, -529, 70, -704, -529, 70, 64, 64, 64
L -704, -527, 69, -717, -527, 69, 64, 64, 64
L -717, -525, 68, -704, -525, 68, 64, 64, 64
L -704, -523, 67, -717, -523, 67, 64, 64, 64
L -717, -521, 66, -704, -521, 66, 64, 64, 64
L -770, -522, 64, -783, -522, 64, 64, 64, 64
L -783, -524, 63, -770, -524, 63, 64, 64, 64
L -770, -526, 62, -783, -526, 62, 64, 64, 64
L -783, -528, 61, -770, -528, 61, 64, 64, 64
L -770, -530, 60, -783, -530, 60, 64, 64, 64
L -783, -532, 59, -770, -532, 59, 64, 64, 64
L -770, -534, 58, -783, -534, 58, 64, 64, 64
L -783, -536, 57, -770, -536, 57, 64, 64, 64
L -770, -538, 56, -783, -538, 56, 64, 64, 64
L -783, -540, 55, -770, -540, 55, 64, 64, 64
L -770, -542, 54, -783, -542, 54, 64, 64, 64
L -783, -544, 53, -770, -544, 53, 64, 64, 64
L -770, -546, 52, -783, -546, 52, 64, 64, 64
L -783, -548, 51, -770, -548, 51, 64, 64, 64
L -770, -550, 50, -783, -550, 50, 64, 64, 64
L -717, -549, 48, -704, -549, 48, 64, 64, 64
L -704, -547, 47, -717, -547, 47, 64, 64, 64
L -717, -545, 46, -704, -545, 46, 64, 64, 64
L -704, -543, 45, -717, -543, 45, 64, 64, 64
L -717, -541, 44, -704, -541, 44, 64, 64, 64
L -704, -539, 43, -717, -539, 43, 64, 64, 64
L -717, -537, 42, -704, -537, 42, 64, 64, 64
L -704, -535, 41, -717, -535, 41, 64, 64, 64
L -717, -533, 40, -704, -533, 40, 64, 64, 64
L -704, -531, 39, -717, -531, 39, 64, 64, 64
L -717, -529, 38, -704, -529, 38, 64, 64, 64
L -704, -527, 37, -717, -527, 37, 64, 64, 64
L -717, -525, 36, -704, -525, 36, 64, 64, 64
L -704, -523, 35, -717, -523, 35, 64, 64, 64
L -717, -521, 34, -704, -521, 34, 64, 64, 64
