L 370, 1057, 66, 370, 1042, 66, 0, 0, 240
L 374, 1057, 66, 370, 1057, 66, 0, 0, 240
L 377, 1053, 66, 374, 1057, 66, 0, 0, 240
L 377, 1050, 66, 377, 1053, 66, 0, 0, 240
L 376, 1048, 66, 377, 1050, 66, 0, 0, 240
L 375, 1048, 66, 376, 1048, 66, 0, 0, 240
L 375, 1042, 66, 375, 1048, 66, 0, 0, 240
L 370, 1042, 66, 375, 1042, 66, 0, 0, 240
L 397, 1057, 66, 397, 1042, 66, 0, 0, 240
L 394, 1057, 66, 397, 1057, 66, 0, 0, 240
L 390, 1053, 66, 394, 1057, 66, 0, 0, 240
L 390, 1050, 66, 390, 1053, 66, 0, 0, 240
L 392, 1048, 66, 390, 1050, 66, 0, 0, 240
L 392, 1042, 66, 392, 1048, 66, 0, 0, 240
L 397, 1042, 66, 392, 1042, 66, 0, 0, 240
L 380, 1054, 66, 388, 1054, 66, 64, 64, 64
L 388, 1052, 67, 380, 1052, 67, 64, 64, 64
L 379, 1050, 67, 388, 1050, 67, 64, 64, 64
L 379, 1048, 67, 380, 1056, 65, 64, 64, 64
L 388, 1048, 67, 388, 1056, 65, 64, 64, 64
L 390, 1042, 67, 392, 1042, 67, 64, 64, 64
L 377, 1042, 67, 375, 1042, 67, 64, 64, 64
L 377, 1046, 67, 377, 1042, 67, 64, 64, 64
L 379, 1048, 67, 377, 1046, 67, 64, 64, 64
L 388, 1048, 67, 379, 1048, 67, 64, 64, 64
L 390, 1046, 67, 388, 1048, 67, 64, 64, 64
L 390, 1042, 67, 390, 1046, 67, 64, 64, 64
L 400, 1039, 65, 400, 1070, 65, 64, 64, 64
L 368, 1039, 65, 400, 1039, 65, 64, 64, 64
L 367, 1040, 65, 368, 1039, 65, 64, 64, 64
L 367, 1088, 65, 367, 1040, 65, 64, 64, 64
L 375, 1088, 65, 367, 1088, 65, 64, 64, 64
L 375, 1090, 65, 375, 1088, 65, 64, 64, 64
L 378, 1090, 65, 375, 1090, 65, 64, 64, 64
L 378, 1085, 65, 378, 1090, 65, 64, 64, 64
L 370, 1085, 65, 378, 1085, 65, 64, 64, 64
L 370, 1060, 65, 370, 1085, 65, 64, 64, 64
L 376, 1060, 65, 370, 1060, 65, 64, 64, 64
L 380, 1056, 65, 376, 1060, 65, 64, 64, 64
L 388, 1056, 65, 380, 1056, 65, 64, 64, 64
L 392, 1060, 65, 388, 1056, 65, 64, 64, 64
L 397, 1060, 65, 392, 1060, 65, 64, 64, 64
L 397, 1085, 65, 397, 1060, 65, 64, 64, 64
L 390, 1085, 65, 397, 1085, 65, 64, 64, 64
L 389, 1086, 65, 390, 1085, 65, 64, 64, 64
L 389, 1090, 65, 389, 1086, 65, 64, 64, 64
L 392, 1090, 65, 389, 1090, 65, 64, 64, 64
L 392, 1088, 65, 392, 1090, 65, 64, 64, 64
L 400, 1088, 65, 392, 1088, 65, 64, 64, 64
L 400, 1068, 65, 400, 1088, 65, 64, 64, 64
L 92, 914, 49, 93, 914, 49, 100, 50, 0
L 92, 902, 49, 92, 914, 49, 100, 50, 0
L 116, 930, 65, 113, 930, 64, 100, 50, 0
L 116, 927, 65, 116, 930, 65, 100, 50, 0
L 88, 927, 65, 116, 927, 65, 100, 50, 0
L 88, 915, 65, 88, 927, 65, 100, 50, 0
L 86, 915, 65, 88, 915, 65, 100, 50, 0
L 86, 946, 65, 86, 915, 65, 100, 50, 0
L 110, 946, 65, 86, 946, 65, 100, 50, 0
L 110, 1005, 65, 110, 946, 65, 100, 50, 0
L 66, 1005, 65, 110, 1005, 65, 100, 50, 0
L 66, 914, 65, 66, 1005, 65, 100, 50, 0
L 82, 898, 65, 66, 914, 65, 100, 50, 0
L 126, 898, 65, 82, 898, 65, 100, 50, 0
L 126, 941, 65, 126, 898, 65, 100, 50, 0
L 99, 930, 50, 99, 941, 50, 100, 50, 0
L 103, 941, 54, 103, 930, 54, 100, 50, 0
L 100, 930, 51, 92, 930, 49, 100, 50, 0
L 100, 941, 51, 100, 930, 51, 100, 50, 0
L 101, 930, 52, 101, 941, 52, 100, 50, 0
L 102, 941, 53, 102, 930, 53, 100, 50, 0
L 104, 930, 55, 104, 941, 55, 100, 50, 0
L 105, 941, 56, 105, 930, 56, 100, 50, 0
L 106, 930, 57, 106, 941, 57, 100, 50, 0
L 107, 941, 58, 107, 930, 58, 100, 50, 0
L 108, 930, 59, 108, 941, 59, 100, 50, 0
L 109, 941, 60, 109, 930, 60, 100, 50, 0
L 110, 930, 61, 110, 941, 61, 100, 50, 0
L 111, 941, 62, 111, 930, 62, 100, 50, 0
L 114, 930, 65, 99, 930, 50, 100, 50, 0
L 126, 941, 65, 98, 941, 49, 100, 50, 0
L 255, 717, 50, 255, 706, 50, 100, 50, 0
L 30, -196, 33, 28, -196, 33, 100, 50, 0
L -12, -194, 33, 28, -194, 33, 100, 50, 0
L -12, -196, 33, -12, -194, 33, 100, 50, 0
L -14, -196, 33, -12, -196, 33, 100, 50, 0
L -65, -242, 17, -65, -253, 17, 100, 50, 0
L 720, 591, -33, 800, 599, -47, 0, 0, 255
L 720, 546, -33, 720, 591, -33, 0, 0, 255
L 720, 544, -32, 720, 546, -33, 0, 0, 255
L 719, 543, -31, 720, 544, -32, 0, 0, 255
L 496, 543, -31, 719, 543, -31, 0, 0, 255
L 496, 529, -31, 496, 543, -31, 0, 0, 255
L 512, 482, -31, 496, 529, -31, 0, 0, 255
L 528, 449, -31, 512, 482, -31, 0, 0, 255
L 543, 480, -31, 528, 449, -31, 0, 0, 255
L 544, 480, -31, 543, 480, -31, 0, 0, 255
L 576, 496, -31, 544, 480, -31, 0, 0, 255
L 624, 480, -31, 576, 496, -31, 0, 0, 255
L 639, 495, -31, 624, 480, -31, 0, 0, 255
L 640, 495, -31, 639, 495, -31, 0, 0, 255
L 640, 415, -31, 640, 495, -31, 0, 0, 255
L 576, 384, -31, 640, 415, -31, 0, 0, 255
L 575, 384, -31, 576, 384, -31, 0, 0, 255
L 531, 413, -31, 575, 384, -31, 0, 0, 255
L 480, 431, -31, 531, 413, -31, 0, 0, 255
L 400, 384, -31, 480, 431, -31, 0, 0, 255
L 400, 272, -31, 400, 384, -31, 0, 0, 255
L 416, 272, -31, 400, 272, -31, 0, 0, 255
L 447, 225, -31, 416, 272, -31, 0, 0, 255
L 448, 224, -31, 447, 225, -31, 0, 0, 255
L 369, 144, -31, 448, 224, -31, 0, 0, 255
L 368, 112, -31, 369, 144, -31, 0, 0, 255
L 320, 112, -31, 368, 112, -31, 0, 0, 255
L 288, 80, -31, 320, 112, -31, 0, 0, 255
L 242, 49, -31, 288, 80, -31, 0, 0, 255
L 240, 48, -31, 242, 49, -31, 0, 0, 255
L 239, 47, -31, 240, 48, -31, 0, 0, 255
L 216, 48, -31, 239, 47, -31, 0, 0, 255
L 147, 17, -31, 216, 48, -31, 0, 0, 255
L 112, -17, -31, 147, 17, -31, 0, 0, 255
L 112, -17, -13, 112, -17, -31, 0, 0, 255
L 98, -29, -16, 112, -17, -13, 0, 0, 255
L 96, -31, -15, 98, -29, -16, 0, 0, 255
L 80, -17, -8, 96, -31, -15, 0, 0, 255
L 48, -1, -5, 80, -17, -8, 0, 0, 255
L 46, 16, 17, 48, -1, -5, 0, 0, 255
L 289, -271, -31, 304, -224, -31, 0, 0, 255
L 273, -303, -31, 289, -271, -31, 0, 0, 255
L 160, -352, -31, 273, -303, -31, 0, 0, 255
L 160, -701, -31, 160, -352, -31, 0, 0, 255
L 222, -765, -31, 160, -701, -31, 0, 0, 255
L 271, -799, -31, 222, -765, -31, 0, 0, 255
L 272, -800, -47, 271, -799, -31, 0, 0, 255
L 272, -811, -47, 272, -800, -47, 0, 0, 255
L 2051, -811, -47, 272, -811, -47, 0, 0, 255
L 2051, 615, -47, 2051, -811, -47, 0, 0, 255
L 800, 615, -47, 2051, 615, -47, 0, 0, 255
L 800, 599, -47, 800, 615, -47, 0, 0, 255
L 160, 1008, 49, 65, 1008, 49, 100, 50, 0
L 160, 946, 49, 160, 1008, 49, 100, 50, 0
L 162, 946, 49, 160, 946, 49, 100, 50, 0
L 162, 943, 49, 162, 946, 49, 100, 50, 0
L 158, 943, 49, 162, 943, 49, 100, 50, 0
L 158, 1005, 49, 158, 943, 49, 100, 50, 0
L 86, 1005, 49, 158, 1005, 49, 100, 50, 0
L 86, 966, 49, 86, 1005, 49, 100, 50, 0
L 114, 966, 49, 86, 966, 49, 100, 50, 0
L 114, 963, 49, 114, 966, 49, 100, 50, 0
L 112, 961, 49, 114, 963, 49, 100, 50, 0
L 111, 961, 49, 112, 961, 49, 100, 50, 0
L 82, 961, 49, 112, 961, 49, 100, 50, 0
L 82, 1001, 49, 82, 961, 49, 100, 50, 0
L 70, 1001, 49, 82, 1001, 49, 100, 50, 0
L 70, 950, 49, 70, 1001, 49, 100, 50, 0
L 128, 950, 49, 70, 950, 49, 100, 50, 0
L 128, 963, 49, 128, 950, 49, 100, 50, 0
L 126, 963, 49, 128, 963, 49, 100, 50, 0
L 126, 966, 49, 126, 963, 49, 100, 50, 0
L 128, 966, 49, 126, 966, 49, 100, 50, 0
L 128, 986, 49, 128, 966, 49, 100, 50, 0
L 130, 986, 49, 128, 986, 49, 100, 50, 0
L 130, 930, 49, 130, 986, 49, 100, 50, 0
L 158, 930, 49, 130, 930, 49, 100, 50, 0
L 158, 932, 49, 158, 930, 49, 100, 50, 0
L 162, 932, 49, 158, 932, 49, 100, 50, 0
L 162, 930, 49, 162, 932, 49, 100, 50, 0
L 160, 929, 49, 162, 930, 49, 100, 50, 0
L 160, 927, 49, 160, 929, 49, 100, 50, 0
L 128, 927, 49, 160, 927, 49, 100, 50, 0
L 128, 914, 49, 128, 927, 49, 100, 50, 0
L 130, 914, 49, 128, 914, 49, 100, 50, 0
L 130, 911, 49, 130, 914, 49, 100, 50, 0
L 126, 911, 49, 130, 911, 49, 100, 50, 0
L 126, 927, 49, 126, 911, 49, 100, 50, 0
L 96, 927, 49, 126, 927, 49, 100, 50, 0
L 96, 925, 49, 96, 927, 49, 100, 50, 0
L 94, 925, 49, 96, 925, 49, 100, 50, 0
L 94, 927, 49, 94, 925, 49, 100, 50, 0
L 86, 927, 49, 94, 927, 49, 100, 50, 0
L 86, 930, 49, 86, 927, 49, 100, 50, 0
L 98, 930, 49, 86, 930, 49, 100, 50, 0
L 98, 941, 49, 98, 930, 49, 100, 50, 0
L 70, 941, 49, 98, 941, 49, 100, 50, 0
L 70, 916, 49, 70, 941, 49, 100, 50, 0
L 84, 902, 49, 70, 916, 49, 100, 50, 0
L 92, 902, 49, 84, 902, 49, 100, 50, 0
L 96, 914, 49, 92, 914, 49, 100, 50, 0
L 96, 898, 49, 96, 914, 49, 100, 50, 0
L 126, 898, 49, 96, 898, 49, 100, 50, 0
L 126, 900, 49, 126, 898, 49, 100, 50, 0
L 130, 900, 49, 126, 900, 49, 100, 50, 0
L 130, 897, 49, 130, 900, 49, 100, 50, 0
L 128, 897, 49, 130, 897, 49, 100, 50, 0
L 128, 895, 49, 128, 897, 49, 100, 50, 0
L 80, 895, 49, 128, 895, 49, 100, 50, 0
L 64, 911, 49, 80, 895, 49, 100, 50, 0
L 64, 943, 49, 64, 911, 49, 100, 50, 0
L 64, 943, 49, 33, 943, 49, 0, 0, 0
L 64, 944, 52, 64, 943, 49, 0, 0, 0
L 64, 991, 64, 64, 944, 52, 0, 0, 0
L 64, 1008, 65, 64, 991, 64, 0, 0, 0
L 65, 1008, 49, 64, 1008, 65, 0, 0, 0
L 137, 1155, 49, 144, 1152, 49, 0, 0, 0
L 134, 1156, 50, 129, 1167, 50, 0, 0, 0
L 141, 1153, 49, 134, 1156, 50, 0, 0, 0
L 144, 1152, 49, 142, 1153, 49, 0, 0, 0
L 144, 1136, 49, 144, 1152, 49, 0, 0, 0
L 151, 1112, 49, 144, 1136, 49, 0, 0, 0
L 150, 1111, 49, 151, 1112, 49, 0, 0, 0
L 128, 1103, 49, 150, 1111, 49, 0, 0, 0
L 128, 1071, 49, 128, 1103, 49, 0, 0, 0
L 112, 1039, 49, 128, 1071, 49, 0, 0, 0
L 80, 1039, 49, 112, 1039, 49, 0, 0, 0
L 65, 1008, 49, 80, 1039, 49, 0, 0, 0
L 64, 1008, 65, 65, 1008, 49, 0, 0, 0
L 16, 1071, 65, 32, 1087, 65, 0, 0, 0
L 48, 1007, 65, 16, 1071, 65, 0, 0, 0
L 48, 991, 65, 48, 1007, 65, 0, 0, 0
L 33, 943, 49, 48, 991, 65, 0, 0, 0
L 48, 911, 49, 33, 943, 49, 0, 0, 0
L 48, 895, 49, 48, 911, 49, 0, 0, 0
L 33, 864, 49, 48, 895, 49, 0, 0, 0
L 80, 832, 49, 33, 864, 49, 0, 0, 0
L 112, 848, 50, 80, 832, 49, 0, 0, 0
L 143, 880, 49, 112, 848, 50, 0, 0, 0
L 176, 880, 49, 143, 880, 49, 0, 0, 0
L 207, 896, 49, 176, 880, 49, 0, 0, 0
L 223, 912, 49, 207, 896, 49, 0, 0, 0
L 225, 912, 50, 223, 912, 49, 0, 0, 0
L 256, 912, 50, 225, 912, 50, 0, 0, 0
L 274, 921, 51, 256, 912, 50, 0, 0, 0
L 282, 925, 54, 274, 921, 51, 0, 0, 0
L 285, 927, 56, 282, 925, 54, 0, 0, 0
L 288, 928, 58, 285, 927, 56, 0, 0, 0
L 134, 598, 65, 144, 604, 65, 0, 0, 0
L 125, 601, 65, 134, 598, 65, 0, 0, 0
L 121, 602, 65, 125, 601, 65, 0, 0, 0
L 114, 596, 65, 121, 602, 65, 0, 0, 0
L 111, 594, 65, 114, 596, 65, 0, 0, 0
L 96, 592, 65, 111, 594, 65, 0, 0, 0
L 81, 607, 65, 96, 592, 65, 0, 0, 0
L 108, 667, 65, 110, 667, 65, 64, 64, 64
L 108, 669, 65, 108, 667, 65, 64, 64, 64
L 48, 670, 65, 108, 669, 65, 64, 64, 64
L 48, 674, 65, 48, 670, 65, 64, 64, 64
L 50, 674, 65, 48, 674, 65, 64, 64, 64
L 50, 672, 65, 50, 674, 65, 64, 64, 64
L 78, 672, 65, 51, 672, 65, 64, 64, 64
L 78, 690, 65, 78, 672, 65, 64, 64, 64
L 94, 706, 65, 78, 690, 65, 64, 64, 64
L 94, 734, 65, 94, 706, 65, 64, 64, 64
L 78, 749, 65, 94, 734, 65, 64, 64, 64
L 50, 749, 65, 78, 749, 65, 64, 64, 64
L 38, 736, 65, 50, 749, 65, 64, 64, 64
L 52, 720, 65, 38, 736, 65, 64, 64, 64
L 52, 705, 65, 52, 720, 65, 64, 64, 64
L 36, 673, 65, 52, 705, 65, 64, 64, 64
L 36, 667, 65, 36, 673, 65, 64, 64, 64
L 34, 667, 65, 36, 667, 65, 64, 64, 64
L 34, 642, 65, 34, 667, 65, 64, 64, 64
L 36, 642, 65, 34, 642, 65, 64, 64, 64
L 36, 640, 65, 36, 642, 65, 64, 64, 64
L 62, 614, 65, 36, 640, 65, 64, 64, 64
L 92, 614, 65, 62, 614, 65, 64, 64, 64
L 92, 627, 65, 92, 614, 65, 64, 64, 64
L 66, 627, 65, 92, 627, 65, 64, 64, 64
L 66, 628, 65, 66, 627, 65, 64, 64, 64
L 64, 629, 65, 66, 628, 65, 64, 64, 64
L 64, 632, 65, 64, 629, 65, 64, 64, 64
L 96, 632, 65, 64, 632, 65, 64, 64, 64
L 96, 658, 65, 96, 632, 65, 64, 64, 64
L 98, 658, 65, 96, 658, 65, 64, 64, 64
L 98, 610, 65, 98, 658, 65, 64, 64, 64
L 108, 610, 65, 98, 610, 65, 64, 64, 64
L 108, 612, 65, 108, 610, 65, 64, 64, 64
L 110, 612, 65, 108, 612, 65, 64, 64, 64
L 256, 736, 50, 279, 736, 50, 64, 64, 64
L 256, 729, 50, 256, 736, 50, 64, 64, 64
L 254, 720, 50, 254, 717, 50, 64, 64, 64
L 256, 720, 50, 254, 720, 50, 64, 64, 64
L 256, 731, 50, 256, 720, 50, 64, 64, 64
L 258, 717, 49, 254, 717, 50, 64, 64, 64
L 258, 733, 49, 258, 717, 49, 64, 64, 64
L 276, 733, 49, 258, 733, 49, 64, 64, 64
L 275, 705, 49, 276, 733, 49, 64, 64, 64
L 282, 705, 49, 275, 705, 49, 64, 64, 64
L 282, 733, 49, 282, 705, 49, 64, 64, 64
L 288, 733, 49, 282, 733, 49, 64, 64, 64
L 297, 724, 49, 288, 733, 49, 64, 64, 64
L 298, 694, 49, 297, 724, 49, 64, 64, 64
L 286, 694, 49, 298, 694, 49, 64, 64, 64
L 284, 696, 49, 286, 694, 49, 64, 64, 64
L 284, 698, 49, 284, 696, 49, 64, 64, 64
L 276, 698, 49, 284, 698, 49, 64, 64, 64
L 275, 696, 49, 276, 698, 49, 64, 64, 64
L 273, 694, 49, 275, 696, 49, 64, 64, 64
L 272, 690, 49, 273, 694, 49, 64, 64, 64
L 258, 690, 49, 272, 690, 49, 64, 64, 64
L 258, 706, 50, 258, 690, 49, 64, 64, 64
L 254, 706, 50, 258, 706, 50, 64, 64, 64
L 254, 703, 50, 254, 706, 50, 64, 64, 64
L 256, 703, 50, 254, 703, 50, 64, 64, 64
L 255, 688, 50, 256, 703, 50, 64, 64, 64
L 272, 687, 50, 255, 688, 50, 64, 64, 64
L 271, 684, 50, 272, 687, 50, 64, 64, 64
L 275, 679, 50, 271, 684, 50, 64, 64, 64
L 284, 679, 50, 275, 679, 50, 64, 64, 64
L 288, 684, 50, 284, 679, 50, 64, 64, 64
L 288, 687, 50, 288, 684, 50, 64, 64, 64
L 304, 687, 50, 288, 687, 50, 64, 64, 64
L 185, 650, 66, 186, 675, 66, 0, 0, 250
L 186, 636, 66, 186, 639, 66, 0, 0, 250
L 182, 650, 66, 182, 676, 57, 0, 0, 250
L 182, 635, 66, 182, 639, 66, 0, 0, 250
L 191, 648, 65, 196, 648, 65, 64, 64, 64
L 192, 641, 65, 191, 642, 65, 64, 64, 64
L 212, 641, 65, 192, 641, 65, 64, 64, 64
L 212, 648, 65, 212, 641, 65, 64, 64, 64
L 194, 648, 65, 212, 648, 65, 64, 64, 64
L 181, 651, 75, 186, 650, 76, 150, 0, 200
L 180, 650, 75, 181, 651, 75, 150, 0, 200
L 178, 649, 75, 180, 650, 75, 150, 0, 200
L 177, 648, 75, 178, 649, 75, 150, 0, 200
L 177, 642, 75, 177, 648, 75, 150, 0, 200
L 180, 639, 75, 177, 642, 75, 150, 0, 200
L 188, 639, 75, 180, 639, 75, 150, 0, 200
L 190, 641, 75, 188, 639, 75, 150, 0, 200
L 190, 648, 75, 190, 641, 75, 150, 0, 200
L 188, 650, 75, 190, 648, 75, 150, 0, 200
L 185, 650, 75, 188, 650, 75, 150, 0, 200
L 177, 648, 65, 174, 648, 65, 64, 64, 64
L 177, 647, 65, 177, 648, 65, 64, 64, 64
L 156, 642, 65, 177, 641, 65, 64, 64, 64
L 156, 648, 65, 156, 642, 65, 64, 64, 64
L 175, 648, 65, 156, 648, 65, 64, 64, 64
L 162, 700, 50, 180, 700, 50, 64, 64, 64
L 162, 698, 51, 180, 698, 51, 64, 64, 64
L 162, 696, 52, 178, 696, 52, 64, 64, 64
L 162, 694, 53, 176, 694, 53, 64, 64, 64
L 176, 692, 54, 162, 692, 54, 64, 64, 64
L 162, 690, 55, 176, 690, 55, 64, 64, 64
L 176, 688, 56, 162, 688, 56, 64, 64, 64
L 162, 686, 57, 176, 686, 57, 64, 64, 64
L 162, 684, 58, 176, 684, 58, 64, 64, 64
L 162, 682, 59, 176, 682, 59, 64, 64, 64
L 162, 680, 60, 178, 680, 60, 64, 64, 64
L 180, 678, 58, 162, 678, 61, 64, 64, 64
L 162, 676, 62, 180, 676, 62, 64, 64, 64
L 180, 674, 63, 162, 674, 63, 64, 64, 64
L 206, 696, 52, 190, 696, 52, 64, 64, 64
L 206, 694, 53, 192, 694, 53, 64, 64, 64
L 206, 692, 54, 192, 692, 54, 64, 64, 64
L 192, 690, 55, 206, 690, 55, 64, 64, 64
L 206, 688, 56, 192, 688, 56, 64, 64, 64
L 206, 686, 57, 192, 686, 57, 64, 64, 64
L 206, 684, 58, 192, 684, 58, 64, 64, 64
L 206, 682, 59, 192, 682, 58, 64, 64, 64
L 206, 680, 60, 190, 680, 58, 64, 64, 64
L 206, 678, 61, 188, 678, 58, 64, 64, 64
L 188, 676, 62, 206, 676, 62, 64, 64, 64
L 206, 674, 63, 188, 674, 63, 64, 64, 64
L 188, 672, 64, 206, 672, 64, 64, 64, 64
L 206, 698, 51, 188, 698, 51, 64, 64, 64
L 188, 700, 50, 206, 700, 50, 64, 64, 64
L 211, 598, 68, 221, 586, 68, 0, 0, 250
L 206, 603, 68, 211, 598, 68, 0, 0, 250
L 206, 610, 68, 206, 603, 68, 0, 0, 250
L 204, 613, 68, 206, 610, 68, 0, 0, 250
L 197, 613, 68, 204, 613, 68, 0, 0, 250
L 194, 617, 68, 197, 613, 68, 0, 0, 250
L 188, 622, 66, 194, 617, 68, 0, 0, 250
L 192, 624, 66, 188, 622, 66, 0, 0, 250
L 192, 628, 66, 192, 624, 66, 0, 0, 250
L 186, 675, 66, 186, 680, 55, 0, 0, 250
L 191, 630, 66, 186, 636, 66, 0, 0, 250
L 192, 627, 66, 191, 630, 66, 0, 0, 250
L 185, 720, 49, 186, 695, 55, 0, 0, 250
L 189, 720, 49, 185, 720, 49, 0, 0, 250
L 182, 720, 49, 176, 720, 49, 0, 0, 250
L 192, 720, 49, 187, 720, 49, 0, 0, 250
L 182, 716, 57, 182, 720, 49, 0, 0, 250
L 182, 717, 57, 182, 716, 57, 0, 0, 250
L 182, 708, 57, 182, 717, 57, 0, 0, 250
L 182, 695, 55, 182, 708, 57, 0, 0, 250
L 190, 684, 55, 186, 680, 55, 0, 0, 250
L 190, 691, 55, 190, 684, 55, 0, 0, 250
L 186, 695, 55, 190, 691, 55, 0, 0, 250
L 178, 692, 55, 183, 695, 55, 0, 0, 250
L 178, 684, 55, 178, 692, 55, 0, 0, 250
L 182, 680, 55, 178, 684, 55, 0, 0, 250
L 182, 679, 57, 182, 680, 55, 0, 0, 250
L 182, 676, 57, 182, 679, 57, 0, 0, 250
L 176, 630, 66, 182, 635, 66, 0, 0, 250
L 176, 624, 66, 176, 630, 66, 0, 0, 250
L 182, 621, 66, 176, 624, 66, 0, 0, 250
L 182, 619, 67, 182, 621, 66, 0, 0, 250
L 180, 615, 68, 182, 619, 67, 0, 0, 250
L 174, 617, 68, 180, 615, 68, 0, 0, 250
L 170, 616, 68, 174, 617, 68, 0, 0, 250
L 168, 607, 68, 170, 616, 68, 0, 0, 250
L 164, 601, 68, 168, 607, 68, 0, 0, 250
L 158, 601, 68, 164, 601, 68, 0, 0, 250
L 152, 600, 68, 158, 601, 68, 0, 0, 250
L 140, 591, 68, 152, 600, 68, 0, 0, 250
L 134, 591, 68, 140, 591, 68, 0, 0, 250
L 124, 593, 68, 134, 591, 68, 0, 0, 250
L 118, 584, 68, 124, 593, 68, 0, 0, 250
L 126, 580, 68, 118, 584, 68, 0, 0, 250
L 128, 576, 68, 126, 580, 68, 0, 0, 250
L 140, 576, 68, 128, 576, 68, 0, 0, 250
L 146, 584, 68, 140, 576, 68, 0, 0, 250
L 162, 587, 68, 146, 584, 68, 0, 0, 250
L 168, 590, 68, 162, 587, 68, 0, 0, 250
L 176, 590, 68, 168, 590, 68, 0, 0, 250
L 186, 596, 68, 176, 590, 68, 0, 0, 250
L 194, 596, 68, 186, 596, 68, 0, 0, 250
L 206, 593, 68, 194, 596, 68, 0, 0, 250
L 207, 590, 68, 206, 593, 68, 0, 0, 250
L 212, 582, 68, 207, 590, 68, 0, 0, 250
L 221, 586, 68, 212, 582, 68, 0, 0, 250
L 224, 620, 65, 224, 620, 67, 0, 0, 0
L 194, 632, 65, 188, 638, 65, 64, 64, 64
L 194, 624, 65, 194, 632, 65, 64, 64, 64
L 197, 624, 65, 194, 624, 65, 0, 0, 0
L 204, 618, 65, 197, 624, 65, 0, 0, 0
L 208, 616, 65, 204, 618, 65, 0, 0, 0
L 212, 616, 65, 208, 616, 65, 0, 0, 0
L 212, 620, 65, 212, 616, 65, 0, 0, 0
L 224, 620, 65, 212, 620, 65, 0, 0, 0
L 224, 624, 65, 230, 624, 65, 0, 0, 0
L 224, 617, 69, 224, 624, 65, 0, 0, 0
L 230, 624, 65, 224, 617, 69, 0, 0, 0
L 239, 630, 65, 230, 624, 65, 0, 0, 0
L 271, 624, 65, 239, 630, 65, 0, 0, 0
L 302, 639, 65, 271, 624, 65, 0, 0, 0
L 319, 656, 65, 302, 639, 65, 0, 0, 0
L 304, 669, 65, 319, 656, 65, 0, 0, 0
L 224, 669, 65, 304, 669, 65, 64, 64, 64
L 224, 659, 65, 224, 669, 65, 64, 64, 64
L 212, 659, 65, 224, 659, 65, 64, 64, 64
L 212, 669, 65, 212, 659, 65, 64, 64, 64
L 206, 669, 65, 212, 669, 65, 64, 64, 64
L 206, 670, 65, 206, 669, 65, 64, 64, 64
L 206, 670, 65, 206, 703, 49, 64, 64, 64
L 189, 698, 52, 188, 706, 49, 64, 64, 64
L 190, 696, 52, 189, 698, 52, 64, 64, 64
L 192, 692, 54, 190, 696, 52, 64, 64, 64
L 192, 684, 58, 192, 692, 54, 64, 64, 64
L 192, 682, 58, 192, 684, 58, 64, 64, 64
L 188, 678, 58, 192, 682, 58, 64, 64, 64
L 188, 675, 63, 188, 678, 58, 64, 64, 64
L 188, 656, 65, 188, 675, 63, 64, 64, 64
L 180, 698, 51, 180, 702, 49, 64, 64, 64
L 176, 694, 53, 180, 698, 51, 64, 64, 64
L 176, 682, 59, 176, 694, 53, 64, 64, 64
L 177, 681, 60, 176, 682, 59, 64, 64, 64
L 179, 679, 61, 177, 681, 60, 64, 64, 64
L 180, 678, 58, 179, 679, 61, 64, 64, 64
L 180, 661, 65, 180, 678, 58, 64, 64, 64
L 162, 670, 65, 162, 704, 49, 64, 64, 64
L 156, 669, 65, 162, 670, 65, 64, 64, 64
L 156, 660, 65, 156, 669, 65, 64, 64, 64
L 144, 660, 65, 156, 660, 65, 64, 64, 64
L 144, 669, 65, 144, 660, 65, 64, 64, 64
L 112, 669, 65, 144, 669, 65, 64, 64, 64
L 112, 640, 65, 112, 669, 65, 64, 64, 64
L 110, 667, 65, 110, 637, 65, 64, 64, 64
L 112, 623, 65, 114, 624, 65, 64, 64, 64
L 112, 608, 65, 112, 623, 65, 64, 64, 64
L 81, 607, 65, 112, 608, 65, 64, 64, 64
L 143, 620, 65, 144, 604, 65, 64, 64, 64
L 156, 620, 65, 143, 620, 65, 64, 64, 64
L 158, 608, 65, 156, 620, 65, 64, 64, 64
L 163, 612, 65, 158, 608, 65, 64, 64, 64
L 170, 622, 65, 163, 612, 65, 64, 64, 64
L 174, 624, 65, 170, 622, 65, 64, 64, 64
L 173, 632, 65, 174, 624, 65, 64, 64, 64
L 174, 632, 65, 173, 632, 65, 64, 64, 64
L 180, 639, 65, 174, 632, 65, 64, 64, 64
L 190, 773, 49, 190, 776, 49, 150, 0, 200
L 188, 778, 50, 190, 776, 49, 150, 0, 200
L 179, 778, 50, 188, 778, 50, 150, 0, 200
L 178, 776, 50, 179, 778, 50, 150, 0, 200
L 178, 771, 50, 178, 776, 50, 150, 0, 200
L 179, 770, 49, 178, 771, 50, 150, 0, 200
L 188, 770, 49, 179, 770, 49, 150, 0, 200
L 190, 773, 49, 188, 770, 49, 150, 0, 200
L 208, 713, 48, 208, 704, 48, 0, 125, 0
L 214, 720, 48, 208, 713, 48, 0, 125, 0
L 214, 752, 48, 214, 720, 48, 0, 125, 0
L 198, 768, 48, 214, 752, 48, 0, 125, 0
L 170, 768, 48, 198, 768, 48, 0, 125, 0
L 154, 752, 48, 170, 768, 48, 0, 125, 0
L 154, 720, 48, 154, 752, 48, 0, 125, 0
L 160, 714, 48, 154, 720, 48, 0, 125, 0
L 160, 704, 48, 160, 714, 48, 0, 125, 0
L 200, 728, 49, 192, 720, 49, 0, 0, 255
L 200, 744, 49, 200, 728, 49, 0, 0, 255
L 192, 751, 49, 200, 744, 49, 0, 0, 255
L 176, 751, 49, 192, 751, 49, 0, 0, 255
L 169, 744, 49, 176, 751, 49, 0, 0, 255
L 168, 728, 49, 169, 744, 49, 0, 0, 255
L 176, 720, 49, 168, 728, 49, 0, 0, 255
L 206, 704, 49, 208, 704, 49, 64, 64, 64
L 206, 702, 49, 206, 704, 49, 64, 64, 64
L 188, 702, 49, 206, 702, 49, 64, 64, 64
L 188, 717, 49, 188, 702, 49, 64, 64, 64
L 194, 718, 49, 188, 717, 49, 64, 64, 64
L 202, 725, 49, 194, 718, 49, 64, 64, 64
L 202, 746, 49, 202, 725, 49, 64, 64, 64
L 194, 754, 49, 202, 746, 49, 64, 64, 64
L 174, 754, 49, 194, 754, 49, 64, 64, 64
L 166, 746, 49, 174, 754, 49, 64, 64, 64
L 165, 727, 49, 166, 746, 49, 64, 64, 64
L 174, 717, 49, 165, 727, 49, 64, 64, 64
L 180, 717, 49, 174, 717, 49, 64, 64, 64
L 180, 702, 49, 180, 717, 49, 64, 64, 64
L 162, 702, 49, 180, 702, 49, 64, 64, 64
L 162, 704, 49, 160, 704, 49, 64, 64, 64
L 162, 702, 49, 162, 704, 49, 64, 64, 64
L 160, 672, 50, 160, 705, 50, 64, 64, 64
L 113, 672, 50, 160, 672, 50, 64, 64, 64
L 113, 673, 50, 113, 672, 50, 64, 64, 64
L 80, 673, 50, 113, 673, 50, 64, 64, 64
L 80, 688, 50, 80, 673, 50, 64, 64, 64
L 96, 703, 50, 80, 688, 50, 64, 64, 64
L 96, 736, 50, 96, 703, 50, 64, 64, 64
L 80, 752, 50, 96, 736, 50, 64, 64, 64
L 304, 687, 50, 304, 672, 50, 0, 0, 0
L 288, 752, 50, 279, 736, 50, 0, 0, 0
L 320, 768, 51, 288, 752, 50, 0, 0, 0
L 335, 768, 52, 320, 768, 51, 0, 0, 0
L 351, 784, 54, 335, 768, 52, 0, 0, 0
L 367, 784, 56, 351, 784, 54, 0, 0, 0
L 368, 800, 58, 367, 784, 56, 0, 0, 0
L 384, 800, 58, 368, 800, 58, 0, 0, 0
L 399, 816, 61, 384, 800, 58, 0, 0, 0
L 399, 832, 65, 399, 816, 61, 0, 0, 0
L 399, 912, 64, 399, 832, 65, 0, 0, 0
L 385, 941, 64, 399, 912, 64, 0, 0, 0
L 368, 959, 64, 385, 941, 64, 0, 0, 0
L 336, 959, 64, 368, 959, 64, 0, 0, 0
L 336, 912, 64, 305, 927, 64, 0, 0, 0
L 352, 896, 65, 336, 912, 64, 0, 0, 0
L 352, 865, 65, 352, 896, 65, 0, 0, 0
L 368, 848, 65, 352, 865, 65, 0, 0, 0
L 368, 831, 64, 368, 848, 65, 0, 0, 0
L 351, 815, 57, 368, 831, 64, 0, 0, 0
L 336, 815, 56, 351, 815, 57, 0, 0, 0
L 336, 800, 54, 336, 815, 56, 0, 0, 0
L 304, 783, 51, 336, 800, 54, 0, 0, 0
L 289, 783, 51, 304, 783, 51, 0, 0, 0
L 272, 767, 50, 289, 783, 51, 0, 0, 0
L 256, 767, 50, 272, 767, 50, 0, 0, 0
L 250, 773, 50, 256, 767, 50, 0, 0, 0
L 245, 768, 50, 250, 773, 50, 0, 0, 0
L 234, 767, 50, 245, 768, 50, 0, 0, 0
L 220, 777, 50, 234, 767, 50, 0, 0, 0
L 214, 777, 50, 220, 777, 50, 0, 0, 0
L 208, 783, 50, 214, 777, 50, 0, 0, 0
L 202, 783, 50, 208, 783, 50, 0, 0, 0
L 188, 797, 53, 202, 783, 50, 0, 0, 0
L 178, 797, 53, 188, 797, 53, 0, 0, 0
L 172, 783, 50, 178, 797, 53, 0, 0, 0
L 164, 783, 50, 172, 783, 50, 0, 0, 0
L 148, 767, 50, 164, 783, 50, 0, 0, 0
L 140, 767, 50, 148, 767, 50, 0, 0, 0
L 130, 775, 50, 140, 767, 50, 0, 0, 0
L 120, 767, 50, 130, 775, 50, 0, 0, 0
L 96, 767, 50, 120, 767, 50, 0, 0, 0
L 80, 752, 50, 96, 767, 50, 0, 0, 0
L 306, 1407, -47, 305, 1412, -47, 150, 0, 200
L 308, 1405, -47, 306, 1407, -47, 150, 0, 200
L 314, 1405, -47, 308, 1405, -47, 150, 0, 200
L 316, 1407, -47, 314, 1405, -47, 150, 0, 200
L 316, 1414, -47, 316, 1407, -47, 150, 0, 200
L 314, 1416, -47, 316, 1414, -47, 150, 0, 200
L 308, 1416, -47, 314, 1416, -47, 150, 0, 200
L 306, 1414, -47, 308, 1416, -47, 150, 0, 200
L 306, 1412, -47, 306, 1414, -47, 150, 0, 200
L 252, 1398, -44, 255, 1398, -44, 150, 0, 200
L 250, 1396, -44, 252, 1398, -44, 150, 0, 200
L 250, 1395, -44, 250, 1396, -44, 150, 0, 200
L 249, 1390, -44, 250, 1395, -44, 150, 0, 200
L 251, 1387, -44, 249, 1390, -44, 150, 0, 200
L 258, 1387, -44, 251, 1387, -44, 150, 0, 200
L 260, 1390, -44, 258, 1387, -44, 150, 0, 200
L 260, 1396, -44, 260, 1390, -44, 150, 0, 200
L 258, 1398, -44, 260, 1396, -44, 150, 0, 200
L 254, 1398, -44, 258, 1398, -44, 150, 0, 200
L 260, 1402, -44, 250, 1402, -44, 64, 64, 64
L 250, 1404, -45, 260, 1404, -45, 64, 64, 64
L 260, 1406, -46, 249, 1406, -46, 64, 64, 64
L 250, 1398, -47, 260, 1398, -47, 64, 64, 64
L 250, 1408, -47, 250, 1398, -47, 64, 64, 64
L 260, 1408, -47, 250, 1408, -47, 64, 64, 64
L 260, 1398, -47, 260, 1408, -47, 64, 64, 64
L 320, 1392, 33, 320, 1421, 33, 0, 0, 0
L 304, 1360, 33, 320, 1392, 33, 0, 0, 0
L 304, 1296, 33, 304, 1360, 33, 0, 0, 0
L 288, 1280, 33, 304, 1296, 33, 0, 0, 0
L 254, 1280, 33, 288, 1280, 33, 0, 0, 0
L 192, 1280, 33, 226, 1280, 33, 0, 0, 0
L 178, 1294, 33, 192, 1280, 33, 0, 0, 0
L 176, 1327, 33, 178, 1294, 33, 0, 0, 0
L 192, 1359, 33, 176, 1327, 33, 0, 0, 0
L 192, 1376, 33, 192, 1359, 33, 0, 0, 0
L 177, 1407, 33, 192, 1376, 33, 0, 0, 0
L 183, 1421, 33, 177, 1407, 33, 0, 0, 0
L 192, 1599, -47, 256, 1599, -47, 0, 0, 0
L 176, 1583, -47, 192, 1599, -47, 0, 0, 0
L 176, 1536, -47, 176, 1583, -47, 0, 0, 0
L 192, 1520, -47, 176, 1536, -47, 0, 0, 0
L 255, 1520, -47, 192, 1520, -47, 0, 0, 0
L 272, 1504, -47, 255, 1520, -47, 0, 0, 0
L 257, 1488, -47, 272, 1504, -47, 0, 0, 0
L 240, 1455, -47, 257, 1488, -47, 0, 0, 0
L 193, 1439, -47, 240, 1455, -47, 0, 0, 0
L 176, 1407, -47, 193, 1439, -47, 0, 0, 0
L 192, 1376, -47, 176, 1407, -47, 0, 0, 0
L 254, 1360, -47, 192, 1376, -47, 0, 0, 0
L 304, 1360, -47, 254, 1360, -47, 0, 0, 0
L 318, 1388, -47, 304, 1360, -47, 0, 0, 0
L 320, 1422, -47, 318, 1388, -47, 0, 0, 0
L 288, 1456, -47, 320, 1422, -47, 0, 0, 0
L 288, 1517, -47, 288, 1456, -47, 0, 0, 0
L 274, 1533, -47, 288, 1517, -47, 0, 0, 0
L 207, 1535, -47, 274, 1533, -47, 0, 0, 0
L 192, 1550, -47, 207, 1535, -47, 0, 0, 0
L 192, 1568, -47, 192, 1550, -47, 0, 0, 0
L 208, 1584, -47, 192, 1568, -47, 0, 0, 0
L 256, 1584, -47, 208, 1584, -47, 0, 0, 0
L 256, 1599, -47, 256, 1584, -47, 0, 0, 0
L 365, -128, 21, 224, -128, 21, 100, 50, 0
L 366, -126, 21, 365, -128, 21, 100, 50, 0
L 368, -126, 21, 366, -126, 21, 100, 50, 0
L 367, -66, 21, 368, -126, 21, 100, 50, 0
L 365, -66, 21, 367, -66, 21, 100, 50, 0
L 365, -64, 21, 365, -66, 21, 100, 50, 0
L 322, -64, 21, 365, -64, 21, 100, 50, 0
L 322, -66, 21, 322, -64, 21, 100, 50, 0
L 320, -66, 21, 322, -66, 21, 100, 50, 0
L 320, -96, 21, 320, -66, 21, 100, 50, 0
L 208, -96, 21, 320, -96, 21, 100, 50, 0
L 208, -98, 21, 208, -96, 21, 100, 50, 0
L 206, -98, 21, 208, -98, 21, 100, 50, 0
L 206, -124, 21, 206, -98, 21, 100, 50, 0
L 208, -124, 21, 206, -124, 21, 100, 50, 0
L -8, 333, 37, -5, 336, 37, 150, 0, 200
L -8, 324, 36, -8, 333, 37, 150, 0, 200
L -6, 321, 36, -8, 324, 36, 150, 0, 200
L -4, 319, 36, -6, 321, 36, 150, 0, 200
L 20, 320, 35, -4, 319, 36, 150, 0, 200
L 24, 324, 35, 20, 320, 35, 150, 0, 200
L 24, 331, 35, 24, 324, 35, 150, 0, 200
L 21, 336, 35, 24, 331, 35, 150, 0, 200
L 36, 212, 30, 44, 300, 32, 0, 125, 0
L -28, 299, 32, -20, 212, 30, 0, 125, 0
L -52, 180, 30, -60, 180, 30, 0, 125, 0
L -20, 212, 31, -52, 180, 30, 0, 125, 0
L 36, 212, 30, -20, 212, 31, 0, 125, 0
L 68, 180, 30, 36, 212, 30, 0, 125, 0
L 76, 180, 30, 68, 180, 30, 0, 125, 0
L 74, 269, 32, 76, 180, 30, 0, 125, 0
L 44, 300, 34, 74, 269, 32, 0, 125, 0
L 16, 300, 34, 44, 300, 34, 0, 125, 0
L 16, 283, 33, 16, 300, 34, 0, 125, 0
L 0, 283, 33, 16, 283, 33, 0, 125, 0
L -0, 300, 33, 0, 283, 33, 0, 125, 0
L -28, 299, 32, -0, 300, 33, 0, 125, 0
L -59, 268, 32, -28, 299, 32, 0, 125, 0
L -60, 180, 30, -59, 268, 32, 0, 125, 0
L -37, 308, 25, -60, 285, 29, 0, 0, 255
L 52, 308, 25, -37, 308, 25, 0, 0, 255
L 76, 285, 29, 52, 308, 25, 0, 0, 255
L 76, 363, 29, 76, 285, 29, 0, 0, 255
L 24, 363, 25, 76, 363, 29, 0, 0, 255
L -60, 363, 29, -8, 363, 25, 0, 0, 255
L -60, 285, 29, -60, 363, 29, 0, 0, 255
L -96, 367, 36, -68, 367, 36, 64, 64, 64
L -68, 365, 35, -96, 365, 35, 64, 64, 64
L -96, 363, 34, -68, 363, 34, 64, 64, 64
L -68, 361, 33, -96, 361, 33, 64, 64, 64
L -96, 359, 32, -68, 359, 32, 64, 64, 64
L -68, 357, 31, -96, 357, 31, 64, 64, 64
L -96, 355, 30, -68, 356, 30, 64, 64, 64
L -68, 353, 29, -85, 353, 29, 64, 64, 64
L -68, 372, 37, -68, 352, 29, 64, 64, 64
L -12, 372, 37, -68, 372, 37, 64, 64, 64
L -8, 368, 37, -12, 372, 37, 64, 64, 64
L -8, 336, 37, -8, 368, 37, 64, 64, 64
L 24, 336, 37, -8, 336, 37, 64, 64, 64
L 24, 368, 37, 24, 336, 37, 64, 64, 64
L 27, 372, 37, 24, 368, 37, 64, 64, 64
L 84, 372, 37, 27, 372, 37, 64, 64, 64
L -96, 399, 37, -96, 351, 29, 64, 64, 64
L -32, 399, 37, -96, 399, 37, 64, 64, 64
L -32, 395, 37, -32, 399, 37, 64, 64, 64
L -28, 391, 37, -32, 395, 37, 64, 64, 64
L -20, 391, 37, -28, 391, 37, 64, 64, 64
L -16, 396, 37, -20, 391, 37, 64, 64, 64
L -16, 399, 37, -16, 396, 37, 64, 64, 64
L -0, 399, 37, -16, 399, 37, 64, 64, 64
L -0, 396, 37, -0, 399, 37, 64, 64, 64
L 4, 391, 37, -0, 396, 37, 64, 64, 64
L 12, 392, 37, 4, 391, 37, 64, 64, 64
L 16, 396, 37, 12, 392, 37, 64, 64, 64
L 16, 399, 37, 16, 396, 37, 64, 64, 64
L 32, 399, 37, 16, 399, 37, 64, 64, 64
L 32, 396, 37, 32, 399, 37, 64, 64, 64
L 36, 392, 37, 32, 396, 37, 64, 64, 64
L 44, 391, 37, 36, 392, 37, 64, 64, 64
L 48, 396, 37, 44, 391, 37, 64, 64, 64
L 48, 399, 37, 48, 396, 37, 64, 64, 64
L 112, 399, 37, 49, 399, 37, 64, 64, 64
L 84, 367, 36, 112, 367, 36, 64, 64, 64
L 112, 365, 35, 84, 365, 35, 64, 64, 64
L 84, 363, 34, 112, 363, 34, 64, 64, 64
L 112, 361, 33, 84, 361, 33, 64, 64, 64
L 84, 359, 32, 112, 359, 32, 64, 64, 64
L 112, 357, 31, 84, 357, 31, 64, 64, 64
L 84, 355, 30, 112, 355, 30, 64, 64, 64
L 84, 372, 37, 84, 352, 29, 64, 64, 64
L 112, 399, 37, 112, 351, 29, 64, 64, 64
L 84, 353, 29, 111, 353, 29, 64, 64, 64
L 48, -1, -0, 48, -1, -5, 0, 0, 255
L 304, -224, 19, 304, -192, 17, 0, 0, 0
L 304, -192, 17, 271, -159, 17, 0, 0, 0
L 271, -159, 17, 225, -160, 17, 0, 0, 0
L 225, -160, 17, 207, -176, 17, 0, 0, 0
L 207, -176, 17, 144, -176, 17, 0, 0, 0
L 144, -176, 17, 112, -192, 17, 0, 0, 0
L 112, -192, 17, 63, -192, 17, 0, 0, 0
L 63, -192, 17, 38, -223, 17, 0, 0, 0
L 38, -223, 17, 32, -224, 17, 0, 0, 0
L -64, -272, 17, -69, -272, 17, 0, 0, 0
L -69, -272, 17, -96, -256, 17, 0, 0, 0
L -96, -256, 17, -112, -240, 17, 0, 0, 0
L -112, -240, 17, -112, -161, 17, 0, 0, 0
L -112, -161, 17, -128, -144, 17, 0, 0, 0
L -128, -144, 17, -128, -112, 17, 0, 0, 0
L -128, -112, 17, -112, -78, 17, 0, 0, 0
L -112, -78, 17, -113, -60, 17, 0, 0, 0
L -113, -60, 17, -127, -32, 17, 0, 0, 0
L -127, -32, 17, -111, 1, 17, 0, 0, 0
L -111, 1, 17, -80, 32, 17, 0, 0, 0
L -80, 32, 17, -66, 22, 17, 0, 0, 0
L -66, 22, 17, -47, 16, 17, 0, 0, 0
L -47, 16, 17, -32, 16, 17, 0, 0, 0
L -32, 16, 17, -16, 31, 17, 0, 0, 0
L -16, 31, 17, 32, 31, 17, 64, 64, 64
L 32, 31, 17, 45, 16, 17, 0, 0, 0
L 44, 17, 17, 46, -30, 17, 64, 64, 64
L 46, -30, 17, -66, -30, 17, 64, 64, 64
L -66, -30, 17, -66, -145, 17, 64, 64, 64
L -66, -145, 17, -49, -146, 17, 64, 64, 64
L -49, -146, 17, -16, -146, 8, 64, 64, 64
L -16, -146, 8, 4, -144, 1, 64, 64, 64
L 4, -144, 1, 2, -152, 3, 64, 64, 64
L 2, -152, 3, -2, -152, 3, 0, 0, 0
L -2, -152, 3, -12, -159, 6, 0, 0, 0
L -12, -159, 6, -34, -160, 9, 0, 0, 0
L -34, -160, 9, -46, -160, 15, 64, 64, 64
L -46, -160, 15, -48, -160, 17, 64, 64, 64
L -48, -160, 17, -48, -162, 17, 64, 64, 64
L -48, -162, 17, 83, -162, 17, 64, 64, 64
L 83, -162, 17, 114, -130, 17, 64, 64, 64
L 114, -130, 17, 195, -130, 17, 64, 64, 64
L 195, -130, 17, 208, -130, 21, 100, 50, 0
L 208, -130, 21, 208, -124, 21, 100, 50, 0
L 208, -128, 21, 224, -128, 21, 100, 50, 0
L 224, -128, 21, 224, -144, 21, 64, 64, 64
L 224, -144, 21, 203, -144, 20, 64, 64, 64
L 203, -144, 20, 191, -144, 17, 64, 64, 64
L 191, -144, 17, 192, -146, 17, 64, 64, 64
L 192, -146, 17, 226, -146, 17, 64, 64, 64
L 226, -146, 17, 226, -130, 17, 64, 64, 64
L 226, -130, 17, 286, -130, 17, 64, 64, 64
L 286, -130, 17, 319, -163, 17, 64, 64, 64
L 319, -163, 17, 333, -162, 17, 64, 64, 64
L 333, -162, 17, 334, -222, 17, 64, 64, 64
L 334, -222, 17, 304, -222, 17, 64, 64, 64
L -48, -160, 16, -48, -146, 16, 64, 64, 64
L -46, -146, 15, -46, -160, 15, 64, 64, 64
L -44, -160, 14, -44, -146, 14, 64, 64, 64
L -42, -146, 13, -42, -160, 13, 64, 64, 64
L -40, -160, 12, -40, -146, 12, 64, 64, 64
L -38, -146, 11, -38, -160, 11, 64, 64, 64
L -36, -160, 10, -36, -146, 10, 64, 64, 64
L -34, -146, 9, -34, -160, 9, 64, 64, 64
L -64, -80, 1, -48, -96, 1, 0, 0, 0
L -48, -96, 1, -48, -111, 4, 0, 0, 0
L -48, -111, 4, -25, -128, 1, 0, 0, 0
L -25, -128, 1, -16, -128, 1, 0, 0, 0
L -16, -128, 1, 0, -134, 1, 0, 0, 0
L 0, -134, 1, 25, -134, 1, 0, 0, 0
L 25, -134, 1, 48, -128, 1, 0, 0, 0
L 48, -128, 1, 80, -144, 1, 0, 0, 0
L 80, -144, 1, 114, -130, 17, 0, 0, 0
L -64, -81, 1, -66, -78, 17, 0, 0, 0
L -64, -81, 1, -64, -114, 4, 0, 0, 0
L -64, -114, 4, -64, -144, 11, 0, 0, 0
L -64, -144, 11, -33, -144, 6, 0, 0, 0
L -33, -144, 6, -14, -144, 4, 0, 0, 0
L -14, -144, 4, 5, -144, 1, 0, 0, 0
L -12, -159, 6, -8, -154, 6, 0, 0, 0
L -8, -154, 6, -4, -152, 5, 0, 0, 0
L -4, -152, 5, -3, -152, 4, 0, 0, 0
L -3, -152, 4, -1, -152, 3, 0, 0, 0
L -1, -152, 3, 1, -152, 3, 0, 0, 0
L -2, -152, 3, 0, -144, 3, 64, 64, 64
L -4, -152, 4, -5, -145, 4, 64, 64, 64
L -8, -153, 5, -7, -145, 5, 64, 64, 64
L -12, -159, 6, -12, -146, 6, 64, 64, 64
L -16, -159, 8, -15, -146, 8, 64, 64, 64
L -14, -159, 7, -14, -146, 7, 64, 64, 64
L 32, -224, 17, 32, -192, 17, 100, 50, 0
L 32, -192, 17, -64, -192, 17, 100, 50, 0
L -64, -192, 17, -64, -240, 17, 100, 50, 0
L -64, -240, 17, -66, -240, 17, 100, 50, 0
L -66, -240, 17, -66, -242, 17, 100, 50, 0
L -66, -242, 17, -62, -242, 17, 100, 50, 0
L -62, -242, 17, -62, -196, 17, 100, 50, 0
L -62, -196, 17, -60, -196, 17, 100, 50, 0
L -60, -196, 17, -60, -194, 17, 100, 50, 0
L -60, -194, 17, -4, -194, 17, 100, 50, 0
L -4, -194, 17, -4, -238, 17, 100, 50, 0
L -4, -238, 17, -32, -238, 17, 100, 50, 0
L -32, -238, 17, -32, -242, 17, 100, 50, 0
L -32, -242, 17, 0, -242, 17, 100, 50, 0
L 0, -242, 17, -0, -197, 17, 100, 50, 0
L -0, -197, 17, -2, -194, 17, 100, 50, 0
L -2, -194, 17, 28, -194, 17, 100, 50, 0
L 28, -194, 17, 28, -196, 17, 100, 50, 0
L 28, -196, 17, 30, -196, 17, 100, 50, 0
L 30, -196, 17, 30, -254, 17, 100, 50, 0
L 30, -254, 17, 28, -254, 17, 100, 50, 0
L 28, -254, 17, 28, -256, 17, 100, 50, 0
L 28, -256, 17, 30, -256, 17, 100, 50, 0
L 30, -256, 17, 30, -268, 17, 100, 50, 0
L 30, -268, 17, 28, -268, 17, 100, 50, 0
L 28, -268, 17, 28, -270, 17, 100, 50, 0
L 28, -270, 17, -10, -270, 17, 100, 50, 0
L -10, -270, 17, -10, -256, 17, 100, 50, 0
L -10, -256, 17, 2, -256, 17, 100, 50, 0
L 2, -256, 17, 2, -254, 17, 100, 50, 0
L 2, -254, 17, -46, -254, 17, 100, 50, 0
L -46, -254, 17, -46, -240, 17, 100, 50, 0
L -46, -240, 17, -32, -240, 17, 100, 50, 0
L -44, -240, 17, -44, -238, 17, 100, 50, 0
L -44, -238, 17, -46, -238, 17, 100, 50, 0
L -46, -238, 17, -46, -208, 17, 100, 50, 0
L -46, -208, 17, -48, -208, 17, 100, 50, 0
L -48, -208, 17, -48, -270, 17, 100, 50, 0
L -48, -270, 17, -60, -270, 17, 100, 50, 0
L -60, -270, 17, -60, -268, 17, 100, 50, 0
L -60, -268, 17, -62, -268, 17, 100, 50, 0
L -62, -268, 17, -62, -254, 17, 100, 50, 0
L -62, -254, 17, -66, -254, 17, 100, 50, 0
L -66, -254, 17, -66, -256, 17, 100, 50, 0
L -66, -256, 17, -64, -256, 17, 100, 50, 0
L -64, -256, 17, -64, -272, 17, 100, 50, 0
L -46, -256, 33, -9, -256, 17, 100, 50, 0
L -60, -270, 33, -9, -270, 17, 100, 50, 0
L -40, -256, 33, -40, -270, 33, 100, 50, 0
L -38, -270, 31, -38, -256, 31, 100, 50, 0
L -36, -256, 30, -36, -270, 30, 100, 50, 0
L -34, -270, 29, -34, -256, 29, 100, 50, 0
L -32, -256, 28, -32, -270, 28, 100, 50, 0
L -30, -270, 27, -30, -256, 27, 100, 50, 0
L -28, -256, 26, -28, -270, 26, 100, 50, 0
L -26, -270, 25, -26, -256, 25, 100, 50, 0
L -24, -256, 24, -24, -270, 24, 100, 50, 0
L -22, -270, 23, -22, -256, 23, 100, 50, 0
L -20, -256, 22, -20, -270, 22, 100, 50, 0
L -18, -270, 21, -18, -256, 21, 100, 50, 0
L -16, -256, 20, -16, -270, 20, 100, 50, 0
L -14, -270, 19, -14, -256, 19, 100, 50, 0
L -12, -256, 18, -12, -270, 18, 100, 50, 0
L -60, -270, 33, -60, -268, 33, 100, 50, 0
L -62, -267, 33, -60, -268, 33, 100, 50, 0
L -60, -268, 33, -62, -268, 33, 100, 50, 0
L -62, -268, 33, -62, -240, 33, 100, 50, 0
L -62, -240, 33, -26, -240, 33, 100, 50, 0
L -38, -240, 33, -38, -238, 33, 100, 50, 0
L -38, -238, 33, -54, -238, 33, 100, 50, 0
L -54, -238, 33, -62, -238, 41, 100, 50, 0
L -62, -238, 41, -62, -196, 33, 100, 50, 0
L -62, -196, 33, -60, -196, 33, 100, 50, 0
L -60, -196, 33, -60, -194, 33, 100, 50, 0
L -60, -194, 33, -25, -194, 33, 100, 50, 0
L -25, -194, 33, -16, -194, 35, 100, 50, 0
L -16, -194, 35, -16, -235, 33, 100, 50, 0
L -16, -235, 33, -16, -238, 42, 100, 50, 0
L -16, -238, 42, -16, -194, 35, 100, 50, 0
L -16, -238, 42, -26, -238, 33, 100, 50, 0
L -26, -238, 33, -26, -240, 33, 100, 50, 0
L -26, -240, 33, 8, -240, 33, 100, 50, 0
L -4, -240, 33, -4, -238, 33, 100, 50, 0
L -4, -238, 33, -14, -238, 33, 100, 50, 0
L -14, -238, 33, -14, -196, 33, 100, 50, 0
L 28, -194, 33, 28, -196, 33, 100, 50, 0
L 30, -196, 33, 30, -234, 33, 100, 50, 0
L 30, -234, 33, 30, -238, 45, 100, 50, 0
L 30, -238, 45, 8, -238, 33, 100, 50, 0
L 8, -238, 33, 8, -240, 33, 100, 50, 0
L 8, -240, 33, 30, -240, 33, 100, 50, 0
L 30, -240, 33, 30, -254, 33, 100, 50, 0
L 30, -254, 33, -46, -254, 33, 100, 50, 0
L -46, -254, 33, -46, -257, 33, 100, 50, 0
L -46, -257, 33, -44, -256, 33, 100, 50, 0
L 26, 60, 23, 26, 41, 23, 64, 64, 64
L 26, 41, 23, 22, 40, 23, 64, 64, 64
L 22, 40, 23, 22, 31, 20, 64, 64, 64
L 32, 31, 17, 32, 26, 17, 64, 64, 64
L 32, 26, 17, -17, 26, 17, 64, 64, 64
L -17, 26, 17, -16, 31, 17, 64, 64, 64
L -10, 56, 23, -10, 40, 23, 64, 64, 64
L -10, 40, 23, -6, 40, 23, 64, 64, 64
L -6, 40, 23, -5, 31, 20, 64, 64, 64
L -6, 28, 18, 22, 28, 18, 64, 64, 64
L 22, 28, 18, 22, 26, 17, 64, 64, 64
L -6, 28, 18, -6, 26, 17, 64, 64, 64
L 22, 31, 20, 22, 27, 18, 64, 64, 64
L -6, 31, 20, -6, 27, 18, 64, 64, 64
L -6, 30, 19, 22, 30, 19, 64, 64, 64
L 22, 34, 21, -6, 34, 21, 64, 64, 64
L -6, 36, 22, 22, 36, 22, 64, 64, 64
L -10, 51, 23, -10, 60, 23, 64, 64, 64
L -10, 60, 23, 26, 60, 23, 64, 64, 64
L -6, 68, 27, 22, 68, 27, 64, 64, 64
L 22, 68, 27, 22, 60, 23, 64, 64, 64
L -6, 68, 27, -6, 60, 23, 64, 64, 64
L -6, 64, 25, 22, 64, 25, 64, 64, 64
L 22, 66, 26, -6, 66, 26, 64, 64, 64
L 30, 64, 29, 96, 65, 29, 64, 64, 64
L 96, 65, 29, 112, 81, 29, 64, 64, 64
L 112, 81, 29, 112, 353, 29, 64, 64, 64
L 112, 353, 29, 84, 353, 29, 64, 64, 64
L 84, 353, 29, 84, 351, 29, 64, 64, 64
L 84, 351, 29, 80, 351, 29, 64, 64, 64
L 80, 351, 29, 79, 175, 29, 64, 64, 64
L 79, 175, 29, 63, 176, 29, 64, 64, 64
L 63, 176, 29, 32, 207, 29, 64, 64, 64
L 32, 207, 29, 16, 208, 29, 64, 64, 64
L 16, 208, 29, 16, 192, 29, 64, 64, 64
L 16, 192, 29, -1, 192, 29, 64, 64, 64
L -1, 192, 29, -0, 208, 29, 64, 64, 64
L -0, 208, 29, -16, 207, 29, 64, 64, 64
L -16, 207, 29, -49, 175, 29, 64, 64, 64
L -49, 175, 29, -64, 176, 29, 64, 64, 64
L -64, 176, 29, -64, 351, 29, 64, 64, 64
L -64, 351, 29, -68, 352, 29, 64, 64, 64
L -68, 352, 29, -68, 353, 29, 64, 64, 64
L -68, 353, 29, -96, 353, 29, 64, 64, 64
L -96, 353, 29, -96, 81, 29, 64, 64, 64
L -96, 81, 29, -79, 64, 29, 64, 64, 64
L -79, 64, 29, -14, 64, 29, 64, 64, 64
L -14, 64, 29, -14, 67, 29, 64, 64, 64
L -14, 67, 29, -12, 68, 29, 64, 64, 64
L -12, 68, 29, -10, 68, 29, 64, 64, 64
L -10, 68, 29, -8, 66, 29, 64, 64, 64
L -8, 66, 29, -8, 64, 29, 64, 64, 64
L -8, 65, 29, -8, 64, 29, 64, 64, 64
L -8, 64, 29, -9, 63, 29, 64, 64, 64
L -9, 63, 29, -9, 62, 29, 64, 64, 64
L -9, 62, 29, -10, 60, 23, 64, 64, 64
L 30, 64, 29, 30, 67, 29, 64, 64, 64
L 30, 67, 29, 28, 68, 29, 64, 64, 64
L 28, 68, 29, 26, 68, 29, 64, 64, 64
L 26, 68, 29, 24, 66, 29, 64, 64, 64
L 24, 66, 29, 24, 64, 29, 64, 64, 64
L 24, 64, 29, 26, 62, 29, 64, 64, 64
L 26, 62, 29, 26, 58, 23, 64, 64, 64
L 22, 62, 24, -6, 62, 24, 64, 64, 64
L 33, 96, 29, 80, 96, 29, 64, 64, 64
L 80, 96, 29, 80, 129, 29, 64, 64, 64
L 80, 129, 29, 50, 161, 29, 64, 64, 64
L 50, 161, 29, -34, 160, 29, 64, 64, 64
L -34, 160, 29, -64, 128, 29, 64, 64, 64
L -64, 128, 29, -64, 95, 29, 64, 64, 64
L -64, 95, 29, 37, 96, 29, 64, 64, 64
L -22, 106, 37, -48, 106, 37, 64, 64, 64
L -48, 106, 37, -48, 117, 37, 64, 64, 64
L -48, 117, 37, -59, 116, 37, 64, 64, 64
L -59, 116, 37, -62, 116, 39, 64, 64, 64
L -62, 116, 39, -62, 126, 37, 64, 64, 64
L -62, 126, 37, -32, 157, 37, 64, 64, 64
L -32, 157, 37, -32, 144, 37, 64, 64, 64
L -32, 144, 37, -31, 143, 37, 64, 64, 64
L -31, 143, 37, -16, 144, 37, 64, 64, 64
L -16, 144, 37, -16, 160, 29, 64, 64, 64
L 38, 106, 37, 64, 106, 38, 64, 64, 64
L 64, 106, 38, 64, 116, 37, 64, 64, 64
L 64, 116, 37, 74, 116, 37, 64, 64, 64
L 74, 116, 37, 78, 116, 39, 64, 64, 64
L 78, 116, 39, 77, 126, 37, 64, 64, 64
L 77, 126, 37, 48, 157, 37, 64, 64, 64
L 48, 157, 37, 48, 143, 37, 64, 64, 64
L 48, 143, 37, 32, 144, 37, 64, 64, 64
L 32, 144, 37, 32, 160, 29, 64, 64, 64
L 32, 158, 30, -16, 158, 30, 64, 64, 64
L -16, 156, 31, 32, 156, 31, 64, 64, 64
L -16, 154, 32, 32, 154, 32, 64, 64, 64
L -16, 152, 33, 32, 152, 33, 64, 64, 64
L 32, 150, 34, -16, 150, 34, 64, 64, 64
L -16, 148, 35, 32, 148, 35, 64, 64, 64
L 32, 146, 36, -16, 146, 36, 64, 64, 64
L -22, 106, 37, 46, 106, 37, 64, 64, 64
L 30, 106, 37, 30, 116, 37, 0, 0, 255
L 30, 116, 37, 20, 126, 37, 0, 0, 255
L 20, 126, 37, -4, 126, 37, 0, 0, 255
L -4, 126, 37, -14, 116, 37, 0, 0, 255
L -14, 116, 37, -14, 106, 37, 0, 0, 255
L 272, 767, 50, 318, 767, 50, 0, 125, 0
L 304, 783, 51, 319, 768, 51, 0, 125, 0
L 336, 799, 54, 351, 784, 54, 0, 125, 0
L 352, 815, 58, 367, 800, 58, 0, 125, 0
L 368, 831, 64, 399, 831, 64, 0, 125, 0
L 305, 927, 64, 336, 927, 64, 64, 64, 64
L 336, 927, 64, 336, 959, 64, 64, 64, 64
L 336, 957, 64, 304, 957, 65, 64, 64, 64
L 304, 957, 65, 304, 941, 65, 64, 64, 64
L 304, 941, 65, 274, 941, 51, 64, 64, 64
L 274, 941, 51, 273, 941, 50, 64, 64, 64
L 273, 941, 50, 272, 941, 50, 64, 64, 64
L 272, 941, 50, 272, 944, 50, 64, 64, 64
L 272, 944, 50, 272, 944, 49, 64, 64, 64
L 272, 944, 49, 288, 944, 49, 64, 64, 64
L 271, 944, 49, 256, 944, 49, 64, 64, 64
L 256, 944, 49, 256, 991, 49, 60, 40, 0
L 256, 991, 49, 280, 991, 49, 60, 40, 0
L 280, 991, 49, 320, 1031, 49, 60, 40, 0
L 320, 1031, 49, 320, 1112, 49, 60, 40, 0
L 320, 1112, 49, 280, 1152, 49, 60, 40, 0
L 280, 1152, 49, 256, 1152, 49, 60, 40, 0
L 256, 1152, 49, 256, 1175, 49, 60, 40, 0
L 256, 1175, 49, 268, 1187, 49, 60, 40, 0
L 268, 1187, 49, 268, 1212, 49, 60, 40, 0
L 268, 1212, 49, 256, 1224, 49, 60, 40, 0
L 256, 1224, 49, 256, 1247, 49, 60, 40, 0
L 256, 1247, 49, 256, 1250, 48, 60, 40, 0
L 256, 1250, 48, 256, 1268, 41, 60, 40, 0
L 224, 1270, 40, 224, 1224, 49, 60, 40, 0
L 224, 1224, 49, 212, 1212, 49, 60, 40, 0
L 212, 1212, 49, 212, 1188, 49, 60, 40, 0
L 212, 1188, 49, 224, 1175, 49, 60, 40, 0
L 224, 1175, 49, 224, 1152, 49, 60, 40, 0
L 224, 1152, 49, 200, 1152, 49, 60, 40, 0
L 200, 1152, 49, 160, 1112, 49, 60, 40, 0
L 160, 1112, 49, 160, 1032, 49, 60, 40, 0
L 160, 1032, 49, 161, 1030, 49, 60, 40, 0
L 161, 1030, 49, 200, 991, 49, 60, 40, 0
L 200, 991, 49, 223, 991, 49, 60, 40, 0
L 223, 991, 49, 223, 912, 49, 60, 40, 0
L 302, 941, 64, 302, 928, 64, 64, 64, 64
L 300, 928, 63, 300, 941, 63, 64, 64, 64
L 298, 941, 62, 298, 928, 62, 64, 64, 64
L 296, 928, 61, 296, 941, 61, 64, 64, 64
L 294, 941, 60, 294, 928, 60, 64, 64, 64
L 292, 928, 59, 292, 941, 59, 64, 64, 64
L 290, 941, 58, 290, 928, 58, 64, 64, 64
L 288, 928, 57, 288, 941, 57, 64, 64, 64
L 286, 941, 56, 285, 927, 56, 64, 64, 64
L 284, 926, 55, 284, 941, 55, 64, 64, 64
L 282, 941, 54, 282, 925, 54, 64, 64, 64
L 280, 924, 53, 280, 941, 53, 64, 64, 64
L 278, 941, 52, 278, 923, 52, 64, 64, 64
L 276, 922, 51, 276, 941, 51, 64, 64, 64
L 274, 941, 50, 274, 921, 50, 64, 64, 64
L 309, 926, 64, 305, 927, 64, 0, 0, 0
L 305, 927, 64, 302, 928, 64, 0, 0, 0
L 302, 928, 65, 288, 928, 57, 0, 0, 0
L 288, 944, 49, 295, 959, 49, 0, 0, 0
L 295, 959, 49, 296, 960, 49, 0, 0, 0
L 296, 960, 49, 301, 968, 49, 0, 0, 0
L 301, 968, 49, 327, 969, 49, 0, 0, 0
L 327, 969, 49, 339, 979, 49, 0, 0, 0
L 339, 979, 49, 352, 1008, 49, 0, 0, 0
L 352, 1008, 49, 353, 1008, 49, 0, 0, 0
L 353, 1008, 49, 372, 1002, 59, 0, 0, 0
L 372, 1002, 59, 402, 1012, 68, 0, 0, 0
L 402, 1012, 68, 405, 1024, 65, 0, 0, 0
L 368, 1023, 49, 352, 1008, 49, 0, 0, 0
L 357, 1151, 49, 344, 1151, 49, 0, 0, 0
L 303, 1231, 49, 299, 1233, 49, 0, 0, 0
L 299, 1233, 49, 292, 1226, 49, 0, 0, 0
L 292, 1226, 49, 277, 1227, 49, 0, 0, 0
L 277, 1227, 49, 268, 1237, 49, 0, 0, 0
L 268, 1237, 49, 266, 1248, 48, 0, 0, 0
L 266, 1248, 48, 266, 1249, 48, 0, 0, 0
L 266, 1249, 48, 269, 1250, 48, 0, 0, 0
L 269, 1250, 48, 261, 1258, 45, 0, 0, 0
L 261, 1258, 45, 256, 1268, 41, 0, 0, 0
L 224, 1270, 40, 213, 1256, 45, 0, 0, 0
L 213, 1256, 45, 215, 1253, 47, 0, 0, 0
L 215, 1253, 47, 213, 1247, 49, 0, 0, 0
L 213, 1247, 49, 213, 1246, 49, 0, 0, 0
L 213, 1246, 49, 214, 1246, 49, 0, 0, 0
L 214, 1246, 49, 207, 1238, 49, 0, 0, 0
L 207, 1238, 49, 206, 1238, 49, 0, 0, 0
L 206, 1238, 49, 197, 1236, 49, 0, 0, 0
L 197, 1236, 49, 196, 1236, 49, 0, 0, 0
L 196, 1236, 49, 185, 1246, 49, 0, 0, 0
L 185, 1246, 49, 186, 1247, 49, 0, 0, 0
L 186, 1247, 49, 161, 1247, 49, 0, 0, 0
L 161, 1247, 49, 160, 1215, 49, 0, 0, 0
L 160, 1215, 49, 145, 1200, 49, 0, 0, 0
L 145, 1200, 49, 115, 1200, 59, 0, 0, 0
L 250, 1135, 49, 208, 1135, 49, 0, 127, 0
L 208, 1135, 49, 176, 1103, 49, 0, 127, 0
L 176, 1103, 49, 176, 1080, 49, 0, 127, 0
L 176, 1080, 49, 192, 1080, 49, 0, 127, 0
L 192, 1063, 49, 176, 1063, 49, 0, 127, 0
L 176, 1063, 49, 176, 1040, 49, 0, 127, 0
L 176, 1040, 49, 208, 1008, 49, 0, 127, 0
L 208, 1008, 49, 272, 1008, 49, 0, 127, 0
L 272, 1008, 49, 304, 1040, 49, 0, 127, 0
L 304, 1040, 49, 304, 1063, 49, 0, 127, 0
L 304, 1063, 49, 288, 1063, 49, 0, 127, 0
L 288, 1080, 49, 304, 1080, 49, 0, 127, 0
L 304, 1080, 49, 303, 1103, 49, 0, 127, 0
L 303, 1103, 49, 272, 1135, 49, 0, 127, 0
L 272, 1135, 49, 245, 1135, 49, 0, 127, 0
L 129, 1167, 50, 143, 1167, 49, 64, 64, 64
L 143, 1167, 49, 144, 1167, 49, 64, 64, 64
L 144, 1167, 49, 144, 1170, 49, 64, 64, 64
L 144, 1170, 49, 142, 1170, 49, 64, 64, 64
L 142, 1170, 49, 142, 1197, 49, 64, 64, 64
L 142, 1197, 49, 144, 1197, 49, 64, 64, 64
L 144, 1197, 49, 144, 1200, 49, 64, 64, 64
L 112, 1197, 64, 144, 1197, 49, 64, 64, 64
L 112, 1197, 64, 112, 1170, 64, 64, 64, 64
L 114, 1170, 63, 114, 1197, 63, 64, 64, 64
L 116, 1197, 62, 116, 1170, 62, 64, 64, 64
L 118, 1170, 61, 118, 1197, 61, 64, 64, 64
L 120, 1197, 60, 120, 1170, 60, 64, 64, 64
L 122, 1170, 59, 122, 1197, 59, 64, 64, 64
L 124, 1197, 58, 124, 1170, 58, 64, 64, 64
L 126, 1170, 57, 126, 1197, 57, 64, 64, 64
L 128, 1197, 56, 128, 1170, 56, 64, 64, 64
L 130, 1170, 55, 130, 1197, 55, 64, 64, 64
L 132, 1197, 54, 132, 1170, 54, 64, 64, 64
L 134, 1170, 53, 134, 1197, 53, 64, 64, 64
L 136, 1197, 52, 136, 1170, 52, 64, 64, 64
L 138, 1170, 51, 138, 1197, 51, 64, 64, 64
L 140, 1197, 50, 140, 1170, 50, 64, 64, 64
L 112, 1194, 65, 106, 1195, 65, 64, 64, 64
L 106, 1195, 65, 107, 1200, 64, 64, 64, 64
L 107, 1200, 64, 17, 1200, 64, 64, 64, 64
L 17, 1200, 64, 16, 1184, 64, 64, 64, 64
L 16, 1184, 65, 48, 1184, 65, 64, 64, 64
L 48, 1184, 65, 48, 1186, 65, 64, 64, 64
L 48, 1186, 65, 51, 1186, 65, 64, 64, 64
L 51, 1186, 65, 51, 1182, 65, 64, 64, 64
L 51, 1182, 65, 50, 1182, 65, 64, 64, 64
L 50, 1182, 65, 50, 1181, 65, 64, 64, 64
L 50, 1181, 65, 34, 1181, 65, 64, 64, 64
L 34, 1181, 65, 34, 1165, 65, 64, 64, 64
L 34, 1165, 65, 33, 1165, 65, 64, 64, 64
L 33, 1165, 65, 31, 1166, 65, 64, 64, 64
L 31, 1166, 65, 32, 1168, 65, 64, 64, 64
L 32, 1168, 65, 32, 1181, 65, 64, 64, 64
L 32, 1181, 65, 2, 1181, 65, 64, 64, 64
L 2, 1181, 65, 2, 1152, 65, 64, 64, 64
L 2, 1152, 65, 34, 1152, 65, 64, 64, 64
L 34, 1152, 65, 34, 1133, 65, 64, 64, 64
L 34, 1133, 65, 32, 1133, 65, 64, 64, 64
L 32, 1133, 65, 32, 1149, 65, 64, 64, 64
L 32, 1149, 65, 2, 1149, 65, 64, 64, 64
L 2, 1149, 65, 2, 1120, 65, 64, 64, 64
L 2, 1120, 65, 32, 1120, 65, 64, 64, 64
L 32, 1120, 65, 32, 1122, 65, 64, 64, 64
L 32, 1122, 65, 34, 1122, 65, 64, 64, 64
L 34, 1122, 65, 34, 1115, 65, 64, 64, 64
L 34, 1115, 65, 32, 1115, 65, 64, 64, 64
L 32, 1115, 65, 31, 1116, 65, 64, 64, 64
L 31, 1116, 65, 32, 1117, 65, 64, 64, 64
L 32, 1117, 65, 2, 1117, 65, 64, 64, 64
L 2, 1117, 65, 2, 1090, 65, 64, 64, 64
L 2, 1090, 65, 32, 1090, 65, 64, 64, 64
L 32, 1090, 65, 32, 1104, 65, 64, 64, 64
L 32, 1104, 65, 34, 1104, 65, 64, 64, 64
L 34, 1104, 65, 34, 1090, 65, 64, 64, 64
L 34, 1090, 65, 94, 1090, 65, 64, 64, 64
L 94, 1090, 65, 94, 1119, 65, 64, 64, 64
L 94, 1119, 65, 48, 1119, 65, 64, 64, 64
L 48, 1119, 65, 48, 1152, 65, 64, 64, 64
L 48, 1152, 65, 76, 1152, 65, 64, 64, 64
L 76, 1152, 65, 76, 1161, 65, 64, 64, 64
L 76, 1161, 65, 48, 1161, 65, 64, 64, 64
L 48, 1161, 65, 48, 1166, 65, 64, 64, 64
L 48, 1166, 65, 80, 1166, 65, 64, 64, 64
L 80, 1166, 65, 80, 1152, 65, 64, 64, 64
L 80, 1152, 65, 94, 1152, 65, 64, 64, 64
L 94, 1152, 65, 94, 1181, 65, 64, 64, 64
L 94, 1181, 65, 62, 1181, 65, 64, 64, 64
L 62, 1181, 65, 62, 1186, 65, 64, 64, 64
L 62, 1186, 65, 64, 1186, 65, 64, 64, 64
L 64, 1186, 65, 64, 1184, 65, 64, 64, 64
L 64, 1184, 65, 96, 1184, 65, 64, 64, 64
L 96, 1184, 65, 96, 1087, 65, 64, 64, 64
L 112, 1088, 63, 112, 1170, 64, 64, 64, 64
L 112, 1170, 64, 142, 1170, 49, 64, 64, 64
L 115, 1200, 59, 155, 1211, 49, 0, 0, 0
L 155, 1211, 49, 156, 1211, 49, 0, 0, 0
L 156, 1211, 49, 157, 1212, 49, 0, 0, 0
L 160, 1247, 49, 128, 1247, 59, 0, 0, 0
L 128, 1247, 59, 96, 1231, 64, 0, 0, 0
L 96, 1231, 64, 64, 1231, 64, 0, 0, 0
L 64, 1231, 64, 31, 1214, 64, 0, 0, 0
L 31, 1214, 64, 17, 1200, 64, 0, 0, 0
L 32, 1087, 65, 112, 1087, 65, 0, 0, 0
L 112, 1087, 65, 128, 1071, 49, 0, 0, 0
L 112, 1167, 64, 129, 1167, 50, 0, 0, 0
L 112, 1123, 63, 145, 1136, 49, 0, 0, 0
L 112, 1117, 63, 128, 1103, 49, 0, 0, 0
L 94, 1120, 81, 94, 1155, 65, 64, 64, 64
L 80, 1090, 81, 80, 1153, 65, 64, 64, 64
L 80, 1124, 79, 94, 1124, 79, 64, 64, 64
L 94, 1126, 78, 80, 1126, 78, 64, 64, 64
L 80, 1128, 77, 94, 1128, 77, 64, 64, 64
L 94, 1130, 76, 80, 1130, 76, 64, 64, 64
L 80, 1132, 75, 94, 1132, 75, 64, 64, 64
L 94, 1134, 74, 80, 1134, 74, 64, 64, 64
L 80, 1136, 73, 94, 1136, 73, 64, 64, 64
L 94, 1138, 72, 80, 1138, 72, 64, 64, 64
L 80, 1140, 71, 94, 1140, 71, 64, 64, 64
L 94, 1142, 70, 80, 1142, 70, 64, 64, 64
L 80, 1144, 69, 94, 1144, 69, 64, 64, 64
L 94, 1146, 68, 80, 1146, 68, 64, 64, 64
L 80, 1148, 67, 94, 1148, 67, 64, 64, 64
L 94, 1150, 66, 80, 1150, 66, 64, 64, 64
L 94, 1122, 80, 80, 1122, 80, 64, 64, 64
L 80, 1090, 81, 110, 1090, 81, 64, 64, 64
L 110, 1090, 81, 110, 1197, 81, 64, 64, 64
L 110, 1197, 81, 34, 1197, 81, 64, 64, 64
L 34, 1197, 81, 34, 1165, 81, 64, 64, 64
L 34, 1165, 81, 32, 1165, 81, 64, 64, 64
L 32, 1165, 81, 32, 1181, 81, 64, 64, 64
L 32, 1181, 81, 2, 1181, 81, 64, 64, 64
L 2, 1181, 81, 2, 1152, 81, 64, 64, 64
L 2, 1152, 81, 32, 1152, 81, 64, 64, 64
L 32, 1152, 81, 32, 1154, 81, 64, 64, 64
L 32, 1154, 81, 33, 1154, 81, 64, 64, 64
L 33, 1154, 81, 34, 1153, 81, 64, 64, 64
L 34, 1153, 81, 34, 1133, 81, 64, 64, 64
L 34, 1133, 81, 32, 1133, 81, 64, 64, 64
L 32, 1133, 81, 31, 1134, 81, 64, 64, 64
L 31, 1134, 81, 32, 1149, 81, 64, 64, 64
L 32, 1149, 81, 2, 1149, 81, 64, 64, 64
L 2, 1149, 81, 2, 1120, 81, 64, 64, 64
L 2, 1120, 81, 32, 1120, 81, 64, 64, 64
L 32, 1120, 81, 32, 1122, 81, 64, 64, 64
L 32, 1122, 81, 34, 1122, 81, 64, 64, 64
L 34, 1122, 81, 34, 1115, 81, 64, 64, 64
L 34, 1115, 81, 32, 1115, 81, 64, 64, 64
L 32, 1115, 81, 32, 1117, 81, 64, 64, 64
L 32, 1117, 81, 2, 1117, 81, 64, 64, 64
L 2, 1117, 81, 2, 1090, 81, 64, 64, 64
L 2, 1090, 81, 32, 1090, 81, 64, 64, 64
L 32, 1090, 81, 32, 1104, 81, 64, 64, 64
L 32, 1102, 81, 32, 1104, 81, 64, 64, 64
L 32, 1104, 81, 34, 1104, 81, 64, 64, 64
L 34, 1104, 81, 35, 1103, 81, 64, 64, 64
L 35, 1103, 81, 34, 1090, 81, 64, 64, 64
L 34, 1090, 81, 48, 1090, 81, 64, 64, 64
L 48, 1090, 81, 48, 1094, 81, 64, 64, 64
L 48, 1094, 81, 50, 1094, 81, 64, 64, 64
L 50, 1094, 81, 50, 1090, 81, 64, 64, 64
L 50, 1090, 81, 78, 1090, 81, 64, 64, 64
L 78, 1090, 81, 78, 1119, 81, 64, 64, 64
L 78, 1119, 81, 50, 1119, 81, 64, 64, 64
L 50, 1119, 81, 50, 1105, 81, 64, 64, 64
L 50, 1105, 81, 48, 1105, 81, 64, 64, 64
L 48, 1105, 81, 48, 1125, 81, 64, 64, 64
L 48, 1125, 81, 53, 1125, 81, 64, 64, 64
L 51, 1125, 81, 52, 1125, 81, 64, 64, 64
L 52, 1125, 81, 52, 1146, 81, 64, 64, 64
L 52, 1146, 81, 49, 1146, 81, 64, 64, 64
L 49, 1146, 81, 47, 1147, 81, 64, 64, 64
L 47, 1147, 81, 48, 1168, 81, 64, 64, 64
L 48, 1168, 81, 50, 1168, 81, 64, 64, 64
L 50, 1168, 81, 50, 1152, 81, 64, 64, 64
L 50, 1152, 81, 78, 1152, 81, 64, 64, 64
L 78, 1152, 81, 78, 1181, 81, 64, 64, 64
L 78, 1181, 81, 50, 1181, 81, 64, 64, 64
L 50, 1181, 81, 50, 1179, 81, 64, 64, 64
L 50, 1179, 81, 48, 1179, 81, 64, 64, 64
L 48, 1179, 81, 48, 1184, 81, 64, 64, 64
L 48, 1184, 81, 96, 1184, 81, 64, 64, 64
L 96, 1184, 81, 96, 1115, 81, 64, 64, 64
L 96, 1115, 81, 94, 1115, 81, 64, 64, 64
L 94, 1115, 81, 94, 1122, 80, 64, 64, 64
L 73, 1127, 65, 55, 1127, 65, 0, 127, 0
L 55, 1127, 65, 55, 1144, 65, 0, 127, 0
L 55, 1144, 65, 73, 1144, 65, 0, 127, 0
L 73, 1144, 65, 73, 1127, 65, 0, 127, 0
L 73, 1127, 65, 69, 1127, 65, 0, 127, 0
L 368, 1023, 49, 351, 1023, 49, 64, 64, 64
L 351, 1023, 49, 351, 1039, 49, 64, 64, 64
L 351, 1039, 49, 350, 1039, 49, 64, 64, 64
L 350, 1039, 49, 350, 1056, 49, 64, 64, 64
L 350, 1056, 49, 351, 1056, 49, 64, 64, 64
L 351, 1056, 49, 351, 1120, 49, 64, 64, 64
L 351, 1120, 49, 357, 1120, 49, 64, 64, 64
L 357, 1120, 49, 357, 1151, 49, 64, 64, 64
L 344, 1151, 49, 344, 1147, 49, 64, 64, 64
L 344, 1147, 49, 340, 1144, 49, 64, 64, 64
L 340, 1144, 49, 340, 1143, 49, 64, 64, 64
L 340, 1143, 49, 333, 1143, 49, 64, 64, 64
L 333, 1143, 49, 331, 1144, 49, 64, 64, 64
L 331, 1144, 49, 328, 1147, 49, 64, 64, 64
L 328, 1147, 49, 328, 1151, 49, 64, 64, 64
L 328, 1151, 49, 304, 1151, 49, 64, 64, 64
L 304, 1151, 49, 304, 1167, 49, 64, 64, 64
L 304, 1167, 49, 302, 1167, 49, 64, 64, 64
L 302, 1167, 49, 302, 1184, 49, 64, 64, 64
L 302, 1184, 49, 304, 1184, 49, 64, 64, 64
L 304, 1184, 49, 303, 1231, 49, 64, 64, 64
L 306, 1192, 49, 306, 1227, 49, 64, 64, 64
L 306, 1227, 49, 308, 1227, 49, 64, 64, 64
L 308, 1227, 49, 308, 1229, 49, 64, 64, 64
L 308, 1229, 49, 363, 1229, 49, 64, 64, 64
L 363, 1229, 49, 363, 1227, 49, 64, 64, 64
L 363, 1227, 49, 365, 1227, 49, 64, 64, 64
L 365, 1227, 49, 365, 1194, 49, 64, 64, 64
L 365, 1194, 49, 352, 1194, 49, 64, 64, 64
L 352, 1194, 49, 351, 1191, 49, 64, 64, 64
L 351, 1191, 49, 353, 1191, 49, 64, 64, 64
L 353, 1191, 49, 353, 1168, 49, 64, 64, 64
L 353, 1168, 49, 354, 1167, 49, 64, 64, 64
L 354, 1167, 49, 356, 1167, 49, 64, 64, 64
L 356, 1167, 49, 356, 1169, 49, 64, 64, 64
L 356, 1169, 49, 365, 1169, 49, 64, 64, 64
L 365, 1169, 49, 365, 1156, 49, 64, 64, 64
L 365, 1156, 49, 363, 1156, 49, 64, 64, 64
L 363, 1156, 49, 363, 1154, 49, 64, 64, 64
L 363, 1154, 49, 356, 1154, 49, 64, 64, 64
L 356, 1154, 49, 356, 1156, 49, 64, 64, 64
L 356, 1156, 49, 354, 1156, 49, 64, 64, 64
L 354, 1156, 49, 353, 1154, 49, 64, 64, 64
L 353, 1154, 49, 344, 1154, 49, 64, 64, 64
L 344, 1154, 49, 344, 1156, 49, 64, 64, 64
L 344, 1156, 49, 340, 1160, 49, 64, 64, 64
L 340, 1160, 49, 332, 1160, 49, 64, 64, 64
L 332, 1160, 49, 328, 1156, 49, 64, 64, 64
L 328, 1156, 49, 326, 1156, 49, 64, 64, 64
L 326, 1156, 49, 326, 1189, 49, 64, 64, 64
L 326, 1189, 49, 338, 1189, 49, 64, 64, 64
L 338, 1189, 49, 340, 1191, 49, 64, 64, 64
L 340, 1191, 49, 340, 1194, 49, 64, 64, 64
L 340, 1194, 49, 322, 1194, 49, 64, 64, 64
L 322, 1194, 49, 322, 1154, 49, 64, 64, 64
L 322, 1154, 49, 308, 1154, 49, 64, 64, 64
L 308, 1154, 49, 308, 1156, 49, 64, 64, 64
L 308, 1156, 49, 306, 1156, 49, 64, 64, 64
L 306, 1156, 49, 306, 1196, 49, 64, 64, 64
L 365, 1213, 65, 365, 1161, 49, 64, 64, 64
L 356, 1186, 65, 356, 1170, 50, 64, 64, 64
L 356, 1170, 50, 356, 1175, 55, 64, 64, 64
L 365, 1184, 64, 356, 1184, 64, 64, 64, 64
L 356, 1183, 63, 365, 1183, 63, 64, 64, 64
L 365, 1182, 62, 356, 1182, 62, 64, 64, 64
L 356, 1181, 61, 365, 1181, 61, 64, 64, 64
L 365, 1180, 60, 356, 1180, 60, 64, 64, 64
L 356, 1179, 59, 365, 1179, 59, 64, 64, 64
L 365, 1178, 58, 356, 1178, 58, 64, 64, 64
L 356, 1177, 57, 365, 1177, 57, 64, 64, 64
L 365, 1176, 56, 356, 1176, 56, 64, 64, 64
L 356, 1175, 55, 365, 1175, 55, 64, 64, 64
L 365, 1174, 54, 356, 1174, 54, 64, 64, 64
L 356, 1173, 53, 365, 1173, 53, 64, 64, 64
L 365, 1172, 52, 356, 1172, 52, 64, 64, 64
L 356, 1171, 51, 365, 1171, 51, 64, 64, 64
L 365, 1170, 50, 356, 1170, 50, 64, 64, 64
L 365, 1213, 65, 363, 1213, 65, 64, 64, 64
L 363, 1213, 65, 363, 1215, 65, 64, 64, 64
L 363, 1215, 65, 333, 1229, 65, 64, 64, 64
L 333, 1229, 65, 308, 1229, 65, 64, 64, 64
L 308, 1229, 65, 308, 1227, 65, 64, 64, 64
L 308, 1227, 65, 306, 1227, 65, 64, 64, 64
L 306, 1227, 65, 306, 1156, 65, 64, 64, 64
L 306, 1156, 65, 308, 1156, 65, 64, 64, 64
L 308, 1156, 65, 308, 1154, 65, 64, 64, 64
L 308, 1154, 65, 332, 1154, 65, 64, 64, 64
L 332, 1154, 65, 332, 1156, 65, 64, 64, 64
L 332, 1156, 65, 340, 1156, 65, 64, 64, 64
L 340, 1156, 65, 340, 1154, 65, 64, 64, 64
L 340, 1154, 65, 353, 1154, 65, 64, 64, 64
L 353, 1154, 65, 353, 1188, 65, 64, 64, 64
L 353, 1186, 65, 353, 1188, 65, 64, 64, 64
L 353, 1188, 65, 356, 1188, 65, 64, 64, 64
L 356, 1188, 65, 356, 1187, 65, 64, 64, 64
L 356, 1187, 65, 356, 1184, 64, 64, 64, 64
L 354, 1051, 49, 354, 1109, 49, 64, 64, 64
L 354, 1109, 49, 362, 1109, 49, 64, 64, 64
L 362, 1117, 49, 362, 1109, 49, 64, 64, 64
L 362, 1116, 49, 362, 1117, 49, 64, 64, 64
L 362, 1117, 49, 405, 1117, 49, 64, 64, 64
L 405, 1117, 49, 405, 1110, 49, 64, 64, 64
L 405, 1110, 49, 406, 1109, 49, 64, 64, 64
L 406, 1109, 49, 416, 1109, 49, 64, 64, 64
L 416, 1109, 49, 416, 1117, 49, 64, 64, 64
L 416, 1117, 49, 477, 1117, 49, 64, 64, 64
L 477, 1117, 49, 477, 1090, 49, 64, 64, 64
L 477, 1090, 49, 430, 1090, 49, 64, 64, 64
L 430, 1090, 49, 429, 1087, 49, 64, 64, 64
L 429, 1087, 49, 430, 1085, 49, 64, 64, 64
L 430, 1085, 49, 433, 1085, 49, 64, 64, 64
L 433, 1085, 49, 433, 1074, 49, 64, 64, 64
L 433, 1074, 49, 430, 1074, 49, 64, 64, 64
L 430, 1074, 49, 414, 1058, 49, 64, 64, 64
L 414, 1058, 49, 412, 1058, 49, 64, 64, 64
L 412, 1058, 49, 412, 1078, 49, 64, 64, 64
L 412, 1078, 49, 381, 1078, 49, 64, 64, 64
L 381, 1078, 49, 381, 1075, 49, 64, 64, 64
L 381, 1075, 49, 384, 1073, 49, 64, 64, 64
L 384, 1073, 49, 407, 1073, 49, 64, 64, 64
L 407, 1073, 49, 407, 1062, 49, 64, 64, 64
L 407, 1062, 49, 383, 1062, 49, 64, 64, 64
L 383, 1062, 49, 383, 1058, 49, 64, 64, 64
L 383, 1058, 49, 382, 1058, 49, 64, 64, 64
L 382, 1058, 49, 382, 1055, 49, 64, 64, 64
L 382, 1055, 49, 413, 1055, 49, 64, 64, 64
L 413, 1055, 49, 413, 1034, 49, 64, 64, 64
L 413, 1034, 49, 406, 1034, 49, 64, 64, 64
L 406, 1034, 49, 405, 1026, 49, 64, 64, 64
L 405, 1026, 49, 368, 1026, 49, 64, 64, 64
L 368, 1026, 49, 368, 1055, 49, 64, 64, 64
L 368, 1055, 49, 370, 1055, 49, 64, 64, 64
L 370, 1055, 49, 370, 1058, 49, 64, 64, 64
L 370, 1058, 49, 368, 1058, 49, 64, 64, 64
L 368, 1058, 49, 368, 1075, 49, 64, 64, 64
L 368, 1075, 49, 370, 1075, 49, 64, 64, 64
L 370, 1075, 49, 370, 1078, 49, 64, 64, 64
L 370, 1078, 49, 368, 1078, 49, 64, 64, 64
L 368, 1078, 49, 368, 1088, 49, 64, 64, 64
L 368, 1088, 49, 366, 1088, 49, 64, 64, 64
L 366, 1088, 49, 365, 1026, 49, 64, 64, 64
L 365, 1026, 49, 362, 1026, 49, 64, 64, 64
L 362, 1026, 49, 362, 1034, 49, 64, 64, 64
L 362, 1034, 49, 354, 1034, 49, 64, 64, 64
L 354, 1034, 49, 354, 1059, 49, 64, 64, 64
L 463, 1074, 64, 433, 1074, 49, 64, 64, 64
L 463, 1085, 64, 431, 1085, 49, 64, 64, 64
L 479, 1089, 65, 479, 1117, 65, 64, 64, 64
L 479, 1117, 65, 477, 1117, 65, 64, 64, 64
L 477, 1117, 65, 477, 1119, 65, 64, 64, 64
L 477, 1119, 65, 416, 1119, 65, 64, 64, 64
L 416, 1119, 65, 416, 1109, 65, 64, 64, 64
L 416, 1109, 65, 406, 1109, 65, 64, 64, 64
L 406, 1109, 65, 405, 1110, 65, 64, 64, 64
L 405, 1110, 65, 405, 1119, 65, 64, 64, 64
L 405, 1119, 65, 362, 1119, 65, 64, 64, 64
L 362, 1119, 65, 362, 1109, 65, 64, 64, 64
L 362, 1109, 65, 353, 1109, 65, 64, 64, 64
L 353, 1109, 65, 353, 1034, 65, 64, 64, 64
L 353, 1034, 65, 362, 1034, 65, 64, 64, 64
L 362, 1034, 65, 362, 1024, 65, 64, 64, 64
L 405, 1024, 65, 362, 1024, 65, 64, 64, 64
L 405, 1024, 65, 405, 1034, 65, 64, 64, 64
L 405, 1034, 65, 415, 1034, 65, 64, 64, 64
L 415, 1034, 65, 415, 1053, 65, 64, 64, 64
L 415, 1053, 65, 414, 1053, 65, 64, 64, 64
L 414, 1053, 65, 413, 1055, 65, 64, 64, 64
L 413, 1055, 65, 414, 1056, 65, 64, 64, 64
L 414, 1056, 65, 418, 1056, 65, 64, 64, 64
L 418, 1056, 65, 431, 1072, 65, 64, 64, 64
L 431, 1072, 65, 431, 1074, 65, 64, 64, 64
L 431, 1074, 65, 463, 1074, 64, 64, 64, 64
L 433, 1074, 65, 433, 1085, 65, 64, 64, 64
L 432, 1088, 65, 431, 1086, 65, 64, 64, 64
L 431, 1086, 65, 432, 1085, 65, 64, 64, 64
L 432, 1085, 65, 434, 1085, 65, 64, 64, 64
L 434, 1085, 65, 434, 1085, 64, 64, 64, 64
L 434, 1085, 64, 463, 1085, 64, 64, 64, 64
L 433, 1088, 65, 434, 1088, 65, 64, 64, 64
L 434, 1088, 65, 434, 1086, 65, 64, 64, 64
L 463, 1085, 64, 463, 1074, 64, 64, 64, 64
L 461, 1074, 63, 461, 1085, 63, 64, 64, 64
L 459, 1085, 62, 459, 1074, 62, 64, 64, 64
L 458, 1074, 61, 457, 1085, 61, 64, 64, 64
L 455, 1085, 60, 455, 1074, 60, 64, 64, 64
L 454, 1074, 59, 453, 1085, 59, 64, 64, 64
L 451, 1085, 58, 451, 1074, 58, 64, 64, 64
L 449, 1074, 57, 449, 1085, 57, 64, 64, 64
L 447, 1085, 56, 447, 1074, 56, 64, 64, 64
L 445, 1074, 55, 445, 1085, 55, 64, 64, 64
L 443, 1085, 54, 443, 1074, 54, 64, 64, 64
L 441, 1074, 53, 441, 1085, 53, 64, 64, 64
L 439, 1085, 52, 439, 1074, 52, 64, 64, 64
L 437, 1074, 51, 437, 1085, 51, 64, 64, 64
L 435, 1085, 50, 435, 1074, 50, 64, 64, 64
L 433, 1074, 49, 433, 1085, 49, 64, 64, 64
L 288, 1063, 49, 288, 1048, 49, 64, 64, 64
L 288, 1048, 49, 264, 1023, 49, 64, 64, 64
L 264, 1023, 49, 215, 1023, 49, 64, 64, 64
L 215, 1023, 49, 191, 1048, 49, 64, 64, 64
L 191, 1048, 49, 192, 1063, 49, 64, 64, 64
L 192, 1080, 49, 192, 1096, 49, 64, 64, 64
L 192, 1096, 49, 216, 1120, 49, 64, 64, 64
L 216, 1120, 49, 263, 1120, 49, 64, 64, 64
L 263, 1120, 49, 265, 1119, 49, 64, 64, 64
L 265, 1119, 49, 288, 1095, 49, 64, 64, 64
L 288, 1095, 49, 288, 1080, 49, 64, 64, 64
L 285, 1093, 49, 262, 1117, 49, 64, 64, 64
L 262, 1117, 49, 256, 1117, 49, 64, 64, 64
L 256, 1117, 49, 256, 1101, 49, 64, 64, 64
L 256, 1101, 49, 222, 1101, 49, 64, 64, 64
L 222, 1101, 49, 222, 1117, 49, 64, 64, 64
L 222, 1117, 49, 218, 1117, 49, 64, 64, 64
L 218, 1117, 49, 194, 1093, 49, 64, 64, 64
L 194, 1093, 49, 194, 1050, 49, 64, 64, 64
L 194, 1050, 49, 218, 1026, 49, 64, 64, 64
L 218, 1026, 49, 224, 1026, 49, 64, 64, 64
L 224, 1026, 49, 224, 1042, 49, 64, 64, 64
L 224, 1042, 49, 258, 1042, 49, 64, 64, 64
L 258, 1042, 49, 258, 1026, 49, 64, 64, 64
L 258, 1026, 49, 261, 1026, 49, 64, 64, 64
L 261, 1026, 49, 286, 1050, 49, 64, 64, 64
L 286, 1050, 49, 285, 1094, 49, 64, 64, 64
L 272, 1076, 49, 272, 1080, 49, 64, 64, 64
L 272, 1080, 49, 264, 1088, 49, 64, 64, 64
L 264, 1088, 49, 262, 1088, 49, 64, 64, 64
L 262, 1088, 49, 262, 1085, 49, 64, 64, 64
L 262, 1085, 49, 270, 1077, 49, 64, 64, 64
L 270, 1077, 49, 270, 1066, 49, 64, 64, 64
L 270, 1066, 49, 262, 1058, 49, 64, 64, 64
L 262, 1058, 49, 262, 1055, 49, 64, 64, 64
L 262, 1055, 49, 264, 1055, 49, 64, 64, 64
L 264, 1055, 49, 272, 1063, 49, 64, 64, 64
L 272, 1063, 49, 272, 1078, 49, 64, 64, 64
L 214, 1081, 49, 218, 1085, 49, 64, 64, 64
L 218, 1085, 49, 218, 1088, 49, 64, 64, 64
L 218, 1088, 49, 216, 1088, 49, 64, 64, 64
L 216, 1088, 49, 208, 1080, 49, 64, 64, 64
L 208, 1080, 49, 208, 1064, 49, 64, 64, 64
L 208, 1064, 49, 216, 1055, 49, 64, 64, 64
L 216, 1055, 49, 218, 1055, 49, 64, 64, 64
L 218, 1055, 49, 218, 1058, 49, 64, 64, 64
L 218, 1058, 49, 211, 1065, 49, 64, 64, 64
L 211, 1065, 49, 210, 1077, 49, 64, 64, 64
L 210, 1077, 49, 216, 1083, 49, 64, 64, 64
L 218, 1117, 65, 258, 1117, 49, 64, 64, 64
L 224, 1104, 65, 256, 1104, 49, 64, 64, 64
L 226, 1117, 64, 226, 1104, 64, 64, 64, 64
L 228, 1104, 63, 228, 1117, 63, 64, 64, 64
L 230, 1117, 62, 230, 1104, 62, 64, 64, 64
L 232, 1104, 61, 232, 1117, 61, 64, 64, 64
L 234, 1117, 60, 234, 1104, 60, 64, 64, 64
L 236, 1104, 59, 236, 1117, 59, 64, 64, 64
L 238, 1117, 58, 238, 1104, 58, 64, 64, 64
L 240, 1104, 57, 240, 1117, 57, 64, 64, 64
L 242, 1117, 56, 242, 1104, 56, 64, 64, 64
L 244, 1104, 55, 244, 1117, 55, 64, 64, 64
L 246, 1117, 54, 246, 1104, 54, 64, 64, 64
L 248, 1104, 53, 248, 1117, 53, 64, 64, 64
L 250, 1117, 52, 250, 1104, 52, 64, 64, 64
L 252, 1104, 51, 252, 1117, 51, 64, 64, 64
L 254, 1117, 50, 254, 1104, 50, 64, 64, 64
L 218, 1117, 65, 194, 1093, 65, 64, 64, 64
L 194, 1093, 65, 194, 1088, 65, 64, 64, 64
L 194, 1088, 65, 218, 1088, 65, 64, 64, 64
L 218, 1088, 65, 218, 1086, 65, 64, 64, 64
L 218, 1086, 65, 262, 1086, 65, 64, 64, 64
L 262, 1086, 65, 262, 1088, 65, 64, 64, 64
L 262, 1088, 65, 264, 1088, 65, 64, 64, 64
L 264, 1088, 65, 272, 1080, 65, 64, 64, 64
L 272, 1080, 65, 272, 1063, 65, 64, 64, 64
L 272, 1063, 65, 264, 1056, 65, 64, 64, 64
L 264, 1056, 65, 264, 1055, 65, 64, 64, 64
L 264, 1055, 65, 262, 1055, 65, 64, 64, 64
L 262, 1055, 65, 262, 1057, 65, 64, 64, 64
L 262, 1057, 65, 218, 1057, 65, 64, 64, 64
L 218, 1057, 65, 218, 1055, 65, 64, 64, 64
L 218, 1055, 65, 194, 1055, 65, 64, 64, 64
L 194, 1055, 65, 195, 1050, 65, 64, 64, 64
L 195, 1050, 65, 202, 1042, 65, 64, 64, 64
L 202, 1042, 65, 258, 1042, 65, 64, 64, 64
L 258, 1042, 65, 258, 1039, 65, 64, 64, 64
L 224, 1039, 50, 258, 1039, 65, 64, 64, 64
L 224, 1026, 49, 258, 1026, 65, 64, 64, 64
L 258, 1026, 65, 262, 1026, 65, 64, 64, 64
L 262, 1026, 65, 286, 1050, 65, 64, 64, 64
L 286, 1050, 65, 286, 1093, 65, 64, 64, 64
L 286, 1093, 65, 277, 1101, 65, 64, 64, 64
L 277, 1101, 65, 222, 1101, 65, 64, 64, 64
L 222, 1101, 65, 221, 1102, 65, 64, 64, 64
L 221, 1102, 65, 222, 1104, 65, 64, 64, 64
L 222, 1104, 65, 226, 1104, 65, 64, 64, 64
L 254, 1039, 64, 254, 1026, 64, 64, 64, 64
L 252, 1026, 63, 252, 1039, 63, 64, 64, 64
L 250, 1039, 62, 250, 1026, 62, 64, 64, 64
L 248, 1026, 61, 248, 1039, 61, 64, 64, 64
L 246, 1039, 60, 246, 1026, 60, 64, 64, 64
L 244, 1026, 59, 244, 1039, 59, 64, 64, 64
L 242, 1039, 58, 242, 1026, 58, 64, 64, 64
L 240, 1026, 57, 240, 1039, 57, 64, 64, 64
L 238, 1039, 56, 238, 1026, 56, 64, 64, 64
L 236, 1026, 55, 236, 1039, 55, 64, 64, 64
L 234, 1039, 54, 234, 1026, 54, 64, 64, 64
L 232, 1026, 53, 232, 1039, 53, 64, 64, 64
L 230, 1039, 52, 230, 1026, 52, 64, 64, 64
L 228, 1026, 51, 228, 1039, 51, 64, 64, 64
L 226, 1039, 50, 226, 1026, 50, 64, 64, 64
L 194, 1051, 81, 194, 1089, 65, 64, 64, 64
L 215, 1056, 81, 210, 1061, 79, 64, 64, 64
L 210, 1061, 79, 209, 1062, 78, 64, 64, 64
L 209, 1062, 78, 208, 1063, 78, 64, 64, 64
L 208, 1063, 78, 208, 1079, 70, 64, 64, 64
L 208, 1079, 70, 208, 1080, 69, 64, 64, 64
L 208, 1080, 69, 216, 1088, 65, 64, 64, 64
L 194, 1058, 80, 213, 1058, 80, 64, 64, 64
L 211, 1060, 79, 194, 1060, 79, 64, 64, 64
L 194, 1062, 78, 209, 1062, 78, 64, 64, 64
L 208, 1064, 77, 194, 1064, 77, 64, 64, 64
L 194, 1066, 76, 208, 1066, 76, 64, 64, 64
L 208, 1068, 75, 194, 1068, 75, 64, 64, 64
L 194, 1070, 74, 208, 1070, 74, 64, 64, 64
L 208, 1072, 73, 194, 1072, 73, 64, 64, 64
L 194, 1074, 72, 208, 1074, 72, 64, 64, 64
L 208, 1076, 71, 194, 1076, 71, 64, 64, 64
L 194, 1078, 70, 208, 1078, 70, 64, 64, 64
L 208, 1080, 69, 194, 1080, 69, 64, 64, 64
L 194, 1082, 68, 210, 1082, 68, 64, 64, 64
L 212, 1084, 67, 194, 1084, 67, 64, 64, 64
L 194, 1086, 66, 214, 1086, 66, 64, 64, 64
L 218, 1086, 81, 218, 1117, 81, 64, 64, 64
L 218, 1117, 81, 262, 1117, 81, 64, 64, 64
L 262, 1117, 81, 286, 1093, 81, 64, 64, 64
L 286, 1093, 81, 286, 1050, 81, 64, 64, 64
L 286, 1050, 81, 262, 1026, 81, 64, 64, 64
L 262, 1026, 81, 218, 1026, 81, 64, 64, 64
L 218, 1026, 81, 194, 1050, 81, 64, 64, 64
L 194, 1050, 81, 194, 1052, 81, 64, 64, 64
L 214, 1057, 81, 215, 1055, 81, 64, 64, 64
L 215, 1055, 81, 218, 1055, 81, 64, 64, 64
L 218, 1055, 81, 218, 1058, 81, 64, 64, 64
L 218, 1058, 81, 262, 1057, 81, 64, 64, 64
L 262, 1057, 81, 262, 1055, 81, 64, 64, 64
L 262, 1055, 81, 264, 1055, 81, 64, 64, 64
L 264, 1055, 81, 272, 1063, 81, 64, 64, 64
L 272, 1063, 81, 272, 1080, 81, 64, 64, 64
L 272, 1080, 81, 265, 1087, 81, 64, 64, 64
L 265, 1087, 81, 263, 1088, 81, 64, 64, 64
L 263, 1088, 81, 262, 1088, 81, 64, 64, 64
L 262, 1088, 81, 262, 1086, 81, 64, 64, 64
L 262, 1086, 81, 218, 1086, 81, 64, 64, 64
L 218, 1086, 81, 218, 1088, 81, 64, 64, 64
L 256, 1248, 48, 255, 1247, 50, 64, 64, 64
L 255, 1247, 50, 253, 1247, 50, 64, 64, 64
L 253, 1247, 50, 254, 1253, 48, 64, 64, 64
L 254, 1253, 48, 254, 1280, 34, 64, 64, 64
L 224, 1247, 49, 226, 1247, 50, 64, 64, 64
L 226, 1247, 50, 226, 1248, 50, 64, 64, 64
L 226, 1248, 50, 226, 1280, 34, 64, 64, 64
L 185, 1424, 31, 191, 1424, 31, 64, 64, 64
L 191, 1424, 31, 193, 1423, 30, 64, 64, 64
L 193, 1423, 30, 208, 1408, 30, 64, 64, 64
L 208, 1408, 30, 208, 1392, 30, 64, 64, 64
L 208, 1392, 30, 249, 1392, 29, 64, 64, 64
L 260, 1392, 29, 288, 1392, 28, 64, 64, 64
L 288, 1392, 28, 288, 1408, 28, 64, 64, 64
L 288, 1408, 28, 300, 1420, 27, 64, 64, 64
L 300, 1420, 27, 307, 1424, 27, 64, 64, 64
L 307, 1424, 27, 318, 1424, 27, 64, 64, 64
L 306, 1398, 33, 306, 1405, 33, 64, 64, 64
L 306, 1405, 33, 316, 1405, 33, 64, 64, 64
L 316, 1405, 33, 316, 1395, 33, 64, 64, 64
L 316, 1395, 33, 306, 1395, 33, 64, 64, 64
L 306, 1395, 33, 306, 1399, 33, 64, 64, 64
L 306, 1401, 36, 316, 1401, 33, 64, 64, 64
L 306, 1400, 33, 316, 1400, 33, 64, 64, 64
L 316, 1397, 34, 306, 1397, 33, 64, 64, 64
L 254, 1250, 49, 226, 1250, 49, 64, 64, 64
L 226, 1252, 48, 254, 1252, 48, 64, 64, 64
L 254, 1254, 47, 226, 1254, 47, 64, 64, 64
L 226, 1256, 46, 254, 1256, 46, 64, 64, 64
L 254, 1258, 45, 226, 1258, 45, 64, 64, 64
L 226, 1260, 44, 254, 1260, 44, 64, 64, 64
L 254, 1262, 43, 226, 1262, 43, 64, 64, 64
L 226, 1264, 42, 254, 1264, 42, 64, 64, 64
L 254, 1266, 41, 226, 1266, 41, 64, 64, 64
L 226, 1268, 40, 254, 1268, 40, 64, 64, 64
L 254, 1270, 39, 226, 1270, 39, 64, 64, 64
L 226, 1272, 38, 254, 1272, 38, 64, 64, 64
L 254, 1274, 37, 226, 1274, 37, 64, 64, 64
L 226, 1276, 36, 254, 1276, 36, 64, 64, 64
L 254, 1278, 35, 226, 1278, 35, 64, 64, 64
L 254, 1280, 33, 226, 1280, 33, 64, 64, 64
L 215, 1295, 33, 208, 1295, 33, 0, 0, 0
L 208, 1295, 33, 192, 1311, 33, 0, 0, 0
L 192, 1311, 33, 192, 1328, 33, 0, 0, 0
L 192, 1328, 33, 207, 1344, 33, 0, 0, 0
L 207, 1344, 33, 224, 1344, 33, 0, 0, 0
L 224, 1344, 33, 256, 1360, 33, 0, 0, 0
L 256, 1360, 33, 272, 1360, 33, 0, 0, 0
L 272, 1360, 33, 288, 1327, 33, 0, 0, 0
L 288, 1327, 33, 288, 1311, 33, 0, 0, 0
L 288, 1311, 33, 272, 1295, 33, 0, 0, 0
L 272, 1295, 33, 213, 1295, 33, 0, 0, 0
L 352, 896, 64, 399, 912, 64, 0, 127, 0
L 188, 778, 50, 188, 797, 52, 0, 127, 0
L 202, 783, 50, 197, 777, 50, 0, 127, 0
L 172, 783, 50, 179, 778, 50, 0, 127, 0
L 164, 783, 50, 172, 776, 50, 0, 127, 0
L 180, 650, 65, 180, 662, 65, 64, 64, 64
L 190, 636, 65, 188, 638, 65, 64, 64, 64
L 188, 638, 65, 188, 640, 65, 64, 64, 64
L 188, 650, 65, 188, 659, 65, 64, 64, 64
L 112, 640, 65, 114, 640, 65, 64, 64, 64
L 114, 640, 65, 114, 637, 65, 64, 64, 64
L 114, 637, 65, 110, 637, 65, 64, 64, 64
L 114, 624, 65, 114, 626, 65, 64, 64, 64
L 114, 626, 65, 110, 626, 65, 64, 64, 64
L 110, 626, 65, 110, 612, 65, 64, 64, 64
L 158, 648, 66, 158, 641, 65, 64, 64, 64
L 160, 648, 65, 160, 641, 65, 64, 64, 64
L 162, 648, 65, 162, 641, 65, 64, 64, 64
L 164, 641, 65, 164, 648, 65, 64, 64, 64
L 166, 641, 65, 166, 648, 65, 64, 64, 64
L 168, 641, 65, 168, 648, 65, 64, 64, 64
L 170, 641, 65, 170, 648, 65, 64, 64, 64
L 171, 641, 65, 171, 648, 65, 64, 64, 64
L 174, 641, 65, 174, 648, 65, 64, 64, 64
L 195, 648, 65, 194, 641, 65, 64, 64, 64
L 196, 648, 65, 196, 641, 65, 64, 64, 64
L 198, 648, 65, 198, 641, 65, 64, 64, 64
L 200, 648, 65, 200, 641, 65, 64, 64, 64
L 202, 648, 65, 202, 641, 65, 64, 64, 64
L 204, 648, 65, 204, 641, 65, 64, 64, 64
L 206, 648, 65, 206, 641, 65, 64, 64, 64
L 208, 648, 65, 208, 641, 65, 64, 64, 64
L 210, 648, 65, 210, 641, 65, 64, 64, 64
L 176, 1555, -47, 192, 1555, -47, 150, 0, 200
L 273, 648, 65, 264, 648, 65, 64, 64, 64
L 264, 648, 65, 264, 641, 65, 64, 64, 64
L 264, 641, 65, 273, 641, 65, 64, 64, 64
L 273, 641, 65, 273, 648, 65, 64, 64, 64
L 270, 641, 68, 270, 648, 68, 64, 64, 64
L 268, 648, 67, 268, 641, 67, 64, 64, 64
L 266, 648, 66, 266, 642, 66, 64, 64, 64
L 276, 639, 67, 282, 639, 67, 150, 0, 200
L 282, 639, 67, 284, 641, 67, 150, 0, 200
L 284, 641, 67, 284, 648, 67, 150, 0, 200
L 284, 648, 67, 282, 650, 67, 150, 0, 200
L 282, 650, 67, 275, 650, 67, 150, 0, 200
L 275, 650, 67, 274, 648, 67, 150, 0, 200
L 274, 648, 67, 273, 647, 67, 150, 0, 200
L 273, 647, 67, 274, 641, 67, 150, 0, 200
L 274, 641, 67, 276, 639, 67, 150, 0, 200
L 276, 639, 67, 280, 639, 67, 150, 0, 200
