L 393, 44, 2, 393, 58, 2, 100, 50, 0
L 394, 44, 3, 393, 44, 2, 100, 50, 0
L 394, 58, 3, 394, 44, 3, 100, 50, 0
L 395, 58, 4, 394, 58, 3, 100, 50, 0
L 395, 44, 4, 395, 58, 4, 100, 50, 0
L 396, 44, 5, 395, 44, 4, 100, 50, 0
L 396, 58, 5, 396, 44, 5, 100, 50, 0
L 397, 58, 6, 396, 58, 5, 100, 50, 0
L 397, 44, 6, 397, 58, 6, 100, 50, 0
L 398, 44, 7, 397, 44, 6, 100, 50, 0
L 398, 58, 7, 398, 44, 7, 100, 50, 0
L 399, 58, 8, 398, 58, 7, 100, 50, 0
L 399, 44, 8, 399, 58, 8, 100, 50, 0
L 400, 44, 9, 399, 44, 8, 100, 50, 0
L 400, 58, 9, 400, 44, 9, 100, 50, 0
L 401, 58, 10, 400, 58, 9, 100, 50, 0
L 401, 44, 10, 401, 58, 10, 100, 50, 0
L 404, 44, 13, 401, 44, 10, 100, 50, 0
L 404, 58, 13, 404, 44, 13, 100, 50, 0
L 403, 58, 12, 404, 58, 13, 100, 50, 0
L 403, 44, 12, 403, 58, 12, 100, 50, 0
L 402, 44, 11, 403, 44, 12, 100, 50, 0
L 402, 58, 11, 402, 44, 11, 100, 50, 0
L 405, 58, 14, 405, 44, 14, 100, 50, 0
L 406, 60, 15, 406, 58, 15, 100, 50, 0
L 382, 60, 15, 406, 60, 15, 100, 50, 0
L 382, 84, 15, 382, 60, 15, 100, 50, 0
L 382, 84, 14, 382, 84, 15, 100, 50, 0
L 403, 84, 15, 382, 84, 14, 100, 50, 0
L 403, 70, 15, 403, 84, 15, 100, 50, 0
L 406, 70, 15, 403, 70, 15, 100, 50, 0
L 406, 100, 15, 406, 70, 15, 100, 50, 0
L 403, 100, 15, 406, 100, 15, 100, 50, 0
L 403, 86, 15, 403, 100, 15, 100, 50, 0
L 382, 86, 15, 403, 86, 15, 100, 50, 0
L 382, 110, 15, 382, 86, 15, 100, 50, 0
L 417, 110, 15, 382, 110, 15, 100, 50, 0
L 417, 44, 15, 417, 110, 15, 100, 50, 0
L 406, 44, 15, 417, 44, 15, 100, 50, 0
L 392, 44, 1, 406, 44, 15, 100, 50, 0
L 392, 58, 1, 392, 44, 1, 100, 50, 0
L 406, 58, 15, 392, 58, 1, 100, 50, 0
L 392, 58, 1, 393, 58, 2, 100, 50, 0
L 714, -350, -13, 727, -350, -13, 150, 0, 200
L 380, -180, 14, 389, -180, 14, 100, 50, 0
L 380, -179, 13, 380, -180, 14, 100, 50, 0
L 389, -179, 13, 380, -179, 13, 100, 50, 0
L 389, -178, 12, 389, -179, 13, 100, 50, 0
L 380, -178, 12, 389, -178, 12, 100, 50, 0
L 380, -177, 11, 380, -178, 12, 100, 50, 0
L 389, -177, 11, 380, -177, 11, 100, 50, 0
L 389, -176, 10, 389, -177, 11, 100, 50, 0
L 380, -176, 10, 389, -176, 10, 100, 50, 0
L 380, -175, 9, 380, -176, 10, 100, 50, 0
L 389, -175, 9, 380, -175, 9, 100, 50, 0
L 389, -174, 8, 389, -175, 9, 100, 50, 0
L 380, -174, 8, 389, -174, 8, 100, 50, 0
L 380, -173, 7, 380, -174, 8, 100, 50, 0
L 389, -173, 7, 380, -173, 7, 100, 50, 0
L 389, -172, 6, 389, -173, 7, 100, 50, 0
L 380, -172, 6, 389, -172, 6, 100, 50, 0
L 380, -171, 5, 380, -172, 6, 100, 50, 0
L 389, -171, 5, 380, -171, 5, 100, 50, 0
L 389, -170, 4, 389, -171, 5, 100, 50, 0
L 380, -170, 4, 389, -170, 4, 100, 50, 0
L 380, -169, 3, 380, -170, 4, 100, 50, 0
L 389, -169, 3, 380, -169, 3, 100, 50, 0
L 389, -168, 2, 389, -169, 3, 100, 50, 0
L 380, -168, 2, 389, -168, 2, 100, 50, 0
L 380, -167, 1, 380, -168, 2, 100, 50, 0
L 380, -180, 14, 380, -167, 1, 100, 50, 0
L 380, -184, 15, 380, -180, 14, 100, 50, 0
L 375, -184, 15, 380, -184, 15, 100, 50, 0
L 375, -152, 15, 375, -184, 15, 100, 50, 0
L 378, -152, 15, 375, -152, 15, 100, 50, 0
L 378, -166, 15, 378, -152, 15, 100, 50, 0
L 389, -166, 15, 378, -166, 15, 100, 50, 0
L 389, -142, 15, 389, -166, 15, 100, 50, 0
L 338, -142, 15, 389, -142, 15, 100, 50, 0
L 338, -166, 15, 338, -142, 15, 100, 50, 0
L 361, -166, 15, 338, -166, 15, 100, 50, 0
L 361, -152, 15, 361, -166, 15, 100, 50, 0
L 364, -152, 15, 361, -152, 15, 100, 50, 0
L 364, -184, 15, 364, -152, 15, 100, 50, 0
L 362, -184, 15, 364, -184, 15, 100, 50, 0
L 362, -170, 14, 362, -184, 15, 100, 50, 0
L 338, -170, 14, 362, -170, 14, 100, 50, 0
L 338, -194, 14, 338, -170, 14, 100, 50, 0
L 339, -194, 15, 338, -194, 14, 100, 50, 0
L 389, -194, 15, 339, -194, 15, 100, 50, 0
L 389, -180, 15, 389, -194, 15, 100, 50, 0
L 389, -180, 14, 389, -180, 15, 100, 50, 0
L 389, -168, 2, 389, -180, 14, 100, 50, 0
L 389, -167, 2, 389, -168, 2, 100, 50, 0
L 389, -167, 1, 389, -167, 2, 100, 50, 0
L 392, -56, 1, 406, -56, 1, 64, 64, 64
L 445, -98, 14, 445, -86, 14, 100, 50, 0
L 444, -98, 13, 444, -86, 13, 100, 50, 0
L 443, -98, 12, 443, -86, 12, 100, 50, 0
L 442, -98, 11, 442, -86, 11, 100, 50, 0
L 441, -98, 10, 441, -86, 10, 100, 50, 0
L 440, -98, 9, 440, -86, 9, 100, 50, 0
L 439, -98, 8, 439, -86, 8, 100, 50, 0
L 438, -98, 7, 438, -86, 7, 100, 50, 0
L 437, -98, 6, 437, -86, 6, 100, 50, 0
L 436, -86, 5, 436, -98, 5, 100, 50, 0
L 435, -86, 4, 435, -98, 4, 100, 50, 0
L 434, -98, 3, 434, -86, 3, 100, 50, 0
L 433, -86, 2, 433, -98, 2, 100, 50, 0
L 446, -98, 15, 432, -98, 1, 100, 50, 0
L 448, -98, 15, 446, -98, 15, 100, 50, 0
L 448, -116, 15, 448, -98, 15, 100, 50, 0
L 431, -116, 15, 448, -116, 15, 100, 50, 0
L 431, -112, 15, 431, -116, 15, 100, 50, 0
L 443, -112, 15, 431, -112, 15, 100, 50, 0
L 443, -100, 15, 443, -112, 15, 100, 50, 0
L 408, -100, 15, 443, -100, 15, 100, 50, 0
L 408, -152, 15, 408, -100, 15, 100, 50, 0
L 459, -152, 15, 408, -152, 15, 100, 50, 0
L 459, -86, 15, 459, -152, 15, 100, 50, 0
L 446, -86, 15, 459, -86, 15, 100, 50, 0
L 432, -86, 1, 446, -86, 15, 100, 50, 0
L 436, 4, 1, 436, 4, -3, 64, 64, 64
L 424, 4, 1, 436, 4, 1, 64, 64, 64
L 424, -8, 1, 424, 4, 1, 64, 64, 64
L 424, -8, -3, 424, -8, 1, 64, 64, 64
L 424, -20, -3, 424, -8, -3, 64, 64, 64
L 424, -20, 1, 424, -20, -3, 64, 64, 64
L 424, -32, 1, 424, -20, 1, 64, 64, 64
L 436, -32, 1, 424, -32, 1, 64, 64, 64
L 436, -32, -3, 436, -32, 1, 64, 64, 64
L 472, -32, 1, 471, -32, -3, 64, 64, 64
L 483, -32, 1, 472, -32, 1, 64, 64, 64
L 483, -20, 1, 483, -32, 1, 64, 64, 64
L 483, -20, -3, 483, -20, 1, 64, 64, 64
L 483, -8, 1, 483, -8, -3, 64, 64, 64
L 483, 4, 1, 483, -8, 1, 64, 64, 64
L 472, 4, 1, 483, 4, 1, 64, 64, 64
L 471, 4, -3, 472, 4, 1, 64, 64, 64
L 686, 42, -58, 686, 70, -57, 0, 0, 240
L 672, -0, -67, 686, 42, -58, 0, 0, 240
L 672, -28, -67, 672, -0, -67, 0, 0, 240
L 672, -28, -63, 672, -28, -67, 0, 0, 240
L 686, -70, -57, 672, -28, -63, 0, 0, 240
L 700, -98, -57, 686, -70, -57, 0, 0, 240
L 694, -112, -57, 700, -98, -57, 0, 0, 240
L 673, -126, -57, 694, -112, -57, 0, 0, 240
L 672, -126, -58, 673, -126, -57, 0, 0, 240
L 644, -154, -62, 672, -126, -58, 0, 0, 240
L 644, -182, -65, 644, -154, -62, 0, 0, 240
L 658, -210, -59, 644, -182, -65, 0, 0, 240
L 686, -238, -52, 658, -210, -59, 0, 0, 240
L 696, -238, -52, 686, -238, -52, 0, 0, 240
L 728, -252, -36, 696, -238, -52, 0, 0, 240
L 768, -238, -49, 728, -252, -36, 0, 0, 240
L 769, -238, -52, 768, -238, -49, 0, 0, 240
L 770, -238, -52, 769, -238, -52, 0, 0, 240
L 783, -224, -55, 770, -238, -52, 0, 0, 240
L 797, -182, -65, 783, -224, -55, 0, 0, 240
L 797, -140, -60, 797, -182, -65, 0, 0, 240
L 784, -126, -58, 797, -140, -60, 0, 0, 240
L 727, -70, -57, 784, -126, -58, 0, 0, 240
L 699, -28, -63, 727, -70, -57, 0, 0, 240
L 699, -28, -67, 699, -28, -63, 0, 0, 240
L 699, 0, -67, 699, -28, -67, 0, 0, 240
L 713, 42, -58, 699, 0, -67, 0, 0, 240
L 725, 54, -57, 713, 42, -58, 0, 0, 240
L 755, 84, -57, 725, 54, -57, 0, 0, 240
L 770, 84, -57, 755, 84, -57, 0, 0, 240
L 784, 70, -54, 770, 84, -57, 0, 0, 240
L 798, 70, -50, 784, 70, -54, 0, 0, 240
L 825, 98, -43, 798, 70, -50, 0, 0, 240
L 825, 112, -43, 825, 98, -43, 0, 0, 240
L 811, 140, -47, 825, 112, -43, 0, 0, 240
L 784, 154, -54, 811, 140, -47, 0, 0, 240
L 770, 154, -57, 784, 154, -54, 0, 0, 240
L 756, 126, -57, 770, 154, -57, 0, 0, 240
L 728, 126, -57, 756, 126, -57, 0, 0, 240
L 700, 84, -57, 728, 126, -57, 0, 0, 240
L 686, 70, -57, 700, 84, -57, 0, 0, 240
L 610, -59, -10, 610, 73, -10, 64, 64, 64
L 612, -60, -11, 612, 74, -11, 64, 64, 64
L 608, -58, -9, 608, 72, -9, 64, 64, 64
L 606, 71, -8, 606, -57, -8, 64, 64, 64
L 604, -56, -7, 604, 70, -7, 64, 64, 64
L 602, 69, -6, 602, -55, -6, 64, 64, 64
L 600, -54, -5, 600, 68, -5, 64, 64, 64
L 598, 67, -4, 598, -53, -4, 64, 64, 64
L 596, -52, -3, 596, 66, -3, 64, 64, 64
L 594, 65, -2, 594, -51, -2, 64, 64, 64
L 592, -50, -1, 592, 64, -1, 64, 64, 64
L 590, 63, -0, 590, -49, -0, 64, 64, 64
L 326, -69, -13, 336, -69, -13, 100, 50, 0
L 335, -70, -12, 326, -70, -12, 100, 50, 0
L 326, -71, -11, 335, -71, -11, 100, 50, 0
L 326, -72, -10, 336, -72, -10, 100, 50, 0
L 335, -73, -9, 326, -73, -9, 100, 50, 0
L 326, -75, -7, 335, -75, -7, 100, 50, 0
L 326, -74, -8, 335, -74, -8, 100, 50, 0
L 326, -76, -6, 336, -76, -6, 100, 50, 0
L 336, -77, -5, 326, -77, -5, 100, 50, 0
L 326, -78, -4, 336, -78, -4, 100, 50, 0
L 335, -79, -3, 326, -79, -3, 100, 50, 0
L 326, -80, -2, 336, -80, -2, 100, 50, 0
L 336, -81, -1, 326, -81, -1, 100, 50, 0
L 326, -82, -0, 336, -82, -0, 100, 50, 0
L 324, -128, 1, 324, -84, 1, 100, 50, 0
L 322, -128, 1, 324, -128, 1, 64, 64, 64
L 322, -84, 1, 322, -128, 1, 64, 64, 64
L 236, -84, 1, 322, -84, 1, 64, 64, 64
L 236, -82, 1, 236, -84, 1, 64, 64, 64
L 238, -82, 1, 236, -82, 1, 64, 64, 64
L 238, -56, 1, 238, -82, 1, 64, 64, 64
L 251, -42, 1, 238, -56, 1, 64, 64, 64
L 252, 58, -13, 252, 58, -14, 64, 64, 64
L 254, 70, -13, 254, 58, -13, 64, 64, 64
L 256, 58, -12, 256, 70, -12, 64, 64, 64
L 258, 70, -11, 258, 58, -11, 64, 64, 64
L 260, 58, -10, 260, 70, -10, 64, 64, 64
L 262, 70, -9, 262, 58, -9, 64, 64, 64
L 264, 58, -8, 264, 70, -8, 64, 64, 64
L 266, 70, -7, 266, 58, -7, 64, 64, 64
L 268, 58, -6, 268, 70, -6, 64, 64, 64
L 270, 70, -5, 270, 58, -5, 64, 64, 64
L 274, 58, -3, 274, 70, -3, 64, 64, 64
L 272, 58, -4, 272, 70, -4, 64, 64, 64
L 276, 58, -2, 276, 70, -2, 64, 64, 64
L 278, 70, -1, 278, 58, -1, 64, 64, 64
L 280, 58, -0, 280, 70, -0, 64, 64, 64
L 280, 42, 1, 280, 56, 1, 64, 64, 64
L 266, 42, 1, 280, 42, 1, 64, 64, 64
L 182, 22, -15, 182, 22, -21, 64, 64, 64
L 182, 28, -15, 182, 22, -15, 64, 64, 64
L 212, 22, -15, 218, 22, -15, 64, 64, 64
L 212, 28, -15, 212, 22, -15, 64, 64, 64
L 212, 28, -14, 212, 28, -15, 64, 64, 64
L 624, -98, 44, 623, -98, 43, 64, 64, 64
L 627, -98, 44, 624, -98, 44, 64, 64, 64
L 624, -110, 44, 623, -110, 43, 64, 64, 64
L 627, -110, 44, 624, -110, 44, 64, 64, 64
L 252, -40, -15, 252, -42, -15, 64, 64, 64
L 254, -40, -15, 252, -40, -15, 64, 64, 64
L 254, -56, -15, 254, -40, -15, 64, 64, 64
L 296, -56, -14, 254, -56, -15, 64, 64, 64
L 296, -0, -15, 296, -56, -14, 64, 64, 64
L 282, -0, -15, 296, -0, -15, 64, 64, 64
L 282, -14, -15, 282, -0, -15, 64, 64, 64
L 254, -14, -15, 282, -14, -15, 64, 64, 64
L 254, -30, -15, 254, -14, -15, 64, 64, 64
L 252, -30, -15, 254, -30, -15, 64, 64, 64
L 252, 30, -15, 252, -30, -15, 64, 64, 64
L 254, 30, -15, 252, 30, -15, 64, 64, 64
L 254, 0, -15, 254, 30, -15, 64, 64, 64
L 268, 0, -15, 254, 0, -15, 64, 64, 64
L 268, 14, -15, 268, 0, -15, 64, 64, 64
L 296, 14, -16, 268, 14, -15, 64, 64, 64
L 296, 56, -16, 296, 14, -16, 64, 64, 64
L 254, 56, -15, 296, 56, -16, 64, 64, 64
L 254, 40, -15, 254, 56, -15, 64, 64, 64
L 252, 40, -15, 254, 40, -15, 64, 64, 64
L 252, 42, -15, 252, 40, -15, 64, 64, 64
L 252, 42, -15, 238, 42, -15, 64, 64, 64
L 252, 42, -14, 252, 42, -15, 64, 64, 64
L 252, 70, -14, 252, 42, -14, 64, 64, 64
L 254, 58, -13, 252, 58, -13, 64, 64, 64
L 254, 58, -12, 254, 58, -13, 64, 64, 64
L 256, 58, -12, 254, 58, -12, 64, 64, 64
L 256, 58, -11, 256, 58, -12, 64, 64, 64
L 258, 58, -11, 256, 58, -11, 64, 64, 64
L 258, 58, -10, 258, 58, -11, 64, 64, 64
L 260, 58, -10, 258, 58, -10, 64, 64, 64
L 260, 58, -9, 260, 58, -10, 64, 64, 64
L 262, 58, -9, 260, 58, -9, 64, 64, 64
L 262, 58, -8, 262, 58, -9, 64, 64, 64
L 264, 58, -8, 262, 58, -8, 64, 64, 64
L 264, 58, -7, 264, 58, -8, 64, 64, 64
L 266, 58, -7, 264, 58, -7, 64, 64, 64
L 266, 58, -6, 266, 58, -7, 64, 64, 64
L 268, 58, -6, 266, 58, -6, 64, 64, 64
L 268, 58, -5, 268, 58, -6, 64, 64, 64
L 270, 58, -5, 268, 58, -5, 64, 64, 64
L 270, 58, -4, 270, 58, -5, 64, 64, 64
L 272, 58, -4, 270, 58, -4, 64, 64, 64
L 272, 58, -3, 272, 58, -4, 64, 64, 64
L 274, 58, -3, 272, 58, -3, 64, 64, 64
L 274, 58, -2, 274, 58, -3, 64, 64, 64
L 276, 58, -2, 274, 58, -2, 64, 64, 64
L 276, 58, -1, 276, 58, -2, 64, 64, 64
L 278, 58, -1, 276, 58, -1, 64, 64, 64
L 278, 58, -0, 278, 58, -1, 64, 64, 64
L 280, 58, -0, 278, 58, -0, 64, 64, 64
L 280, 58, 1, 280, 58, -0, 64, 64, 64
L 282, 58, 1, 280, 58, 1, 64, 64, 64
L 282, 56, 1, 282, 58, 1, 64, 64, 64
L 280, 56, 1, 282, 56, 1, 64, 64, 64
L -42, -56, 84, -42, 42, 84, 0, 0, 0
L -28, -69, 73, -42, -56, 84, 0, 0, 0
L -28, -70, 84, -28, -69, 73, 0, 0, 0
L 28, -112, 84, -28, -70, 84, 0, 0, 0
L 70, -140, 84, 28, -112, 84, 0, 0, 0
L 126, -182, 84, 70, -140, 84, 0, 0, 0
L 168, -182, 85, 126, -182, 84, 0, 0, 0
L 251, -209, 170, 168, -182, 85, 0, 0, 0
L 252, -210, 167, 251, -209, 170, 0, 0, 0
L 322, -224, 84, 252, -210, 167, 0, 0, 0
L 406, -224, 84, 322, -224, 84, 0, 0, 0
L 476, -167, 85, 406, -224, 84, 0, 0, 0
L 517, -154, 85, 476, -167, 85, 0, 0, 0
L 519, -154, 85, 517, -154, 85, 0, 0, 0
L 574, -196, 85, 519, -154, 85, 0, 0, 0
L 574, -294, 85, 574, -196, 85, 0, 0, 0
L 630, -336, 113, 574, -294, 85, 0, 0, 0
L 658, -336, 113, 630, -336, 113, 0, 0, 0
L 713, -294, 84, 658, -336, 113, 0, 0, 0
L 742, -266, 84, 713, -294, 84, 0, 0, 0
L 783, -266, 84, 742, -266, 84, 0, 0, 0
L 798, -237, 84, 783, -266, 84, 0, 0, 0
L 839, -196, 84, 798, -237, 84, 0, 0, 0
L 825, -140, 84, 839, -196, 84, 0, 0, 0
L 811, -98, 84, 825, -140, 84, 0, 0, 0
L 770, -56, 84, 811, -98, 84, 0, 0, 0
L 769, -55, 81, 770, -56, 84, 0, 0, 0
L 769, 0, 99, 769, -55, 81, 0, 0, 0
L 769, 42, 79, 769, 0, 99, 0, 0, 0
L 770, 42, 84, 769, 42, 79, 0, 0, 0
L 798, 56, 84, 770, 42, 84, 0, 0, 0
L 839, 84, 84, 798, 56, 84, 0, 0, 0
L 839, 112, 84, 839, 84, 84, 0, 0, 0
L 825, 154, 84, 839, 112, 84, 0, 0, 0
L 770, 181, 84, 825, 154, 84, 0, 0, 0
L 714, 140, 84, 770, 181, 84, 0, 0, 0
L 713, 140, 87, 714, 140, 84, 0, 0, 0
L 616, 154, 127, 713, 140, 87, 0, 0, 0
L 504, 140, 87, 616, 154, 127, 0, 0, 0
L 504, 139, 85, 504, 140, 87, 0, 0, 0
L 503, 140, 84, 504, 139, 85, 0, 0, 0
L 378, 167, 85, 503, 140, 84, 0, 0, 0
L 378, 168, 86, 378, 167, 85, 0, 0, 0
L 238, 182, 141, 378, 168, 86, 0, 0, 0
L 168, 182, 86, 238, 182, 141, 0, 0, 0
L 167, 182, 84, 168, 182, 86, 0, 0, 0
L 126, 182, 84, 167, 182, 84, 0, 0, 0
L 42, 126, 84, 126, 182, 84, 0, 0, 0
L -14, 84, 84, 42, 126, 84, 0, 0, 0
L -42, 42, 84, -14, 84, 84, 0, 0, 0
L -336, 14, 1, -266, 14, 1, 0, 127, 0
L -266, 14, 1, -266, -56, 1, 0, 127, 0
L -266, -56, 1, -154, -56, 1, 0, 127, 0
L -154, -56, 1, -154, 14, 1, 0, 127, 0
L -154, 14, 1, -112, 14, 1, 0, 127, 0
L -112, 14, 1, -112, 18, 1, 0, 127, 0
L -112, 18, 1, -108, 18, 1, 0, 127, 0
L -108, 18, 1, -108, 14, 1, 0, 127, 0
L -108, 14, 1, -84, -14, 1, 0, 127, 0
L -84, -14, 1, -28, -42, 1, 0, 127, 0
L -28, -42, 1, 14, -42, 1, 0, 127, 0
L 14, -42, 1, 42, -56, 1, 0, 127, 0
L 42, -56, 1, 42, -42, 1, 0, 127, 0
L 42, -42, 1, 56, -22, -0, 0, 127, 0
L 56, -22, -0, 56, 22, -0, 0, 127, 0
L 56, 22, -0, 42, 28, 1, 0, 127, 0
L 42, 28, 1, 14, 36, 1, 0, 127, 0
L 42, 28, -12, 42, 56, -12, 0, 127, 0
L 42, 56, -12, 14, 42, 1, 0, 127, 0
L 14, 42, 1, -28, 28, 1, 0, 127, 0
L -28, 28, 1, -70, 42, 1, 0, 127, 0
L -70, 42, 1, -108, 42, 1, 0, 127, 0
L -108, 42, 1, -108, 38, 1, 0, 127, 0
L -108, 38, 1, -112, 38, 1, 0, 127, 0
L -112, 38, 1, -112, 42, 1, 0, 127, 0
L -112, 42, 1, -182, 42, 1, 0, 127, 0
L -182, 42, 1, -182, -28, 1, 0, 127, 0
L -182, -28, 1, -238, -28, 1, 0, 127, 0
L -238, -28, 1, -238, 42, 1, 0, 127, 0
L -238, 42, 1, -336, 42, 1, 0, 127, 0
L -208, -28, 1, -208, -56, 1, 150, 0, 200
L 56, 17, 1, 60, 14, 1, 64, 64, 64
L 60, 14, 1, 158, 14, 1, 64, 64, 64
L 158, 14, 1, 158, 28, 1, 64, 64, 64
L 158, 28, 1, 170, 28, 1, 64, 64, 64
L 170, 28, 1, 170, 56, 1, 64, 64, 64
L 170, 56, 1, 176, 56, 1, 64, 64, 64
L 176, 56, 1, 176, 28, 1, 64, 64, 64
L 176, 28, 1, 182, 28, 1, 64, 64, 64
L 182, 28, 1, 196, 42, 1, 64, 64, 64
L 196, 42, 1, 196, 56, 1, 64, 64, 64
L 196, 56, 1, 224, 83, 1, 64, 64, 64
L 224, 83, 1, 224, 82, 1, 64, 64, 64
L 224, 82, 1, 226, 82, 1, 64, 64, 64
L 226, 82, 1, 226, 84, 1, 64, 64, 64
L 226, 84, 1, 224, 84, 1, 64, 64, 64
L 224, 84, 1, 224, 112, 1, 64, 64, 64
L 224, 112, 1, 238, 126, 1, 64, 64, 64
L 238, 126, 1, 320, 126, 1, 64, 64, 64
L 320, 126, 1, 320, 124, 1, 64, 64, 64
L 320, 124, 1, 361, 124, 1, 100, 50, 0
L 361, 124, 1, 361, 64, 1, 100, 50, 0
L 361, 64, 1, 360, 64, 1, 100, 50, 0
L 360, 64, 1, 360, 62, 1, 100, 50, 0
L 360, 62, 1, 361, 62, 1, 100, 50, 0
L 361, 62, 1, 361, 44, 1, 100, 50, 0
L 361, 44, 1, 338, 44, 1, 100, 50, 0
L 338, 44, 1, 338, 62, 1, 100, 50, 0
L 338, 62, 1, 350, 62, 1, 100, 50, 0
L 350, 62, 1, 350, 64, 1, 100, 50, 0
L 350, 64, 1, 338, 64, 1, 100, 50, 0
L 338, 64, 1, 338, 100, 1, 100, 50, 0
L 338, 100, 1, 336, 100, 1, 100, 50, 0
L 336, 100, 1, 336, 110, 1, 100, 50, 0
L 336, 110, 1, 346, 110, 1, 100, 50, 0
L 346, 110, 1, 346, 92, 1, 100, 50, 0
L 346, 92, 1, 350, 92, 1, 100, 50, 0
L 350, 92, 1, 350, 114, 1, 100, 50, 0
L 350, 114, 1, 332, 114, 1, 100, 50, 0
L 332, 114, 1, 332, 100, 1, 100, 50, 0
L 332, 100, 1, 324, 100, 1, 100, 50, 0
L 324, 100, 1, 324, 114, 1, 100, 50, 0
L 324, 114, 1, 320, 114, 1, 100, 50, 0
L 320, 114, 1, 320, 112, 1, 64, 64, 64
L 320, 112, 1, 322, 112, 1, 64, 64, 64
L 322, 112, 1, 322, 98, 1, 64, 64, 64
L 322, 98, 1, 336, 98, 1, 64, 64, 64
L 336, 98, 1, 336, 42, 1, 64, 64, 64
L 336, 42, 1, 364, 42, 1, 64, 64, 64
L 364, 42, 1, 364, 42, 2, 64, 64, 64
L 364, 42, 2, 364, 98, 2, 0, 127, 0
L 364, 98, 2, 377, 98, 2, 0, 127, 0
L 377, 98, 2, 377, 42, 2, 0, 127, 0
L 377, 42, 2, 378, 42, 1, 64, 64, 64
L 378, 42, 1, 420, 42, 1, 64, 64, 64
L 420, 42, 1, 420, 84, 1, 64, 64, 64
L 420, 84, 1, 448, 84, 1, 64, 64, 64
L 448, 84, 1, 448, 98, 1, 64, 64, 64
L 448, 98, 1, 450, 98, 1, 64, 64, 64
L 450, 98, 1, 450, 100, 1, 64, 64, 64
L 450, 100, 1, 444, 100, 1, 100, 50, 0
L 444, 100, 1, 443, 86, 1, 100, 50, 0
L 443, 86, 1, 406, 86, 1, 100, 50, 0
L 406, 86, 1, 406, 70, 1, 100, 50, 0
L 406, 70, 1, 410, 70, 1, 100, 50, 0
L 410, 70, 1, 410, 82, 1, 100, 50, 0
L 410, 82, 1, 417, 82, 1, 100, 50, 0
L 417, 82, 1, 417, 60, 1, 100, 50, 0
L 417, 60, 1, 392, 60, 1, 100, 50, 0
L 392, 60, 1, 392, 44, 1, 100, 50, 0
L 392, 44, 1, 380, 44, 1, 100, 50, 0
L 380, 44, 1, 380, 110, 1, 100, 50, 0
L 380, 110, 1, 450, 110, 1, 100, 50, 0
L 450, 110, 1, 450, 112, 1, 64, 64, 64
L 450, 112, 1, 462, 112, 1, 64, 64, 64
L 462, 112, 1, 475, 115, 1, 64, 64, 64
L 475, 115, 1, 475, 112, 1, 64, 64, 64
L 475, 112, 1, 504, 42, 1, 64, 64, 64
L 504, 42, 1, 531, 28, 1, 64, 64, 64
L 531, 28, 1, 540, 10, 1, 64, 64, 64
L 540, 10, 1, 554, 12, 1, 64, 64, 64
L 554, 12, 1, 560, 28, 1, 64, 64, 64
L 560, 28, 1, 574, 70, 1, 64, 64, 64
L 574, 70, 1, 579, 70, 1, 64, 64, 64
L 579, 70, 1, 580, 62, 1, 64, 64, 64
L 580, 62, 1, 588, 62, 1, 64, 64, 64
L 588, 62, 1, 590, 63, 1, 64, 64, 64
L 590, 63, 1, 616, 76, -13, 64, 64, 64
L 616, 76, -13, 630, 87, -13, 64, 64, 64
L 630, 87, -13, 634, 82, -13, 64, 64, 64
L 634, 82, -13, 654, 82, -13, 64, 64, 64
L 654, 82, -13, 658, 88, -13, 64, 64, 64
L 658, 88, -13, 672, 84, -13, 64, 64, 64
L 672, 84, -13, 685, 70, -13, 64, 64, 64
L 685, 70, -13, 695, 70, -13, 64, 64, 64
L 695, 70, -13, 695, 68, -13, 64, 64, 64
L 695, 68, -13, 698, 66, -13, 64, 64, 64
L 698, 66, -13, 700, 66, -13, 64, 64, 64
L 700, 66, -13, 700, 46, -13, 64, 64, 64
L 700, 46, -13, 698, 46, -13, 64, 64, 64
L 698, 46, -13, 695, 44, -13, 64, 64, 64
L 695, 44, -13, 695, 42, -13, 64, 64, 64
L 695, 42, -13, 686, 42, -13, 64, 64, 64
L 686, 42, -13, 672, 0, -13, 64, 64, 64
L 672, 0, -13, 672, -28, -13, 64, 64, 64
L 672, -28, -13, 685, -70, -13, 64, 64, 64
L 685, -70, -13, 692, -84, -13, 64, 64, 64
L 692, -84, -13, 689, -84, -13, 64, 64, 64
L 689, -84, -13, 689, -98, -13, 64, 64, 64
L 689, -98, -13, 693, -112, -13, 0, 127, 0
L 693, -112, -13, 672, -126, -13, 0, 127, 0
L 672, -126, -13, 644, -154, -13, 0, 127, 0
L 644, -154, -13, 644, -182, -20, 0, 127, 0
L 644, -182, -20, 657, -210, -20, 0, 127, 0
L 657, -210, -20, 685, -238, -20, 0, 127, 0
L 685, -238, -20, 672, -238, -13, 0, 127, 0
L 672, -238, -13, 644, -210, -13, 0, 127, 0
L 644, -210, -13, 630, -182, -13, 0, 127, 0
L 630, -182, -13, 644, -154, -13, 0, 127, 0
L 672, -238, -13, 686, -238, -13, 0, 127, 0
L 686, -238, -13, 714, -266, -21, 0, 127, 0
L 714, -266, -21, 727, -252, -26, 0, 127, 0
L 727, -252, -26, 696, -238, -23, 0, 127, 0
L 696, -238, -23, 686, -238, -21, 0, 127, 0
L 686, -238, -21, 713, -266, -21, 0, 127, 0
L 713, -266, -21, 686, -280, -13, 0, 127, 0
L 686, -280, -13, 713, -266, -13, 0, 127, 0
L 713, -266, -13, 685, -308, -13, 0, 127, 0
L 685, -308, -13, 685, -322, -13, 0, 127, 0
L 685, -322, -13, 727, -322, -13, 0, 127, 0
L 727, -322, -13, 727, -377, -13, 0, 127, 0
L 727, -377, -13, 685, -378, -13, 0, 127, 0
L 685, -378, -13, 685, -405, -13, 0, 127, 0
L 672, -405, -13, 672, -364, -13, 0, 127, 0
L 672, -364, -13, 714, -364, -13, 0, 127, 0
L 714, -364, -13, 714, -336, -13, 0, 127, 0
L 714, -336, -13, 672, -336, -13, 0, 127, 0
L 672, -336, -13, 672, -308, -13, 0, 127, 0
L 672, -308, -13, 658, -294, -13, 0, 127, 0
L 658, -294, -13, 658, -250, -13, 0, 127, 0
L 658, -250, -13, 655, -250, -13, 0, 127, 0
L 655, -250, -13, 655, -290, -13, 100, 50, 0
L 655, -290, -13, 608, -290, -13, 100, 50, 0
L 608, -290, -13, 608, -264, -13, 100, 50, 0
L 608, -264, -13, 634, -264, -13, 100, 50, 0
L 634, -264, -13, 634, -258, -13, 100, 50, 0
L 634, -258, -13, 630, -258, -13, 100, 50, 0
L 630, -258, -13, 629, -260, -13, 100, 50, 0
L 629, -260, -13, 608, -260, -13, 100, 50, 0
L 608, -260, -13, 608, -254, -13, 100, 50, 0
L 608, -254, -13, 646, -254, -13, 100, 50, 0
L 646, -254, -13, 646, -250, -13, 100, 50, 0
L 646, -250, -13, 644, -250, -13, 0, 127, 0
L 644, -250, -13, 643, -252, -13, 0, 127, 0
L 643, -252, -13, 602, -252, -13, 0, 127, 0
L 602, -252, -13, 588, -238, -13, 0, 127, 0
L 588, -238, -13, 614, -230, -13, 0, 127, 0
L 614, -230, -13, 624, -210, -13, 0, 127, 0
L 624, -210, -13, 614, -194, -13, 0, 127, 0
L 614, -194, -13, 589, -182, -13, 0, 127, 0
L 589, -182, -13, 612, -182, -13, 100, 50, 0
L 612, -182, -13, 612, -168, -13, 100, 50, 0
L 612, -168, -13, 614, -168, -13, 100, 50, 0
L 614, -168, -13, 614, -166, -13, 100, 50, 0
L 614, -166, -13, 609, -166, -13, 100, 50, 0
L 609, -166, -13, 609, -180, -13, 100, 50, 0
L 609, -180, -13, 572, -180, -13, 100, 50, 0
L 572, -180, -13, 572, -156, -13, 100, 50, 0
L 572, -156, -13, 583, -156, -13, 100, 50, 0
L 583, -156, -13, 584, -170, -13, 100, 50, 0
L 584, -170, -13, 586, -170, -13, 100, 50, 0
L 586, -170, -13, 586, -156, -13, 100, 50, 0
L 586, -156, -13, 591, -156, -13, 100, 50, 0
L 591, -156, -13, 591, -170, -13, 100, 50, 0
L 591, -170, -13, 596, -170, -13, 100, 50, 0
L 596, -170, -13, 596, -156, -13, 100, 50, 0
L 596, -156, -13, 614, -156, -13, 100, 50, 0
L 614, -156, -13, 614, -154, -13, 100, 50, 0
L 614, -154, -13, 603, -154, -13, 100, 50, 0
L 603, -154, -13, 658, -126, -13, 0, 127, 0
L 658, -126, -13, 672, -98, -13, 0, 127, 0
L 672, -98, -13, 678, -98, -13, 0, 127, 0
L 678, -98, -13, 678, -83, -13, 64, 64, 64
L 678, -83, -13, 672, -83, -13, 64, 64, 64
L 672, -83, -13, 658, -74, -13, 64, 64, 64
L 658, -74, -13, 654, -68, -13, 64, 64, 64
L 654, -68, -13, 634, -68, -13, 64, 64, 64
L 634, -68, -13, 630, -73, -13, 64, 64, 64
L 630, -73, -13, 616, -62, -13, 64, 64, 64
L 616, -62, -13, 616, 76, -13, 64, 64, 64
L 616, 76, -13, 614, 75, -12, 64, 64, 64
L 614, 75, -12, 614, -61, -12, 64, 64, 64
L 614, -61, -12, 616, -62, -13, 64, 64, 64
L 616, -62, -13, 590, -49, -0, 64, 64, 64
L 590, -49, -0, 589, -48, 1, 64, 64, 64
L 589, -48, 1, 580, -48, 1, 64, 64, 64
L 580, -48, 1, 579, -56, 1, 64, 64, 64
L 579, -56, 1, 574, -56, 1, 64, 64, 64
L 574, -56, 1, 560, -42, 1, 64, 64, 64
L 560, -42, 1, 554, -22, 1, 64, 64, 64
L 554, -22, 1, 540, -30, 1, 64, 64, 64
L 540, -30, 1, 531, -42, 1, 64, 64, 64
L 531, -42, 1, 504, -70, 1, 64, 64, 64
L 504, -70, 1, 476, -84, 1, 64, 64, 64
L 476, -84, 1, 475, -84, 2, 64, 64, 64
L 475, -84, 2, 462, -149, 2, 0, 127, 0
L 462, -149, 2, 462, -84, 2, 0, 127, 0
L 462, -84, 2, 462, -83, 1, 64, 64, 64
L 476, -84, 1, 406, -84, 1, 64, 64, 64
L 406, -84, 1, 405, -98, 1, 64, 64, 64
L 405, -98, 1, 404, -98, 1, 64, 64, 64
L 404, -98, 1, 404, -100, 1, 64, 64, 64
L 404, -100, 1, 408, -100, 1, 64, 64, 64
L 408, -100, 1, 408, -86, 1, 100, 50, 0
L 408, -86, 1, 432, -86, 1, 100, 50, 0
L 432, -86, 1, 432, -100, 1, 100, 50, 0
L 432, -100, 1, 459, -100, 1, 100, 50, 0
L 459, -100, 1, 459, -152, 1, 100, 50, 0
L 459, -152, 1, 422, -152, 1, 100, 50, 0
L 422, -152, 1, 422, -124, 1, 100, 50, 0
L 422, -124, 1, 418, -124, 1, 100, 50, 0
L 418, -124, 1, 417, -152, 1, 100, 50, 0
L 417, -152, 1, 412, -152, 1, 100, 50, 0
L 412, -152, 1, 412, -124, 1, 100, 50, 0
L 412, -124, 1, 408, -124, 1, 100, 50, 0
L 408, -124, 1, 408, -110, 1, 100, 50, 0
L 408, -110, 1, 404, -110, 1, 64, 64, 64
L 404, -110, 1, 404, -112, 1, 64, 64, 64
L 404, -112, 1, 405, -112, 1, 64, 64, 64
L 405, -112, 1, 405, -154, 1, 64, 64, 64
L 405, -154, 1, 406, -154, 2, 64, 64, 64
L 406, -154, 2, 433, -154, 2, 0, 127, 0
L 433, -154, 2, 406, -182, 2, 0, 127, 0
L 406, -182, 2, 392, -182, 2, 0, 127, 0
L 392, -182, 2, 392, -154, 2, 0, 127, 0
L 392, -154, 2, 392, -154, 1, 64, 64, 64
L 392, -154, 1, 392, -138, 1, 64, 64, 64
L 392, -138, 1, 390, -138, 1, 64, 64, 64
L 390, -138, 1, 389, -167, 1, 100, 50, 0
L 389, -167, 1, 380, -167, 1, 100, 50, 0
L 380, -167, 1, 380, -166, 1, 100, 50, 0
L 380, -166, 1, 376, -166, 1, 100, 50, 0
L 376, -166, 1, 376, -208, 1, 100, 50, 0
L 376, -208, 1, 378, -208, 1, 100, 50, 0
L 378, -208, 1, 378, -196, 1, 100, 50, 0
L 378, -196, 1, 404, -196, 0, 100, 50, 0
L 404, -196, 0, 404, -218, 1, 100, 50, 0
L 404, -218, 1, 427, -218, 1, 100, 50, 0
L 427, -218, 1, 428, -242, 0, 100, 50, 0
L 428, -242, 0, 378, -242, 0, 100, 50, 0
L 378, -242, 0, 378, -218, 1, 100, 50, 0
L 378, -218, 1, 362, -218, 1, 100, 50, 0
L 362, -218, 1, 361, -230, 1, 100, 50, 0
L 361, -230, 1, 350, -230, 1, 100, 50, 0
L 350, -230, 1, 350, -242, 0, 100, 50, 0
L 350, -242, 0, 338, -242, 0, 100, 50, 0
L 338, -242, 0, 338, -196, 0, 100, 50, 0
L 338, -196, 0, 362, -196, 0, 100, 50, 0
L 362, -196, 0, 362, -208, 1, 100, 50, 0
L 362, -208, 1, 364, -208, 1, 100, 50, 0
L 364, -208, 1, 364, -180, 1, 100, 50, 0
L 364, -180, 1, 362, -180, 1, 100, 50, 0
L 362, -180, 1, 362, -192, 0, 100, 50, 0
L 362, -192, 0, 338, -192, 0, 100, 50, 0
L 338, -192, 0, 338, -168, 0, 100, 50, 0
L 338, -168, 0, 362, -168, 0, 100, 50, 0
L 362, -168, 0, 362, -170, 1, 100, 50, 0
L 362, -170, 1, 364, -170, 1, 100, 50, 0
L 364, -170, 1, 364, -164, 1, 100, 50, 0
L 364, -164, 1, 362, -164, 1, 100, 50, 0
L 362, -164, 1, 361, -166, 1, 100, 50, 0
L 361, -166, 1, 338, -166, 1, 100, 50, 0
L 338, -166, 1, 338, -142, 0, 100, 50, 0
L 338, -142, 0, 362, -142, 0, 100, 50, 0
L 362, -142, 0, 362, -154, 1, 100, 50, 0
L 362, -154, 1, 364, -154, 1, 100, 50, 0
L 364, -154, 1, 364, -142, 1, 100, 50, 0
L 364, -142, 1, 375, -142, 1, 100, 50, 0
L 375, -142, 1, 376, -154, 1, 100, 50, 0
L 376, -154, 1, 378, -154, 1, 100, 50, 0
L 378, -154, 1, 378, -142, 1, 100, 50, 0
L 378, -142, 1, 380, -142, 1, 100, 50, 0
L 380, -142, 1, 380, -138, 1, 100, 50, 0
L 380, -138, 1, 378, -138, 1, 64, 64, 64
L 378, -138, 1, 377, -140, 1, 64, 64, 64
L 377, -140, 1, 336, -140, 1, 64, 64, 64
L 336, -140, 1, 336, -167, 1, 64, 64, 64
L 336, -167, 1, 322, -154, 1, 64, 64, 64
L 322, -154, 1, 294, -112, 1, 64, 64, 64
L 294, -112, 1, 238, -112, 1, 64, 64, 64
L 238, -112, 1, 224, -98, 1, 64, 64, 64
L 224, -98, 1, 224, -84, 1, 64, 64, 64
L 224, -84, 1, 226, -84, 1, 64, 64, 64
L 226, -84, 1, 226, -82, 1, 64, 64, 64
L 226, -82, 1, 224, -82, 1, 64, 64, 64
L 224, -82, 1, 224, -83, 1, 64, 64, 64
L 224, -83, 1, 196, -56, 1, 64, 64, 64
L 196, -56, 1, 196, -42, 1, 64, 64, 64
L 196, -42, 1, 182, -28, 1, 64, 64, 64
L 182, -28, 1, 176, -28, 1, 64, 64, 64
L 176, -28, 1, 176, -56, 1, 64, 64, 64
L 176, -56, 1, 170, -56, 1, 64, 64, 64
L 170, -56, 1, 170, -28, 1, 64, 64, 64
L 170, -28, 1, 158, -28, 1, 64, 64, 64
L 158, -28, 1, 158, -14, 1, 64, 64, 64
L 158, -14, 1, 60, -14, 1, 64, 64, 64
L 60, -14, 1, 56, -18, 1, 64, 64, 64
L 56, -18, 1, 56, -18, -0, 64, 64, 64
L 14, 42, 1, 14, 36, 1, 0, 127, 0
L 42, 84, -22, 56, 98, -33, 0, 0, 240
L 56, 98, -33, 84, 98, -33, 0, 0, 240
L 84, 98, -33, 126, 126, -36, 0, 0, 240
L 126, 126, -36, 154, 126, -37, 0, 0, 240
L 154, 126, -37, 154, 125, -39, 0, 0, 240
L 154, 125, -39, 209, 98, -47, 0, 0, 240
L 209, 98, -47, 182, 70, -43, 0, 0, 240
L 182, 70, -43, 182, 66, -43, 0, 0, 240
L 182, 66, -43, 154, 66, -39, 0, 0, 240
L 154, 66, -39, 154, 66, -37, 0, 0, 240
L 154, 66, -37, 140, 56, -36, 0, 0, 240
L 140, 56, -36, 140, 56, -33, 0, 0, 240
L 140, 56, -33, 140, 42, -33, 0, 0, 240
L 140, 42, -33, 154, 32, -33, 0, 0, 240
L 154, 32, -33, 154, -32, -33, 0, 0, 240
L 154, -32, -33, 140, -42, -33, 0, 0, 240
L 140, -42, -33, 140, -56, -33, 0, 0, 240
L 140, -56, -33, 140, -56, -36, 0, 0, 240
L 140, -56, -36, 154, -66, -37, 0, 0, 240
L 154, -66, -37, 154, -66, -39, 0, 0, 240
L 154, -66, -39, 182, -66, -43, 0, 0, 240
L 182, -66, -43, 182, -70, -43, 0, 0, 240
L 182, -70, -43, 209, -98, -47, 0, 0, 240
L 209, -98, -47, 154, -125, -39, 0, 0, 240
L 154, -125, -39, 154, -126, -37, 0, 0, 240
L 154, -126, -37, 126, -126, -36, 0, 0, 240
L 126, -126, -36, 84, -98, -33, 0, 0, 240
L 84, -98, -33, 84, -84, -33, 0, 0, 240
L 84, -84, -33, 56, -70, -33, 0, 0, 240
L 56, -70, -33, 42, -56, -22, 0, 0, 240
L 42, -56, -22, 42, -42, -22, 0, 0, 240
L 42, -42, -22, 56, -23, -33, 0, 0, 240
L 56, -23, -33, 60, -26, -33, 0, 0, 240
L 60, -26, -33, 64, -26, -33, 0, 0, 240
L 64, -26, -33, 68, -22, -33, 0, 0, 240
L 68, -22, -33, 68, -18, -33, 0, 0, 240
L 68, -18, -33, 64, -14, -33, 0, 0, 240
L 64, -14, -33, 64, 14, -33, 0, 0, 240
L 64, 14, -33, 68, 18, -33, 0, 0, 240
L 68, 18, -33, 68, 22, -33, 0, 0, 240
L 68, 22, -33, 64, 26, -33, 0, 0, 240
L 64, 26, -33, 60, 26, -33, 0, 0, 240
L 60, 26, -33, 56, 22, -33, 0, 0, 240
L 56, 22, -33, 42, 29, -22, 0, 0, 240
L 42, 29, -22, 42, 84, -22, 0, 0, 240
L 230, 6, 1, 230, -6, 1, 64, 64, 64
L 230, -6, 1, 224, -6, 1, 64, 64, 64
L 224, -6, 1, 224, -14, 1, 64, 64, 64
L 224, -14, 1, 238, -14, 1, 64, 64, 64
L 238, -14, 1, 238, -28, 1, 64, 64, 64
L 238, -28, 1, 250, -28, 1, 64, 64, 64
L 250, -28, 1, 250, -30, 1, 64, 64, 64
L 250, -30, 1, 266, -30, 1, 64, 64, 64
L 266, -30, 1, 266, -28, 1, 64, 64, 64
L 266, -28, 1, 252, -14, 1, 64, 64, 64
L 252, -14, 1, 252, 14, 1, 64, 64, 64
L 252, 14, 1, 266, 28, 1, 64, 64, 64
L 266, 28, 1, 266, 30, 1, 64, 64, 64
L 266, 30, 1, 250, 30, 1, 64, 64, 64
L 250, 30, 1, 250, 28, 1, 64, 64, 64
L 250, 28, 1, 238, 28, 1, 64, 64, 64
L 238, 28, 1, 238, 14, 1, 64, 64, 64
L 238, 14, 1, 224, 14, 1, 64, 64, 64
L 224, 14, 1, 224, 6, 1, 64, 64, 64
L 224, 6, 1, 230, 6, 1, 64, 64, 64
L 251, -42, 1, 250, -42, 1, 64, 64, 64
L 250, -42, 1, 250, -40, 1, 64, 64, 64
L 250, -40, 1, 266, -40, 1, 64, 64, 64
L 266, -40, 1, 266, -42, 1, 64, 64, 64
L 266, -42, 1, 280, -42, 1, 64, 64, 64
L 280, -42, 1, 280, -56, 1, 64, 64, 64
L 280, -56, 1, 282, -56, 1, 64, 64, 64
L 282, -56, 1, 282, -58, 1, 64, 64, 64
L 282, -58, 1, 280, -58, 1, 64, 64, 64
L 280, -58, 1, 280, -58, -0, 64, 64, 64
L 280, -58, -0, 278, -58, -0, 64, 64, 64
L 278, -58, -0, 278, -58, -1, 64, 64, 64
L 278, -58, -1, 276, -58, -1, 64, 64, 64
L 276, -58, -1, 276, -58, -2, 64, 64, 64
L 276, -58, -2, 274, -58, -2, 64, 64, 64
L 274, -58, -2, 274, -58, -3, 64, 64, 64
L 274, -58, -3, 272, -58, -3, 64, 64, 64
L 272, -58, -3, 272, -58, -4, 64, 64, 64
L 272, -58, -4, 270, -58, -4, 64, 64, 64
L 270, -58, -4, 270, -58, -5, 64, 64, 64
L 270, -58, -5, 268, -58, -5, 64, 64, 64
L 268, -58, -5, 268, -58, -6, 64, 64, 64
L 268, -58, -6, 266, -58, -6, 64, 64, 64
L 266, -58, -6, 266, -58, -7, 64, 64, 64
L 266, -58, -7, 264, -58, -7, 64, 64, 64
L 264, -58, -7, 264, -58, -8, 64, 64, 64
L 264, -58, -8, 262, -58, -8, 64, 64, 64
L 262, -58, -8, 262, -58, -9, 64, 64, 64
L 262, -58, -9, 260, -58, -9, 64, 64, 64
L 260, -58, -9, 260, -58, -10, 64, 64, 64
L 260, -58, -10, 258, -58, -10, 64, 64, 64
L 258, -58, -10, 258, -58, -11, 64, 64, 64
L 258, -58, -11, 256, -58, -11, 64, 64, 64
L 256, -58, -11, 256, -58, -12, 64, 64, 64
L 256, -58, -12, 254, -58, -12, 64, 64, 64
L 254, -58, -12, 254, -58, -13, 64, 64, 64
L 254, -58, -13, 252, -58, -13, 64, 64, 64
L 252, -58, -13, 252, -58, -14, 64, 64, 64
L 252, -70, -14, 238, -70, -14, 64, 64, 64
L 238, -70, -14, 238, -42, -14, 64, 64, 64
L 238, -42, -14, 238, -42, -15, 64, 64, 64
L 238, -42, -15, 238, -14, -15, 64, 64, 64
L 238, -14, -15, 224, -14, -15, 64, 64, 64
L 224, -14, -15, 224, -5, -15, 64, 64, 64
L 224, -5, -15, 218, -5, -15, 64, 64, 64
L 218, -5, -15, 218, -22, -15, 64, 64, 64
L 218, -22, -15, 218, -22, -14, 64, 64, 64
L 218, -22, -14, 218, -28, -14, 64, 64, 64
L 218, -28, -14, 212, -28, -14, 64, 64, 64
L 212, -28, -14, 212, -28, -15, 64, 64, 64
L 212, -28, -15, 212, -22, -15, 64, 64, 64
L 212, -22, -15, 218, -22, -15, 64, 64, 64
L 212, -28, -15, 182, -28, -15, 64, 64, 64
L 182, -28, -15, 182, -28, -14, 64, 64, 64
L 182, -28, -14, 176, -28, -14, 64, 64, 64
L 176, -28, -14, 176, -22, -14, 64, 64, 64
L 176, -22, -14, 182, -22, -14, 64, 64, 64
L 182, -22, -14, 182, -22, -15, 64, 64, 64
L 182, -22, -15, 182, -28, -15, 64, 64, 64
L 212, -22, -16, 212, 22, -16, 64, 64, 64
L 212, 22, -16, 210, 22, -16, 64, 64, 64
L 210, 22, -16, 210, 22, -17, 64, 64, 64
L 210, 22, -17, 210, -22, -17, 64, 64, 64
L 210, -22, -17, 208, -22, -17, 64, 64, 64
L 208, -22, -17, 208, -22, -18, 64, 64, 64
L 208, -22, -18, 206, -22, -18, 64, 64, 64
L 206, -22, -18, 206, -22, -19, 64, 64, 64
L 206, -22, -19, 204, -22, -19, 64, 64, 64
L 204, -22, -19, 204, -22, -20, 64, 64, 64
L 204, -22, -20, 202, -22, -20, 64, 64, 64
L 202, -22, -20, 202, -22, -21, 64, 64, 64
L 202, -22, -21, 176, -22, -21, 64, 64, 64
L 176, -22, -21, 176, -14, -21, 64, 64, 64
L 176, -14, -21, 182, -14, -21, 64, 64, 64
L 182, -14, -21, 190, -6, -21, 64, 64, 64
L 190, -6, -21, 190, 6, -21, 64, 64, 64
L 190, 6, -21, 182, 14, -21, 64, 64, 64
L 182, 14, -21, 176, 14, -21, 64, 64, 64
L 176, 14, -21, 176, 22, -21, 64, 64, 64
L 176, 22, -21, 202, 22, -21, 64, 64, 64
L 202, 22, -21, 202, 22, -20, 64, 64, 64
L 202, 22, -20, 204, 22, -20, 64, 64, 64
L 204, 22, -20, 204, 22, -19, 64, 64, 64
L 204, 22, -19, 206, 22, -19, 64, 64, 64
L 206, 22, -19, 206, 22, -18, 64, 64, 64
L 206, 22, -18, 208, 22, -18, 64, 64, 64
L 208, 22, -18, 208, 22, -17, 64, 64, 64
L 208, 22, -17, 210, 22, -17, 64, 64, 64
L 210, 22, -17, 210, 22, -16, 64, 64, 64
L 210, 22, -16, 212, 22, -16, 64, 64, 64
L 212, 22, -16, 210, 22, -17, 64, 64, 64
L 210, 22, -17, 210, -22, -17, 64, 64, 64
L 210, -22, -17, 210, -22, -16, 64, 64, 64
L 210, -22, -16, 212, -22, -16, 64, 64, 64
L 212, -22, -16, 208, -22, -18, 64, 64, 64
L 208, -22, -18, 208, 22, -18, 64, 64, 64
L 208, 22, -18, 206, 22, -19, 64, 64, 64
L 206, 22, -19, 206, -22, -19, 64, 64, 64
L 206, -22, -19, 204, -22, -20, 64, 64, 64
L 204, -22, -20, 204, 22, -20, 64, 64, 64
L 204, 22, -20, 202, 22, -21, 64, 64, 64
L 202, 22, -21, 202, -22, -21, 64, 64, 64
L 176, -14, -21, 176, -14, -19, 64, 64, 64
L 176, -14, -19, 176, 14, -19, 64, 64, 64
L 176, 14, -19, 176, 14, -21, 64, 64, 64
L 174, 20, -14, 174, 8, -17, 64, 64, 64
L 174, 8, -17, 174, -8, -17, 64, 64, 64
L 174, -8, -17, 174, -20, -13, 64, 64, 64
L 174, -20, -13, 174, -40, -13, 64, 64, 64
L 174, -40, -13, 224, -88, -13, 64, 64, 64
L 224, -88, -13, 224, -112, -13, 64, 64, 64
L 224, -112, -13, 224, -168, 15, 64, 64, 64
L 224, -168, 15, 224, -238, 15, 64, 64, 64
L 224, -238, 15, 365, -238, 43, 64, 64, 64
L 365, -238, 43, 532, -238, 43, 64, 64, 64
L 532, -238, 43, 532, -98, 43, 64, 64, 64
L 532, -98, 43, 623, -98, 43, 64, 64, 64
L 623, -98, 43, 623, -110, 43, 64, 64, 64
L 623, -110, 43, 616, -112, 43, 64, 64, 64
L 616, -112, 43, 545, -112, 43, 64, 64, 64
L 545, -112, 43, 545, -252, 43, 64, 64, 64
L 545, -252, 43, 392, -252, 43, 64, 64, 64
L 392, -252, 43, 391, -294, 43, 64, 64, 64
L 391, -294, 43, 210, -294, 43, 64, 64, 64
L 210, -294, 43, 210, -210, 43, 64, 64, 64
L 210, -210, 43, 158, -210, 57, 64, 64, 64
L 158, -210, 57, 146, -210, 57, 64, 64, 64
L 146, -210, 57, 146, -178, 57, 64, 64, 64
L 146, -178, 57, 126, -178, 57, 64, 64, 64
L 126, -178, 57, 126, -160, 57, 64, 64, 64
L 126, -160, 57, 130, -160, 57, 64, 64, 64
L 130, -160, 57, 130, -156, 57, 64, 64, 64
L 130, -156, 57, 126, -156, 57, 64, 64, 64
L 126, -156, 57, 126, -154, 57, 64, 64, 64
L 126, -154, 57, 154, -154, 57, 64, 64, 64
L 154, -154, 57, 165, -178, 57, 64, 64, 64
L 165, -178, 57, 158, -178, 57, 64, 64, 64
L 158, -178, 57, 158, -196, 57, 64, 64, 64
L 158, -196, 57, 210, -196, 43, 64, 64, 64
L 210, -196, 43, 210, -126, 29, 64, 64, 64
L 210, -126, 29, 212, -112, 29, 64, 64, 64
L 212, -112, 29, 212, -96, 29, 64, 64, 64
L 212, -96, 29, 180, -64, 29, 64, 64, 64
L 180, -64, 29, 154, -64, 29, 64, 64, 64
L 154, -64, 29, 138, -56, 29, 64, 64, 64
L 138, -56, 29, 138, -42, 29, 64, 64, 64
L 138, -42, 29, 154, -32, 29, 64, 64, 64
L 154, -32, 29, 166, -32, 29, 64, 64, 64
L 166, -32, 29, 166, 32, 29, 64, 64, 64
L 166, 32, 29, 154, 32, 29, 64, 64, 64
L 154, 32, 29, 138, 42, 29, 64, 64, 64
L 138, 42, 29, 138, 56, 29, 64, 64, 64
L 138, 56, 29, 154, 64, 29, 64, 64, 64
L 154, 64, 29, 180, 64, 29, 64, 64, 64
L 180, 64, 29, 212, 96, 29, 64, 64, 64
L 212, 96, 29, 212, 112, 29, 64, 64, 64
L 212, 112, 29, 210, 126, 29, 64, 64, 64
L 210, 126, 29, 210, 182, 43, 64, 64, 64
L 210, 182, 43, 210, 210, 43, 64, 64, 64
L 210, 210, 43, 363, 210, 43, 64, 64, 64
L 363, 210, 43, 364, 182, 43, 64, 64, 64
L 364, 182, 43, 649, 182, 43, 64, 64, 64
L 649, 182, 43, 649, 118, 43, 64, 64, 64
L 649, 118, 43, 649, 118, 44, 64, 64, 64
L 649, 118, 44, 649, 114, 44, 64, 64, 64
L 649, 114, 44, 649, 114, 45, 64, 64, 64
L 649, 114, 45, 650, 108, 45, 64, 64, 64
L 650, 108, 45, 657, 108, 45, 64, 64, 64
L 657, 108, 45, 657, 92, 45, 64, 64, 64
L 657, 92, 45, 653, 92, 45, 64, 64, 64
L 653, 92, 45, 653, -78, 45, 64, 64, 64
L 653, -78, 45, 645, -104, 45, 64, 64, 64
L 645, -104, 45, 634, -110, 45, 64, 64, 64
L 634, -110, 45, 628, -110, 45, 64, 64, 64
L 628, -110, 45, 627, -110, 44, 64, 64, 64
L 627, -110, 44, 627, -98, 44, 64, 64, 64
L 627, -98, 44, 628, -98, 45, 64, 64, 64
L 628, -98, 45, 634, -98, 45, 64, 64, 64
L 634, -98, 45, 634, 92, 45, 64, 64, 64
L 634, 92, 45, 630, 92, 45, 64, 64, 64
L 630, 92, 45, 630, 108, 45, 64, 64, 64
L 630, 108, 45, 638, 108, 45, 64, 64, 64
L 638, 108, 45, 638, 114, 45, 64, 64, 64
L 638, 114, 45, 638, 114, 44, 64, 64, 64
L 638, 114, 44, 649, 114, 44, 64, 64, 64
L 638, 114, 44, 638, 118, 44, 64, 64, 64
L 638, 118, 44, 638, 118, 43, 64, 64, 64
L 638, 118, 43, 649, 118, 43, 64, 64, 64
L 638, 118, 43, 638, 168, 43, 64, 64, 64
L 638, 168, 43, 336, 168, 43, 64, 64, 64
L 336, 168, 43, 224, 168, 15, 64, 64, 64
L 224, 168, 15, 224, 112, -13, 64, 64, 64
L 224, 112, -13, 224, 88, -13, 64, 64, 64
L 224, 88, -13, 194, 58, -13, 64, 64, 64
L 194, 58, -13, 174, 40, -13, 64, 64, 64
L 174, 40, -13, 174, 20, -13, 64, 64, 64
L 160, -40, -13, 160, -20, -13, 64, 64, 64
L 160, -20, -13, 160, -8, -17, 64, 64, 64
L 160, -8, -17, 160, 8, -17, 64, 64, 64
L 160, 8, -17, 160, 20, -13, 64, 64, 64
L 160, 20, -13, 160, 40, -13, 64, 64, 64
L 160, 40, -13, 184, 68, -13, 64, 64, 64
L 184, 68, -13, 210, 94, -13, 64, 64, 64
L 210, 94, -13, 210, 112, -13, 64, 64, 64
L 210, 112, -13, 210, 168, 15, 64, 64, 64
L 210, 168, 15, 210, 182, 15, 64, 64, 64
L 210, 182, 15, 224, 182, 15, 64, 64, 64
L 224, 182, 15, 336, 182, 43, 64, 64, 64
L 336, 182, 43, 350, 182, 43, 64, 64, 64
L 350, 182, 43, 350, 196, 43, 64, 64, 64
L 350, 196, 43, 224, 196, 43, 64, 64, 64
L 224, 196, 43, 224, 182, 43, 64, 64, 64
L 224, 182, 43, 224, 182, 42, 64, 64, 64
L 224, 182, 42, 224, 126, 29, 64, 64, 64
L 224, 126, 29, 222, 112, 29, 64, 64, 64
L 222, 112, 29, 222, 86, 29, 64, 64, 64
L 222, 86, 29, 190, 54, 29, 64, 64, 64
L 190, 54, 29, 190, 40, 29, 64, 64, 64
L 190, 40, 29, 180, 32, 29, 64, 64, 64
L 180, 32, 29, 180, -32, 29, 64, 64, 64
L 180, -32, 29, 190, -42, 29, 64, 64, 64
L 190, -42, 29, 190, -54, 29, 64, 64, 64
L 190, -54, 29, 222, -86, 29, 64, 64, 64
L 222, -86, 29, 222, -112, 29, 64, 64, 64
L 222, -112, 29, 224, -126, 29, 64, 64, 64
L 224, -126, 29, 224, -196, 43, 64, 64, 64
L 224, -196, 43, 224, -280, 43, 64, 64, 64
L 224, -280, 43, 378, -280, 43, 64, 64, 64
L 378, -280, 43, 378, -252, 43, 64, 64, 64
L 378, -252, 43, 364, -252, 43, 64, 64, 64
L 364, -252, 43, 210, -252, 15, 64, 64, 64
L 210, -252, 15, 210, -168, 15, 64, 64, 64
L 210, -168, 15, 210, -112, -13, 64, 64, 64
L 210, -112, -13, 210, -94, -13, 64, 64, 64
L 210, -94, -13, 184, -68, -13, 64, 64, 64
L 184, -68, -13, 160, -40, -13, 64, 64, 64
L 176, 28, -14, 182, 28, -14, 64, 64, 64
L 182, 28, -14, 182, 28, -15, 64, 64, 64
L 182, 28, -15, 212, 28, -15, 64, 64, 64
L 212, 28, -15, 212, 28, -14, 64, 64, 64
L 212, 28, -14, 218, 28, -14, 64, 64, 64
L 218, 28, -14, 218, 22, -14, 64, 64, 64
L 218, 22, -14, 218, 22, -15, 64, 64, 64
L 218, 22, -15, 218, 5, -15, 64, 64, 64
L 218, 5, -15, 224, 5, -15, 64, 64, 64
L 224, 5, -15, 224, 14, -15, 64, 64, 64
L 224, 14, -15, 238, 14, -15, 64, 64, 64
L 238, 14, -15, 238, 42, -15, 64, 64, 64
L 238, 42, -15, 238, 42, -14, 64, 64, 64
L 238, 42, -14, 238, 70, -14, 64, 64, 64
L 238, 70, -14, 252, 70, -14, 64, 64, 64
L 252, 70, -14, 252, 70, -13, 64, 64, 64
L 252, 70, -13, 254, 70, -13, 64, 64, 64
L 254, 70, -13, 254, 70, -12, 64, 64, 64
L 254, 70, -12, 256, 70, -12, 64, 64, 64
L 256, 70, -12, 256, 70, -11, 64, 64, 64
L 256, 70, -11, 258, 70, -11, 64, 64, 64
L 258, 70, -11, 258, 70, -10, 64, 64, 64
L 258, 70, -10, 260, 70, -10, 64, 64, 64
L 260, 70, -10, 260, 70, -9, 64, 64, 64
L 260, 70, -9, 262, 70, -9, 64, 64, 64
L 262, 70, -9, 262, 70, -8, 64, 64, 64
L 262, 70, -8, 264, 70, -8, 64, 64, 64
L 264, 70, -8, 264, 70, -7, 64, 64, 64
L 264, 70, -7, 266, 70, -7, 64, 64, 64
L 266, 70, -7, 266, 70, -6, 64, 64, 64
L 266, 70, -6, 268, 70, -6, 64, 64, 64
L 268, 70, -6, 268, 70, -5, 64, 64, 64
L 268, 70, -5, 270, 70, -5, 64, 64, 64
L 270, 70, -5, 270, 70, -4, 64, 64, 64
L 270, 70, -4, 272, 70, -4, 64, 64, 64
L 272, 70, -4, 272, 70, -3, 64, 64, 64
L 272, 70, -3, 274, 70, -3, 64, 64, 64
L 274, 70, -3, 274, 70, -2, 64, 64, 64
L 274, 70, -2, 276, 70, -2, 64, 64, 64
L 276, 70, -2, 276, 70, -1, 64, 64, 64
L 276, 70, -1, 278, 70, -1, 64, 64, 64
L 278, 70, -1, 278, 70, -0, 64, 64, 64
L 278, 70, -0, 280, 70, -0, 64, 64, 64
L 280, 70, -0, 280, 70, 1, 64, 64, 64
L 280, 70, 1, 294, 70, 1, 64, 64, 64
L 294, 70, 1, 294, 58, 1, 64, 64, 64
L 294, 58, 1, 292, 58, 1, 64, 64, 64
L 292, 58, 1, 292, 56, 1, 64, 64, 64
L 292, 56, 1, 294, 56, 1, 64, 64, 64
L 294, 56, 1, 294, 42, 1, 64, 64, 64
L 294, 42, 1, 308, 42, 1, 64, 64, 64
L 308, 42, 1, 308, -42, 1, 64, 64, 64
L 308, -42, 1, 294, -42, 1, 64, 64, 64
L 294, -42, 1, 294, -56, 1, 64, 64, 64
L 294, -56, 1, 292, -56, 1, 64, 64, 64
L 292, -56, 1, 292, -58, 1, 64, 64, 64
L 292, -58, 1, 294, -58, 1, 64, 64, 64
L 294, -58, 1, 294, -70, 1, 64, 64, 64
L 294, -70, 1, 280, -70, 1, 64, 64, 64
L 280, -70, 1, 280, -70, -0, 64, 64, 64
L 280, -70, -0, 278, -70, -0, 64, 64, 64
L 278, -70, -0, 278, -70, -1, 64, 64, 64
L 278, -70, -1, 276, -70, -1, 64, 64, 64
L 276, -70, -1, 276, -70, -2, 64, 64, 64
L 276, -70, -2, 272, -70, -3, 64, 64, 64
L 272, -70, -3, 272, -70, -4, 64, 64, 64
L 272, -70, -4, 270, -70, -4, 64, 64, 64
L 270, -70, -4, 270, -70, -5, 64, 64, 64
L 270, -70, -5, 268, -70, -5, 64, 64, 64
L 268, -70, -5, 268, -70, -6, 64, 64, 64
L 268, -70, -6, 266, -70, -6, 64, 64, 64
L 266, -70, -6, 266, -70, -7, 64, 64, 64
L 266, -70, -7, 264, -70, -7, 64, 64, 64
L 264, -70, -7, 264, -70, -8, 64, 64, 64
L 264, -70, -8, 262, -70, -8, 64, 64, 64
L 262, -70, -8, 262, -70, -9, 64, 64, 64
L 262, -70, -9, 260, -70, -9, 64, 64, 64
L 260, -70, -9, 260, -70, -10, 64, 64, 64
L 260, -70, -10, 258, -70, -10, 64, 64, 64
L 258, -70, -10, 258, -70, -11, 64, 64, 64
L 258, -70, -11, 256, -70, -11, 64, 64, 64
L 256, -70, -11, 256, -70, -12, 64, 64, 64
L 256, -70, -12, 254, -70, -12, 64, 64, 64
L 254, -70, -12, 254, -70, -13, 64, 64, 64
L 254, -70, -13, 252, -70, -13, 64, 64, 64
L 252, -70, -13, 252, -70, -14, 64, 64, 64
L 252, -42, -15, 238, -42, -15, 64, 64, 64
L 252, -42, -15, 252, -42, -14, 64, 64, 64
L 252, -42, -14, 252, -70, -14, 64, 64, 64
L 254, -58, -13, 254, -70, -13, 64, 64, 64
L 256, -70, -12, 256, -58, -12, 64, 64, 64
L 258, -58, -11, 258, -70, -11, 64, 64, 64
L 260, -70, -10, 260, -58, -10, 64, 64, 64
L 262, -58, -9, 262, -70, -9, 64, 64, 64
L 264, -58, -8, 264, -70, -8, 64, 64, 64
L 266, -70, -7, 266, -58, -7, 64, 64, 64
L 268, -58, -6, 268, -70, -6, 64, 64, 64
L 270, -70, -5, 270, -58, -5, 64, 64, 64
L 272, -58, -4, 272, -70, -4, 64, 64, 64
L 274, -70, -3, 274, -58, -3, 64, 64, 64
L 276, -58, -2, 276, -70, -2, 64, 64, 64
L 278, -70, -1, 278, -58, -1, 64, 64, 64
L 280, -58, -0, 280, -70, -0, 64, 64, 64
L 308, -39, 2, 310, -38, 2, 64, 64, 64
L 310, -38, 2, 310, -37, 3, 64, 64, 64
L 310, -37, 3, 312, -36, 3, 64, 64, 64
L 312, -36, 3, 312, -35, 4, 64, 64, 64
L 312, -35, 4, 314, -34, 4, 64, 64, 64
L 314, -34, 4, 314, -34, 5, 64, 64, 64
L 314, -34, 5, 316, -32, 5, 64, 64, 64
L 316, -32, 5, 316, -31, 6, 64, 64, 64
L 316, -31, 6, 318, -30, 6, 64, 64, 64
L 318, -30, 6, 318, -29, 7, 64, 64, 64
L 318, -29, 7, 320, -28, 7, 64, 64, 64
L 320, -28, 7, 320, -27, 8, 64, 64, 64
L 320, -27, 8, 322, -26, 8, 64, 64, 64
L 322, -26, 8, 322, -26, 9, 64, 64, 64
L 322, -26, 9, 322, -27, 9, 64, 64, 64
L 322, -27, 9, 336, -14, 9, 64, 64, 64
L 336, -14, 9, 336, 14, 9, 64, 64, 64
L 336, 14, 9, 322, 27, 9, 64, 64, 64
L 322, 27, 9, 322, 26, 9, 64, 64, 64
L 322, 26, 9, 322, 26, 8, 64, 64, 64
L 322, 26, 8, 320, 27, 8, 64, 64, 64
L 320, 27, 8, 320, 28, 7, 64, 64, 64
L 320, 28, 7, 318, 29, 7, 64, 64, 64
L 318, 29, 7, 318, 30, 6, 64, 64, 64
L 318, 30, 6, 316, 32, 6, 64, 64, 64
L 316, 32, 6, 316, 32, 5, 64, 64, 64
L 316, 32, 5, 314, 33, 5, 64, 64, 64
L 314, 33, 5, 314, 34, 4, 64, 64, 64
L 314, 34, 4, 312, 35, 4, 64, 64, 64
L 312, 35, 4, 312, 36, 3, 64, 64, 64
L 312, 36, 3, 310, 37, 3, 64, 64, 64
L 310, 37, 3, 310, 38, 2, 64, 64, 64
L 310, 38, 2, 308, 39, 2, 64, 64, 64
L 308, 39, 2, 308, 40, 1, 64, 64, 64
L 310, 38, 2, 310, -38, 2, 64, 64, 64
L 312, -36, 3, 312, 36, 3, 64, 64, 64
L 314, 34, 4, 314, -34, 4, 64, 64, 64
L 316, -32, 5, 316, 32, 5, 64, 64, 64
L 318, 30, 6, 318, -30, 6, 64, 64, 64
L 320, -28, 7, 320, 28, 7, 64, 64, 64
L 322, 26, 8, 322, -26, 8, 64, 64, 64
L 322, -27, 9, 322, -28, 11, 64, 64, 64
L 322, -28, 11, 308, -42, 4, 64, 64, 64
L 308, -42, 4, 308, -56, 5, 64, 64, 64
L 308, -56, 5, 294, -56, 5, 64, 64, 64
L 294, -56, 5, 294, -56, 1, 64, 64, 64
L 322, 27, 9, 321, 28, 11, 64, 64, 64
L 321, 28, 11, 308, 41, 5, 64, 64, 64
L 308, 41, 5, 308, 56, 5, 64, 64, 64
L 308, 56, 5, 294, 56, 5, 64, 64, 64
L 280, 56, 1, 280, 56, 5, 64, 64, 64
L 280, 56, 5, 266, 56, 5, 64, 64, 64
L 266, 56, 5, 266, 42, 5, 64, 64, 64
L 266, 42, 5, 266, 42, 1, 64, 64, 64
L 266, 42, 1, 266, 40, 1, 64, 64, 64
L 266, 40, 1, 250, 40, 1, 64, 64, 64
L 250, 40, 1, 250, 42, 1, 64, 64, 64
L 250, 42, 1, 251, 42, 1, 64, 64, 64
L 251, 42, 1, 238, 56, 1, 64, 64, 64
L 238, 56, 1, 238, 82, 1, 64, 64, 64
L 238, 82, 1, 236, 82, 1, 64, 64, 64
L 236, 82, 1, 236, 84, 1, 64, 64, 64
L 236, 84, 1, 238, 84, 1, 64, 64, 64
L 238, 84, 1, 238, 98, 1, 64, 64, 64
L 238, 98, 1, 294, 98, 1, 64, 64, 64
L 294, 98, 1, 294, 84, 1, 64, 64, 64
L 294, 84, 1, 322, 42, 1, 64, 64, 64
L 322, 42, 1, 336, 28, 1, 64, 64, 64
L 336, 28, 1, 363, -5, 1, 64, 64, 64
L 363, -5, 1, 364, 16, 1, 64, 64, 64
L 364, 16, 1, 366, 16, 1, 64, 64, 64
L 366, 16, 1, 366, -12, 1, 100, 50, 0
L 366, -12, 1, 389, -12, 1, 100, 50, 0
L 389, -12, 1, 389, 12, 1, 100, 50, 0
L 389, 12, 1, 376, 12, 1, 100, 50, 0
L 376, 12, 1, 376, 16, 1, 100, 50, 0
L 376, 16, 1, 378, 16, 1, 64, 64, 64
L 378, 16, 1, 378, 14, 1, 64, 64, 64
L 378, 14, 1, 392, 14, 1, 64, 64, 64
L 392, 14, 1, 392, 14, 2, 64, 64, 64
L 392, 14, 2, 392, -12, 2, 64, 64, 64
L 392, -12, 2, 405, 14, 2, 64, 64, 64
L 405, 14, 2, 433, 28, 1, 64, 64, 64
L 433, 28, 1, 434, 70, 1, 64, 64, 64
L 434, 70, 1, 447, 70, 1, 64, 64, 64
L 447, 70, 1, 447, 72, 1, 64, 64, 64
L 447, 72, 1, 450, 72, 1, 64, 64, 64
L 450, 72, 1, 450, 68, 1, 100, 50, 0
L 450, 68, 1, 436, 68, 1, 100, 50, 0
L 436, 68, 1, 436, 56, 1, 100, 50, 0
L 436, 56, 1, 462, 56, 1, 100, 50, 0
L 462, 56, 1, 462, 40, 1, 100, 50, 0
L 462, 40, 1, 460, 40, 1, 100, 50, 0
L 460, 40, 1, 459, 54, 1, 100, 50, 0
L 459, 54, 1, 436, 54, 1, 100, 50, 0
L 436, 54, 1, 436, 28, 1, 100, 50, 0
L 436, 28, 1, 459, 28, 1, 100, 50, 0
L 459, 28, 1, 460, 30, 1, 100, 50, 0
L 460, 30, 1, 473, 30, 1, 100, 50, 0
L 473, 30, 1, 473, 68, 1, 100, 50, 0
L 473, 68, 1, 460, 68, 1, 100, 50, 0
L 460, 68, 1, 460, 72, 1, 100, 50, 0
L 460, 72, 1, 462, 72, 1, 64, 64, 64
L 462, 72, 1, 462, 70, 1, 64, 64, 64
L 462, 70, 1, 476, 70, 1, 64, 64, 64
L 476, 70, 1, 476, 28, 1, 64, 64, 64
L 476, 28, 1, 504, 0, 1, 64, 64, 64
L 504, 0, 1, 512, 0, 1, 64, 64, 64
L 512, 0, 1, 512, -2, 1, 64, 64, 64
L 512, -2, 1, 512, -2, -0, 64, 64, 64
L 512, -2, -0, 512, -4, -0, 64, 64, 64
L 512, -4, -0, 512, -4, -1, 64, 64, 64
L 512, -4, -1, 512, -6, -1, 64, 64, 64
L 512, -6, -1, 512, -6, -2, 64, 64, 64
L 512, -6, -2, 512, -8, -2, 64, 64, 64
L 512, -8, -2, 512, -8, -3, 64, 64, 64
L 512, -8, -3, 523, -8, -3, 64, 64, 64
L 523, -8, -3, 523, -20, -3, 64, 64, 64
L 523, -20, -3, 471, -20, -3, 64, 64, 64
L 471, -20, -3, 471, -32, -3, 64, 64, 64
L 471, -32, -3, 436, -32, -3, 64, 64, 64
L 436, -32, -3, 436, -20, -3, 64, 64, 64
L 436, -20, -3, 424, -20, -3, 64, 64, 64
L 424, -20, -3, 424, -8, -3, 64, 64, 64
L 424, -8, -3, 436, -8, -3, 64, 64, 64
L 436, -8, -3, 436, 4, -3, 64, 64, 64
L 436, 4, -3, 471, 4, -3, 64, 64, 64
L 471, 4, -3, 471, -8, -3, 64, 64, 64
L 471, -8, -3, 513, -8, -3, 64, 64, 64
L 523, -8, -3, 523, -8, -2, 64, 64, 64
L 523, -8, -2, 523, -6, -2, 64, 64, 64
L 523, -6, -2, 523, -6, -1, 64, 64, 64
L 523, -6, -1, 523, -4, -1, 64, 64, 64
L 523, -4, -1, 523, -4, -0, 64, 64, 64
L 523, -4, -0, 523, -2, -0, 64, 64, 64
L 523, -2, -0, 512, -2, -0, 64, 64, 64
L 523, -4, -1, 512, -4, -1, 64, 64, 64
L 512, -6, -2, 523, -6, -2, 64, 64, 64
L 523, -20, -3, 523, -20, -2, 64, 64, 64
L 523, -20, -2, 523, -22, -2, 64, 64, 64
L 523, -22, -2, 523, -22, -1, 64, 64, 64
L 523, -22, -1, 523, -24, -1, 64, 64, 64
L 523, -24, -1, 523, -24, -0, 64, 64, 64
L 523, -24, -0, 523, -26, -0, 64, 64, 64
L 523, -26, -0, 523, -26, 1, 64, 64, 64
L 523, -26, 1, 523, -26, -0, 64, 64, 64
L 523, -26, -0, 512, -26, -0, 64, 64, 64
L 512, -26, -0, 512, -24, -0, 64, 64, 64
L 512, -24, -0, 512, -24, -1, 64, 64, 64
L 512, -24, -1, 512, -22, -1, 64, 64, 64
L 512, -22, -1, 512, -22, -2, 64, 64, 64
L 512, -22, -2, 512, -20, -2, 64, 64, 64
L 512, -20, -2, 512, -20, -3, 64, 64, 64
L 523, -22, -2, 512, -22, -2, 64, 64, 64
L 523, -24, -1, 512, -24, -1, 64, 64, 64
L 512, -26, 1, 512, -28, 1, 64, 64, 64
L 512, -28, 1, 504, -28, 1, 64, 64, 64
L 504, -28, 1, 476, -56, 1, 64, 64, 64
L 476, -56, 1, 434, -70, 1, 64, 64, 64
L 434, -70, 1, 406, -56, 1, 64, 64, 64
L 406, -56, 1, 405, -56, 2, 64, 64, 64
L 405, -56, 2, 392, -35, 2, 0, 127, 0
L 392, -35, 2, 365, -56, 2, 0, 127, 0
L 365, -56, 2, 392, -56, 2, 0, 127, 0
L 392, -56, 2, 392, -56, 1, 64, 64, 64
L 392, -56, 1, 392, -98, 1, 64, 64, 64
L 392, -98, 1, 364, -98, 1, 64, 64, 64
L 364, -98, 1, 364, -126, 1, 64, 64, 64
L 364, -126, 1, 336, -126, 1, 64, 64, 64
L 336, -126, 1, 336, -128, 1, 64, 64, 64
L 336, -128, 1, 334, -128, 1, 64, 64, 64
L 334, -128, 1, 334, -124, 1, 64, 64, 64
L 361, -124, 1, 334, -124, 1, 100, 50, 0
L 361, -124, 1, 361, -96, 1, 100, 50, 0
L 361, -96, 1, 389, -96, 1, 100, 50, 0
L 389, -96, 1, 389, -58, 1, 100, 50, 0
L 389, -58, 1, 338, -58, 1, 100, 50, 0
L 338, -58, 1, 338, -84, 1, 100, 50, 0
L 338, -84, 1, 340, -84, 1, 100, 50, 0
L 340, -84, 1, 340, -108, 1, 100, 50, 0
L 340, -108, 1, 346, -108, 1, 100, 50, 0
L 346, -108, 1, 346, -84, 1, 100, 50, 0
L 346, -84, 1, 350, -80, 1, 100, 50, 0
L 350, -80, 1, 373, -80, 1, 100, 50, 0
L 373, -80, 1, 373, -74, 1, 100, 50, 0
L 373, -74, 1, 350, -74, 1, 100, 50, 0
L 350, -74, 1, 350, -70, 1, 100, 50, 0
L 350, -70, 1, 378, -70, 1, 100, 50, 0
L 378, -70, 1, 378, -84, 1, 100, 50, 0
L 378, -84, 1, 350, -84, 1, 100, 50, 0
L 350, -84, 1, 350, -112, 1, 100, 50, 0
L 350, -112, 1, 336, -112, 1, 100, 50, 0
L 336, -112, 1, 336, -82, 1, 100, 50, 0
L 336, -82, 1, 335, -82, -0, 100, 50, 0
L 335, -82, -0, 336, -81, -0, 100, 50, 0
L 336, -81, -0, 336, -81, -1, 100, 50, 0
L 336, -81, -1, 336, -80, -1, 100, 50, 0
L 336, -80, -1, 336, -80, -2, 100, 50, 0
L 336, -80, -2, 336, -79, -2, 100, 50, 0
L 336, -79, -2, 335, -79, -3, 100, 50, 0
L 335, -79, -3, 336, -78, -3, 100, 50, 0
L 336, -78, -3, 336, -78, -4, 100, 50, 0
L 336, -78, -4, 336, -77, -4, 100, 50, 0
L 336, -77, -4, 336, -77, -5, 100, 50, 0
L 336, -77, -5, 336, -76, -5, 100, 50, 0
L 336, -76, -5, 336, -76, -6, 100, 50, 0
L 336, -76, -6, 336, -75, -6, 100, 50, 0
L 336, -75, -6, 336, -75, -7, 100, 50, 0
L 336, -75, -7, 336, -74, -7, 100, 50, 0
L 336, -74, -7, 336, -74, -8, 100, 50, 0
L 336, -74, -8, 336, -73, -8, 100, 50, 0
L 336, -73, -8, 336, -73, -9, 100, 50, 0
L 336, -73, -9, 336, -72, -9, 100, 50, 0
L 336, -72, -9, 336, -72, -10, 100, 50, 0
L 336, -72, -10, 336, -71, -10, 100, 50, 0
L 336, -71, -10, 336, -71, -11, 100, 50, 0
L 336, -71, -11, 336, -70, -11, 100, 50, 0
L 336, -70, -11, 336, -70, -12, 100, 50, 0
L 336, -70, -12, 336, -69, -12, 100, 50, 0
L 336, -69, -12, 336, -69, -13, 100, 50, 0
L 336, -69, -13, 336, -68, -13, 100, 50, 0
L 336, -68, -13, 338, -68, -13, 100, 50, 0
L 338, -68, -13, 338, -94, -13, 100, 50, 0
L 338, -94, -13, 361, -94, -13, 100, 50, 0
L 361, -94, -13, 361, -70, -13, 100, 50, 0
L 361, -70, -13, 348, -70, -13, 100, 50, 0
L 348, -70, -13, 348, -68, -13, 100, 50, 0
L 348, -68, -13, 361, -68, -13, 100, 50, 0
L 361, -68, -13, 361, -66, -13, 100, 50, 0
L 361, -66, -13, 364, -66, -13, 100, 50, 0
L 364, -66, -13, 364, -80, -13, 100, 50, 0
L 364, -80, -13, 375, -80, -13, 100, 50, 0
L 375, -80, -13, 375, -56, -13, 100, 50, 0
L 375, -56, -13, 326, -56, -13, 100, 50, 0
L 326, -56, -13, 326, -69, -13, 100, 50, 0
L 326, -69, -13, 326, -69, -12, 100, 50, 0
L 326, -69, -12, 326, -70, -12, 100, 50, 0
L 326, -70, -12, 326, -70, -11, 100, 50, 0
L 326, -70, -11, 326, -71, -11, 100, 50, 0
L 326, -71, -11, 326, -71, -10, 100, 50, 0
L 326, -71, -10, 326, -72, -10, 100, 50, 0
L 326, -72, -10, 326, -72, -9, 100, 50, 0
L 326, -72, -9, 326, -73, -9, 100, 50, 0
L 326, -73, -9, 326, -73, -8, 100, 50, 0
L 326, -73, -8, 326, -74, -8, 100, 50, 0
L 326, -74, -8, 326, -74, -7, 100, 50, 0
L 326, -74, -7, 326, -75, -7, 100, 50, 0
L 326, -75, -7, 326, -75, -6, 100, 50, 0
L 326, -75, -6, 326, -76, -6, 100, 50, 0
L 326, -76, -6, 326, -76, -5, 100, 50, 0
L 326, -76, -5, 326, -77, -5, 100, 50, 0
L 326, -77, -5, 326, -77, -4, 100, 50, 0
L 326, -77, -4, 326, -78, -4, 100, 50, 0
L 326, -78, -4, 326, -78, -3, 100, 50, 0
L 326, -78, -3, 326, -79, -3, 100, 50, 0
L 326, -79, -3, 326, -79, -2, 100, 50, 0
L 326, -79, -2, 326, -80, -2, 100, 50, 0
L 326, -80, -2, 326, -80, -1, 100, 50, 0
L 326, -80, -1, 326, -81, -1, 100, 50, 0
L 326, -81, -1, 326, -81, -0, 100, 50, 0
L 326, -81, -0, 326, -82, -0, 100, 50, 0
L 326, -82, -0, 326, -82, 1, 100, 50, 0
L 326, -82, 1, 326, -84, 1, 100, 50, 0
L 326, -84, 1, 324, -84, 1, 100, 50, 0
L 324, -84, 1, 324, -96, 1, 100, 50, 0
L 324, -128, 1, 334, -128, 1, 100, 50, 0
L 334, -126, 1, 324, -126, 1, 100, 50, 0
L 348, -68, -13, 338, -68, -13, 100, 50, 0
L 338, -69, -13, 348, -70, -13, 100, 50, 0
L 362, -66, -13, 362, -56, -13, 100, 50, 0
L 363, -66, -13, 363, -56, -13, 100, 50, 0
L 392, -154, 1, 406, -154, 1, 0, 127, 0
