L 426, -445, 1, 426, -436, 1, 64, 64, 64
L 427, -445, 1, 427, -436, 1, 64, 64, 64
L 754, -368, -9, 753, -367, -10, 64, 64, 64
L 769, -390, -3, 754, -368, -9, 64, 64, 64
L 770, -392, -7, 769, -390, -3, 64, 64, 64
L 814, -367, -9, 814, -367, -10, 64, 64, 64
L 798, -390, -3, 814, -367, -9, 64, 64, 64
L 797, -392, -7, 798, -390, -3, 64, 64, 64
L 670, -406, -55, 669, -406, -57, 0, 0, 240
L 685, -420, -41, 670, -406, -55, 0, 0, 240
L 685, -448, -41, 685, -420, -41, 0, 0, 240
L 674, -461, -52, 673, -462, -57, 0, 0, 240
L 685, -448, -41, 674, -461, -52, 0, 0, 240
L 587, -699, 1, 591, -699, 1, 64, 64, 64
L 587, -703, 1, 587, -699, 1, 64, 64, 64
L 542, -750, 1, 536, -750, 1, 64, 64, 64
L 542, -741, 1, 542, -750, 1, 64, 64, 64
L 536, -741, 1, 542, -741, 1, 64, 64, 64
L 536, -750, 1, 536, -741, 1, 64, 64, 64
L 530, -753, 1, 526, -753, 1, 64, 64, 64
L 530, -757, 1, 530, -753, 1, 64, 64, 64
L 545, -757, 1, 530, -757, 1, 64, 64, 64
L 546, -753, 1, 545, -757, 1, 64, 64, 64
L 549, -753, 1, 546, -753, 1, 64, 64, 64
L 550, -751, 1, 549, -753, 1, 64, 64, 64
L 610, -751, 1, 550, -751, 1, 64, 64, 64
L 610, -766, 1, 610, -751, 1, 64, 64, 64
L 574, -766, 0, 610, -766, 1, 64, 64, 64
L 574, -801, 0, 574, -766, 0, 64, 64, 64
L 621, -801, 1, 574, -801, 0, 64, 64, 64
L 621, -754, 1, 621, -801, 1, 64, 64, 64
L 619, -754, 1, 621, -754, 1, 64, 64, 64
L 619, -752, 1, 619, -754, 1, 64, 64, 64
L 636, -752, 1, 619, -752, 1, 64, 64, 64
L 636, -775, 1, 636, -752, 1, 64, 64, 64
L 683, -775, 1, 636, -775, 1, 64, 64, 64
L 683, -716, 1, 683, -775, 1, 64, 64, 64
L 636, -716, 1, 683, -716, 1, 64, 64, 64
L 636, -740, 1, 636, -716, 1, 64, 64, 64
L 609, -740, 1, 636, -740, 1, 64, 64, 64
L 609, -726, 1, 609, -740, 1, 64, 64, 64
L 622, -726, 1, 609, -726, 1, 64, 64, 64
L 622, -738, 0, 622, -726, 1, 64, 64, 64
L 634, -738, 0, 622, -738, 0, 64, 64, 64
L 634, -702, 0, 634, -738, 0, 64, 64, 64
L 598, -702, 0, 634, -702, 0, 64, 64, 64
L 598, -737, 1, 598, -702, 0, 64, 64, 64
L 600, -737, 1, 598, -737, 1, 64, 64, 64
L 600, -740, 1, 600, -737, 1, 64, 64, 64
L 586, -740, 1, 600, -740, 1, 64, 64, 64
L 585, -703, 1, 586, -740, 1, 64, 64, 64
L 587, -703, 1, 585, -703, 1, 64, 64, 64
L 592, -684, 0, 592, -700, 0, 64, 64, 64
L 587, -684, 1, 592, -684, 0, 64, 64, 64
L 587, -679, 1, 587, -684, 1, 64, 64, 64
L 591, -679, 1, 587, -679, 1, 64, 64, 64
L 591, -632, 1, 591, -679, 1, 64, 64, 64
L 586, -632, 1, 591, -632, 1, 64, 64, 64
L 586, -627, 1, 586, -632, 1, 64, 64, 64
L 588, -627, 1, 586, -627, 1, 64, 64, 64
L 588, -629, 1, 588, -627, 1, 64, 64, 64
L 602, -629, 1, 588, -629, 1, 64, 64, 64
L 602, -643, 1, 602, -629, 1, 64, 64, 64
L 616, -643, 1, 602, -643, 1, 64, 64, 64
L 616, -657, 1, 616, -643, 1, 0, 127, 0
L 629, -644, 1, 616, -657, 1, 0, 127, 0
L 629, -616, 1, 629, -644, 1, 0, 127, 0
L 601, -602, 1, 615, -574, -12, 0, 127, 0
L 629, -616, 1, 601, -602, 1, 0, 127, 0
L 909, -549, 1, 909, -558, 1, 64, 64, 64
L 916, -549, 1, 909, -549, 1, 64, 64, 64
L 916, -558, 1, 916, -549, 1, 64, 64, 64
L 909, -558, 1, 916, -558, 1, 64, 64, 64
L 924, -569, 1, 925, -569, 1, 64, 64, 64
L 924, -572, 0, 924, -569, 1, 64, 64, 64
L 904, -572, 0, 924, -572, 0, 64, 64, 64
L 904, -569, 1, 904, -572, 0, 64, 64, 64
L 901, -569, 1, 904, -569, 1, 64, 64, 64
L 928, -582, 1, 904, -582, 0, 64, 64, 64
L 928, -524, 0, 928, -582, 1, 64, 64, 64
L 904, -524, 0, 928, -524, 0, 64, 64, 64
L 904, -498, 1, 904, -524, 0, 64, 64, 64
L 901, -498, 1, 904, -498, 1, 64, 64, 64
L 901, -538, 1, 901, -498, 1, 64, 64, 64
L 904, -538, 1, 901, -538, 1, 64, 64, 64
L 904, -536, 1, 904, -538, 1, 64, 64, 64
L 923, -536, 1, 904, -536, 1, 64, 64, 64
L 923, -538, 1, 923, -536, 1, 64, 64, 64
L 925, -538, 1, 923, -538, 1, 64, 64, 64
L 925, -569, 1, 925, -538, 1, 64, 64, 64
L 901, -608, 0, 901, -570, 1, 64, 64, 64
L 904, -608, 0, 901, -608, 0, 64, 64, 64
L 904, -582, 0, 904, -608, 0, 64, 64, 64
L 805, -591, 1, 805, -584, 1, 64, 64, 64
L 797, -583, 1, 805, -583, 1, 64, 64, 64
L 797, -522, 1, 805, -522, 1, 64, 64, 64
L 805, -522, 1, 805, -514, 1, 64, 64, 64
L 867, -591, 3, 866, -591, 1, 64, 64, 64
L 874, -591, 3, 867, -591, 3, 64, 64, 64
L 874, -584, 3, 874, -591, 3, 64, 64, 64
L 874, -583, 1, 874, -584, 3, 64, 64, 64
L 874, -522, 3, 874, -522, 1, 64, 64, 64
L 874, -514, 3, 874, -522, 3, 64, 64, 64
L 867, -514, 3, 874, -514, 3, 64, 64, 64
L 866, -514, 1, 867, -514, 3, 64, 64, 64
L 866, -522, 1, 866, -514, 1, 64, 64, 64
L 874, -522, 1, 866, -522, 1, 64, 64, 64
L 874, -583, 1, 874, -522, 1, 64, 64, 64
L 867, -583, 1, 874, -583, 1, 64, 64, 64
L 866, -584, 1, 867, -583, 1, 64, 64, 64
L 866, -591, 1, 866, -584, 1, 64, 64, 64
L 841, -592, 1, 866, -591, 1, 64, 64, 64
L 841, -606, 1, 841, -592, 1, 64, 64, 64
L 890, -606, 1, 841, -606, 1, 64, 64, 64
L 890, -499, 1, 890, -606, 1, 64, 64, 64
L 841, -499, 1, 890, -499, 1, 64, 64, 64
L 841, -514, 1, 841, -499, 1, 64, 64, 64
L 866, -514, 1, 841, -514, 1, 64, 64, 64
L 841, -518, -1, 841, -522, -3, 64, 64, 64
L 830, -518, -1, 841, -518, -1, 64, 64, 64
L 841, -520, -2, 830, -520, -2, 64, 64, 64
L 841, -516, -0, 841, -520, -2, 64, 64, 64
L 830, -516, -0, 841, -516, -0, 64, 64, 64
L 830, -516, -0, 830, -522, -3, 64, 64, 64
L 824, -533, -3, 816, -541, -3, 64, 64, 64
L 824, -533, -3, 830, -533, -3, 64, 64, 64
L 817, -542, -2, 825, -534, -2, 64, 64, 64
L 855, -563, -2, 846, -572, -2, 64, 64, 64
L 844, -572, -1, 855, -561, -1, 64, 64, 64
L 855, -559, -0, 842, -572, -0, 64, 64, 64
L 855, -542, -2, 846, -534, -2, 64, 64, 64
L 855, -546, -0, 842, -534, -0, 64, 64, 64
L 855, -544, -1, 855, -545, -3, 64, 64, 64
L 844, -534, -1, 855, -544, -1, 64, 64, 64
L 848, -533, -3, 855, -541, -3, 64, 64, 64
L 829, -533, -3, 848, -533, -3, 64, 64, 64
L 829, -534, -0, 829, -533, -3, 64, 64, 64
L 817, -546, -0, 829, -534, -0, 64, 64, 64
L 817, -544, -1, 827, -534, -1, 64, 64, 64
L 829, -572, -0, 817, -559, -0, 64, 64, 64
L 829, -572, -3, 829, -572, -0, 64, 64, 64
L 827, -572, -3, 829, -572, -3, 64, 64, 64
L 827, -572, -1, 827, -572, -3, 64, 64, 64
L 817, -561, -1, 827, -572, -1, 64, 64, 64
L 825, -572, -2, 817, -563, -2, 64, 64, 64
L 825, -572, -3, 825, -572, -2, 64, 64, 64
L 830, -589, -0, 830, -583, -3, 64, 64, 64
L 841, -587, -1, 841, -583, -3, 64, 64, 64
L 830, -587, -1, 841, -587, -1, 64, 64, 64
L 830, -589, -0, 830, -587, -1, 64, 64, 64
L 830, -585, -2, 830, -589, -0, 64, 64, 64
L 841, -585, -2, 830, -585, -2, 64, 64, 64
L 841, -589, -0, 841, -585, -2, 64, 64, 64
L 830, -589, -0, 841, -589, -0, 64, 64, 64
L 817, -565, -3, 817, -540, -3, 64, 64, 64
L 824, -572, -3, 817, -565, -3, 64, 64, 64
L 848, -572, -3, 824, -572, -3, 64, 64, 64
L 855, -565, -3, 848, -572, -3, 64, 64, 64
L 855, -541, -3, 855, -565, -3, 64, 64, 64
L 801, -542, -1, 801, -563, -1, 64, 64, 64
L 803, -542, -2, 801, -542, -1, 64, 64, 64
L 803, -563, -2, 803, -542, -2, 64, 64, 64
L 805, -563, -3, 803, -563, -2, 64, 64, 64
L 799, -563, -0, 805, -563, -3, 64, 64, 64
L 799, -542, -0, 799, -563, -0, 64, 64, 64
L 805, -522, -3, 805, -583, -3, 64, 64, 64
L 866, -522, -3, 805, -522, -3, 64, 64, 64
L 866, -583, -3, 866, -522, -3, 64, 64, 64
L 805, -583, -3, 866, -583, -3, 64, 64, 64
L 805, -542, -3, 805, -583, -3, 64, 64, 64
L 799, -542, -0, 805, -542, -3, 64, 64, 64
L 713, -489, -9, 686, -489, -17, 0, 127, 0
L 714, -489, -8, 713, -489, -9, 0, 127, 0
L 728, -546, -4, 714, -489, -8, 0, 127, 0
L 742, -587, 1, 728, -546, -4, 0, 127, 0
L 770, -587, 1, 742, -587, 1, 0, 127, 0
L 783, -574, 10, 770, -587, 1, 0, 127, 0
L 769, -574, 1, 783, -574, 10, 64, 64, 64
L 756, -559, 1, 769, -574, 1, 64, 64, 64
L 767, -559, 1, 756, -559, 1, 64, 64, 64
L 767, -558, 1, 767, -559, 1, 64, 64, 64
L 773, -558, 1, 767, -558, 1, 64, 64, 64
L 773, -563, 1, 773, -558, 1, 64, 64, 64
L 797, -564, 1, 773, -563, 1, 64, 64, 64
L 797, -583, 1, 797, -564, 1, 64, 64, 64
L 797, -584, 3, 797, -583, 1, 64, 64, 64
L 797, -591, 3, 797, -584, 3, 64, 64, 64
L 805, -591, 3, 797, -591, 3, 64, 64, 64
L 805, -591, 1, 805, -591, 3, 64, 64, 64
L 830, -592, 1, 805, -591, 1, 64, 64, 64
L 830, -617, 1, 830, -592, 1, 64, 64, 64
L 939, -617, 1, 830, -617, 1, 64, 64, 64
L 939, -488, 1, 939, -617, 1, 64, 64, 64
L 830, -488, 1, 939, -488, 1, 64, 64, 64
L 830, -514, 1, 830, -488, 1, 64, 64, 64
L 805, -514, 1, 830, -514, 1, 64, 64, 64
L 805, -514, 3, 805, -514, 1, 64, 64, 64
L 797, -514, 3, 805, -514, 3, 64, 64, 64
L 797, -522, 3, 797, -514, 3, 64, 64, 64
L 797, -522, 1, 797, -522, 3, 64, 64, 64
L 797, -542, 1, 797, -522, 1, 64, 64, 64
L 773, -542, 1, 797, -542, 1, 64, 64, 64
L 773, -548, 1, 773, -542, 1, 64, 64, 64
L 767, -548, 1, 773, -548, 1, 64, 64, 64
L 767, -546, 1, 767, -548, 1, 64, 64, 64
L 755, -546, 1, 767, -546, 1, 64, 64, 64
L 770, -531, 1, 755, -546, 1, 64, 64, 64
L 783, -531, 10, 770, -531, 1, 64, 64, 64
L 769, -518, 1, 783, -531, 10, 0, 127, 0
L 742, -504, 1, 769, -518, 1, 0, 127, 0
L 727, -476, -4, 742, -504, 1, 0, 127, 0
L 714, -476, -8, 727, -476, -4, 0, 127, 0
L 713, -476, -9, 714, -476, -8, 0, 127, 0
L 685, -448, -18, 713, -476, -9, 0, 127, 0
L 674, -461, -24, 685, -448, -18, 0, 127, 0
L 686, -489, -17, 674, -461, -24, 0, 127, 0
L 588, -407, 15, 595, -407, 15, 64, 64, 64
L 587, -400, 15, 588, -407, 15, 64, 64, 64
L 595, -400, 15, 587, -400, 15, 64, 64, 64
L 595, -407, 15, 595, -400, 15, 64, 64, 64
L 608, -400, 15, 608, -407, 15, 64, 64, 64
L 616, -400, 15, 608, -400, 15, 64, 64, 64
L 616, -407, 15, 616, -400, 15, 64, 64, 64
L 608, -407, 15, 616, -407, 15, 64, 64, 64
L 577, -448, 20, 578, -448, 16, 64, 64, 64
L 577, -426, 33, 577, -448, 20, 64, 64, 64
L 577, -422, 33, 577, -426, 33, 64, 64, 64
L 626, -422, 33, 626, -421, 29, 64, 64, 64
L 626, -426, 33, 626, -422, 33, 64, 64, 64
L 626, -448, 20, 626, -426, 33, 64, 64, 64
L 626, -448, 16, 626, -448, 20, 64, 64, 64
L 635, -421, 32, 634, -421, 29, 64, 64, 64
L 635, -422, 33, 635, -421, 32, 64, 64, 64
L 635, -426, 33, 635, -422, 33, 64, 64, 64
L 635, -448, 20, 635, -426, 33, 64, 64, 64
L 635, -448, 16, 635, -448, 20, 64, 64, 64
L 594, -432, 28, 594, -440, 28, 64, 64, 64
L 588, -432, 28, 594, -432, 28, 64, 64, 64
L 587, -440, 28, 588, -432, 28, 64, 64, 64
L 594, -440, 28, 587, -440, 28, 64, 64, 64
L 597, -449, 28, 606, -449, 28, 64, 64, 64
L 597, -456, 28, 597, -449, 28, 64, 64, 64
L 606, -456, 28, 597, -456, 28, 64, 64, 64
L 606, -449, 28, 606, -456, 28, 64, 64, 64
L 610, -440, 28, 609, -431, 28, 64, 64, 64
L 616, -440, 28, 610, -440, 28, 64, 64, 64
L 616, -432, 28, 616, -440, 28, 64, 64, 64
L 609, -432, 28, 616, -432, 28, 64, 64, 64
L 607, -430, 28, 607, -422, 28, 64, 64, 64
L 620, -430, 28, 607, -430, 28, 64, 64, 64
L 621, -432, 28, 620, -430, 28, 64, 64, 64
L 621, -440, 28, 621, -432, 28, 64, 64, 64
L 620, -441, 28, 621, -440, 28, 64, 64, 64
L 607, -441, 28, 620, -441, 28, 64, 64, 64
L 607, -460, 28, 607, -441, 28, 64, 64, 64
L 606, -461, 28, 607, -460, 28, 64, 64, 64
L 598, -461, 28, 606, -461, 28, 64, 64, 64
L 596, -460, 28, 598, -461, 28, 64, 64, 64
L 596, -442, 28, 596, -460, 28, 64, 64, 64
L 584, -441, 28, 596, -442, 28, 64, 64, 64
L 582, -440, 28, 584, -441, 28, 64, 64, 64
L 582, -432, 28, 582, -440, 28, 64, 64, 64
L 584, -430, 28, 582, -432, 28, 64, 64, 64
L 596, -430, 28, 584, -430, 28, 64, 64, 64
L 596, -422, 28, 596, -430, 28, 64, 64, 64
L 627, -426, 29, 627, -448, 16, 64, 64, 64
L 627, -422, 29, 627, -426, 29, 64, 64, 64
L 623, -422, 29, 627, -422, 29, 64, 64, 64
L 623, -448, 29, 623, -422, 29, 64, 64, 64
L 616, -463, 29, 623, -448, 29, 64, 64, 64
L 588, -463, 29, 616, -463, 29, 64, 64, 64
L 580, -448, 29, 588, -463, 29, 64, 64, 64
L 580, -422, 29, 580, -448, 29, 64, 64, 64
L 576, -422, 29, 580, -422, 29, 64, 64, 64
L 576, -426, 29, 576, -422, 29, 64, 64, 64
L 576, -448, 16, 576, -426, 29, 64, 64, 64
L 569, -426, 29, 569, -448, 16, 64, 64, 64
L 569, -421, 29, 569, -426, 29, 64, 64, 64
L 578, -412, 29, 569, -421, 29, 64, 64, 64
L 580, -411, 29, 578, -412, 29, 64, 64, 64
L 588, -403, 29, 580, -411, 29, 64, 64, 64
L 616, -403, 29, 588, -403, 29, 64, 64, 64
L 623, -411, 29, 616, -403, 29, 64, 64, 64
L 626, -412, 29, 623, -411, 29, 64, 64, 64
L 634, -421, 29, 626, -412, 29, 64, 64, 64
L 634, -426, 29, 634, -421, 29, 64, 64, 64
L 634, -448, 16, 634, -426, 29, 64, 64, 64
L 588, -467, 17, 616, -467, 17, 64, 64, 64
L 597, -422, 16, 597, -417, 15, 64, 64, 64
L 607, -422, 16, 607, -418, 15, 64, 64, 64
L 618, -422, 16, 607, -422, 16, 64, 64, 64
L 618, -427, 16, 618, -422, 16, 64, 64, 64
L 623, -427, 16, 618, -427, 16, 64, 64, 64
L 624, -448, 16, 623, -427, 16, 64, 64, 64
L 635, -448, 16, 624, -448, 16, 64, 64, 64
L 616, -467, 16, 635, -448, 16, 64, 64, 64
L 616, -462, 16, 616, -467, 16, 64, 64, 64
L 610, -455, 16, 616, -462, 16, 64, 64, 64
L 594, -455, 16, 610, -455, 16, 64, 64, 64
L 587, -462, 16, 594, -455, 16, 64, 64, 64
L 587, -467, 16, 587, -462, 16, 64, 64, 64
L 568, -448, 15, 587, -467, 16, 64, 64, 64
L 580, -448, 16, 568, -448, 15, 64, 64, 64
L 580, -427, 16, 580, -448, 16, 64, 64, 64
L 585, -427, 16, 580, -427, 16, 64, 64, 64
L 585, -422, 16, 585, -427, 16, 64, 64, 64
L 597, -422, 16, 585, -422, 16, 64, 64, 64
L 609, -418, 15, 609, -419, 15, 64, 64, 64
L 594, -419, 15, 594, -418, 15, 64, 64, 64
L 566, -420, 15, 594, -419, 15, 64, 64, 64
L 566, -443, 15, 566, -420, 15, 64, 64, 64
L 565, -444, 15, 566, -443, 15, 64, 64, 64
L 565, -448, 15, 565, -444, 15, 64, 64, 64
L 588, -470, 15, 565, -448, 15, 64, 64, 64
L 592, -470, 15, 588, -470, 15, 64, 64, 64
L 592, -469, 15, 592, -470, 15, 64, 64, 64
L 611, -469, 15, 592, -469, 15, 64, 64, 64
L 612, -470, 15, 611, -469, 15, 64, 64, 64
L 616, -470, 15, 612, -470, 15, 64, 64, 64
L 638, -448, 15, 616, -470, 15, 64, 64, 64
L 638, -444, 15, 638, -448, 15, 64, 64, 64
L 637, -443, 15, 638, -444, 15, 64, 64, 64
L 637, -424, 15, 637, -443, 15, 64, 64, 64
L 638, -424, 15, 637, -424, 15, 64, 64, 64
L 638, -420, 15, 638, -424, 15, 64, 64, 64
L 609, -419, 15, 638, -420, 15, 64, 64, 64
L 572, -336, -7, 560, -322, -7, 0, 127, 0
L 590, -350, -7, 572, -336, -7, 0, 127, 0
L 591, -350, -7, 590, -350, -7, 0, 127, 0
L 591, -392, 15, 591, -350, -7, 64, 64, 64
L 610, -350, -7, 610, -392, 15, 64, 64, 64
L 610, -348, -7, 610, -350, -7, 0, 127, 0
L 607, -348, -7, 610, -348, -7, 0, 127, 0
L 607, -350, -7, 607, -348, -7, 0, 127, 0
L 607, -374, 11, 607, -350, -7, 64, 64, 64
L 607, -386, 15, 607, -374, 11, 64, 64, 64
L 608, -394, 15, 607, -386, 15, 64, 64, 64
L 610, -394, 15, 608, -394, 15, 64, 64, 64
L 610, -392, 15, 610, -394, 15, 64, 64, 64
L 616, -392, 15, 610, -392, 15, 64, 64, 64
L 644, -420, 15, 616, -392, 15, 64, 64, 64
L 644, -447, 15, 644, -420, 15, 64, 64, 64
L 615, -476, 15, 644, -447, 15, 64, 64, 64
L 588, -476, 15, 615, -476, 15, 64, 64, 64
L 560, -448, 15, 588, -476, 15, 64, 64, 64
L 560, -420, 15, 560, -448, 15, 64, 64, 64
L 588, -392, 15, 560, -420, 15, 64, 64, 64
L 591, -392, 15, 588, -392, 15, 64, 64, 64
L 591, -394, 15, 591, -392, 15, 64, 64, 64
L 594, -394, 15, 591, -394, 15, 64, 64, 64
L 594, -385, 14, 594, -394, 15, 64, 64, 64
L 594, -374, 10, 594, -385, 14, 64, 64, 64
L 594, -362, 3, 594, -374, 10, 64, 64, 64
L 594, -350, -7, 594, -362, 3, 64, 64, 64
L 594, -347, -7, 594, -350, -7, 0, 127, 0
L 591, -347, -7, 594, -347, -7, 0, 127, 0
L 591, -350, -7, 591, -347, -7, 0, 127, 0
L 788, -412, -7, 788, -406, -7, 64, 64, 64
L 797, -412, -7, 788, -412, -7, 64, 64, 64
L 797, -426, -7, 797, -412, -7, 64, 64, 64
L 812, -426, -7, 797, -426, -7, 64, 64, 64
L 812, -398, -7, 812, -426, -7, 64, 64, 64
L 881, -364, -7, 881, -391, -7, 64, 64, 64
L 864, -364, -7, 881, -364, -7, 64, 64, 64
L 864, -366, -7, 864, -364, -7, 64, 64, 64
L 840, -367, -7, 864, -366, -7, 64, 64, 64
L 840, -391, -7, 840, -367, -7, 64, 64, 64
L 842, -392, -7, 840, -391, -7, 64, 64, 64
L 842, -398, -7, 842, -392, -7, 64, 64, 64
L 812, -398, -7, 842, -398, -7, 64, 64, 64
L 344, -508, 3, 344, -500, 3, 64, 64, 64
L 346, -508, 2, 346, -500, 2, 64, 64, 64
L 348, -500, 1, 348, -508, 1, 64, 64, 64
L 342, -500, 1, 348, -500, 1, 64, 64, 64
L 342, -508, 1, 342, -500, 1, 64, 64, 64
L 348, -508, 1, 342, -508, 1, 64, 64, 64
L 435, -480, -3, 435, -474, -0, 64, 64, 64
L 468, -499, 1, 468, -490, 0, 64, 64, 64
L 468, -499, 1, 472, -499, 1, 64, 64, 64
L 472, -499, 1, 472, -496, 1, 64, 64, 64
L 472, -496, 1, 476, -496, 1, 64, 64, 64
L 504, -531, -7, 476, -532, 1, 0, 127, 0
L 448, -518, 29, 448, -533, 1, 0, 0, 0
L 448, -490, 29, 448, -518, 29, 0, 0, 0
L 448, -476, 2, 448, -490, 29, 0, 0, 0
L 476, -559, 1, 503, -532, 1, 0, 127, 0
L 448, -546, 1, 476, -559, 1, 0, 127, 0
L 448, -533, 1, 448, -546, 1, 0, 127, 0
L 476, -533, 1, 448, -533, 1, 64, 64, 64
L 476, -511, 1, 476, -533, 1, 64, 64, 64
L 472, -511, 1, 476, -511, 1, 64, 64, 64
L 472, -509, 1, 472, -511, 1, 64, 64, 64
L 467, -509, 1, 472, -509, 1, 64, 64, 64
L 467, -517, 1, 467, -509, 1, 64, 64, 64
L 444, -517, 1, 467, -517, 1, 64, 64, 64
L 435, -478, -2, 404, -478, -2, 64, 64, 64
L 435, -480, -3, 435, -478, -2, 64, 64, 64
L 404, -480, -3, 435, -480, -3, 64, 64, 64
L 404, -474, -0, 404, -480, -3, 64, 64, 64
L 404, -476, -1, 404, -474, -0, 64, 64, 64
L 435, -476, -1, 404, -476, -1, 64, 64, 64
L 435, -474, -0, 435, -476, -1, 64, 64, 64
L 404, -474, -0, 435, -474, -0, 64, 64, 64
L 402, -482, -3, 404, -480, -3, 64, 64, 64
L 396, -521, 1, 384, -510, 1, 64, 64, 64
L 398, -482, -1, 398, -525, -1, 64, 64, 64
L 396, -482, -0, 398, -482, -1, 64, 64, 64
L 396, -525, -0, 396, -482, -0, 64, 64, 64
L 402, -525, -3, 396, -525, -0, 64, 64, 64
L 400, -525, -2, 402, -525, -3, 64, 64, 64
L 400, -482, -2, 400, -525, -2, 64, 64, 64
L 402, -482, -3, 400, -482, -2, 64, 64, 64
L 396, -482, -0, 402, -482, -3, 64, 64, 64
L 384, -498, 1, 396, -486, 1, 64, 64, 64
L 384, -510, 1, 384, -498, 1, 64, 64, 64
L 425, -557, 1, 425, -534, 1, 64, 64, 64
L 360, -557, 1, 425, -557, 1, 64, 64, 64
L 360, -522, 1, 360, -557, 1, 64, 64, 64
L 348, -521, 1, 360, -522, 1, 64, 64, 64
L 340, -515, 1, 348, -521, 1, 64, 64, 64
L 334, -510, 1, 340, -515, 1, 64, 64, 64
L 334, -498, 1, 334, -510, 1, 64, 64, 64
L 340, -492, 1, 334, -498, 1, 64, 64, 64
L 348, -486, 1, 340, -492, 1, 64, 64, 64
L 360, -486, 1, 348, -486, 1, 64, 64, 64
L 360, -446, 1, 360, -486, 1, 64, 64, 64
L 358, -446, 1, 360, -446, 1, 64, 64, 64
L 357, -469, 1, 358, -446, 1, 64, 64, 64
L 336, -469, 1, 357, -469, 1, 64, 64, 64
L 334, -468, 1, 336, -469, 1, 64, 64, 64
L 334, -434, 1, 334, -468, 1, 64, 64, 64
L 357, -434, 1, 334, -434, 1, 64, 64, 64
L 358, -436, 1, 357, -434, 1, 64, 64, 64
L 360, -436, 1, 358, -436, 1, 64, 64, 64
L 360, -434, 1, 360, -436, 1, 64, 64, 64
L 425, -434, 1, 360, -434, 1, 64, 64, 64
L 426, -436, 1, 425, -434, 1, 64, 64, 64
L 428, -436, 1, 426, -436, 1, 64, 64, 64
L 428, -434, 1, 428, -436, 1, 64, 64, 64
L 463, -434, 1, 428, -434, 1, 64, 64, 64
L 463, -469, 1, 463, -434, 1, 64, 64, 64
L 430, -469, 1, 463, -469, 1, 64, 64, 64
L 428, -468, 1, 430, -469, 1, 64, 64, 64
L 428, -446, 1, 428, -468, 1, 64, 64, 64
L 372, -446, 1, 428, -446, 1, 64, 64, 64
L 372, -450, 1, 372, -446, 1, 64, 64, 64
L 425, -450, 1, 372, -450, 1, 64, 64, 64
L 425, -474, 1, 425, -450, 1, 64, 64, 64
L 414, -461, 1, 414, -474, 1, 64, 64, 64
L 372, -462, 1, 414, -461, 1, 64, 64, 64
L 372, -546, 1, 372, -462, 1, 64, 64, 64
L 414, -546, 1, 372, -546, 1, 64, 64, 64
L 414, -534, 1, 414, -546, 1, 64, 64, 64
L 404, -531, -1, 404, -533, -0, 64, 64, 64
L 435, -531, -1, 404, -531, -1, 64, 64, 64
L 435, -529, -2, 435, -531, -1, 64, 64, 64
L 404, -529, -2, 435, -529, -2, 64, 64, 64
L 404, -527, -3, 404, -529, -2, 64, 64, 64
L 404, -533, -0, 404, -527, -3, 64, 64, 64
L 435, -533, -0, 404, -533, -0, 64, 64, 64
L 435, -527, -3, 435, -533, -0, 64, 64, 64
L 437, -525, -3, 435, -527, -3, 64, 64, 64
L 435, -480, -3, 437, -482, -3, 64, 64, 64
L 435, -478, -2, 435, -480, -3, 64, 64, 64
L 435, -480, -3, 435, -478, -2, 64, 64, 64
L 404, -480, -3, 435, -480, -3, 64, 64, 64
L 402, -525, -3, 402, -482, -3, 64, 64, 64
L 404, -526, -3, 402, -525, -3, 64, 64, 64
L 404, -527, -3, 404, -526, -3, 64, 64, 64
L 435, -527, -3, 404, -527, -3, 64, 64, 64
L 437, -482, -3, 437, -525, -3, 64, 64, 64
L 439, -482, -2, 437, -482, -3, 64, 64, 64
L 439, -525, -2, 439, -482, -2, 64, 64, 64
L 437, -525, -3, 439, -525, -2, 64, 64, 64
L 443, -525, -0, 437, -525, -3, 64, 64, 64
L 441, -525, -1, 443, -525, -0, 64, 64, 64
L 441, -482, -1, 441, -525, -1, 64, 64, 64
L 443, -482, -0, 437, -482, -3, 64, 64, 64
L 443, -525, -0, 443, -482, -0, 64, 64, 64
L 784, -504, 85, 798, -532, 85, 0, 0, 0
L 797, -450, 111, 784, -504, 85, 0, 0, 0
L 853, -378, 85, 797, -450, 111, 0, 0, 0
L 854, -336, 85, 853, -378, 85, 0, 0, 0
L 826, -280, 99, 854, -336, 85, 0, 0, 0
L 769, -266, 99, 826, -280, 99, 0, 0, 0
L 727, -280, 85, 769, -266, 99, 0, 0, 0
L 728, -280, 85, 727, -280, 85, 0, 127, 0
L 671, -252, 85, 728, -280, 85, 0, 0, 0
L 616, -252, 85, 671, -252, 85, 0, 0, 0
L 560, -266, 85, 616, -252, 85, 0, 0, 0
L 532, -293, 85, 560, -266, 85, 0, 0, 0
L 504, -350, 85, 532, -293, 85, 0, 0, 0
L 504, -476, 85, 504, -350, 85, 0, 0, 0
L 490, -448, 85, 504, -476, 85, 0, 0, 0
L 420, -448, 85, 490, -448, 85, 0, 0, 0
L 420, -574, 85, 420, -448, 85, 0, 0, 0
L 462, -630, 127, 420, -574, 85, 0, 0, 0
L 504, -658, 85, 462, -630, 127, 0, 0, 0
L 532, -686, 85, 504, -658, 85, 0, 0, 0
L 629, -686, 85, 532, -686, 85, 0, 0, 0
L 658, -658, 85, 629, -686, 85, 0, 0, 0
L 700, -630, 113, 658, -658, 85, 0, 0, 0
L 728, -602, 85, 700, -630, 113, 0, 0, 0
L 784, -601, 85, 728, -602, 85, 0, 0, 0
L 798, -588, 85, 784, -601, 85, 0, 0, 0
L 797, -532, 84, 798, -588, 85, 0, 0, 0
L 799, -387, -8, 768, -387, -8, 64, 64, 64
L 801, -383, -9, 799, -387, -8, 64, 64, 64
L 766, -383, -9, 801, -383, -9, 64, 64, 64
L 764, -379, -10, 766, -383, -9, 64, 64, 64
L 803, -379, -10, 764, -379, -10, 64, 64, 64
L 797, -405, -7, 788, -406, -7, 64, 64, 64
L 797, -392, -7, 797, -405, -7, 64, 64, 64
L 807, -372, -11, 797, -392, -7, 64, 64, 64
L 805, -375, -11, 807, -372, -11, 64, 64, 64
L 762, -375, -11, 805, -375, -11, 64, 64, 64
L 760, -371, -12, 762, -375, -11, 64, 64, 64
L 807, -371, -12, 760, -371, -12, 64, 64, 64
L 809, -368, -12, 807, -371, -12, 64, 64, 64
L 809, -363, -13, 814, -363, -13, 0, 127, 0
L 809, -367, -13, 809, -363, -13, 0, 127, 0
L 758, -367, -13, 809, -367, -13, 64, 64, 64
L 809, -367, -13, 758, -367, -13, 0, 127, 0
L 814, -367, -10, 814, -363, -13, 0, 127, 0
L 825, -364, -13, 814, -367, -10, 0, 127, 0
L 811, -350, -13, 825, -364, -13, 0, 127, 0
L 811, -336, -13, 811, -350, -13, 0, 127, 0
L 797, -308, -13, 811, -336, -13, 0, 127, 0
L 797, -266, -13, 797, -308, -13, 0, 127, 0
L 839, -266, -13, 797, -266, -13, 0, 127, 0
L 839, -246, -13, 839, -266, -13, 0, 127, 0
L 826, -246, -13, 839, -246, -13, 150, 0, 200
L 826, -252, -13, 826, -246, -13, 0, 127, 0
L 784, -252, -13, 826, -252, -13, 0, 127, 0
L 784, -294, -13, 784, -252, -13, 0, 127, 0
L 770, -308, -13, 784, -294, -13, 0, 127, 0
L 742, -322, -13, 770, -308, -13, 0, 127, 0
L 728, -322, -13, 742, -322, -13, 0, 127, 0
L 714, -308, -13, 728, -322, -13, 0, 127, 0
L 686, -308, -13, 714, -308, -13, 0, 127, 0
L 658, -280, -13, 686, -308, -13, 0, 127, 0
L 618, -280, -13, 658, -280, -13, 0, 127, 0
L 574, -294, -13, 618, -280, -13, 0, 127, 0
L 574, -308, -13, 574, -294, -13, 0, 127, 0
L 560, -322, -7, 574, -308, -13, 0, 127, 0
L 582, -448, -27, 592, -462, -27, 127, 64, 0
L 582, -420, -27, 582, -448, -27, 127, 64, 0
L 592, -406, -27, 582, -420, -27, 127, 64, 0
L 612, -406, -27, 592, -406, -27, 127, 64, 0
L 622, -420, -27, 612, -406, -27, 127, 64, 0
L 621, -448, -27, 622, -420, -27, 127, 64, 0
L 611, -462, -27, 621, -448, -27, 127, 64, 0
L 443, -482, -0, 441, -482, -1, 64, 64, 64
L 443, -490, -0, 443, -482, -0, 64, 64, 64
L 444, -490, 1, 443, -490, -0, 64, 64, 64
L 467, -490, 1, 444, -490, 1, 64, 64, 64
L 476, -477, 1, 476, -496, 1, 64, 64, 64
L 448, -476, 4, 476, -477, 1, 64, 64, 64
L 531, -531, -24, 504, -531, -8, 0, 127, 0
L 518, -518, -16, 531, -531, -24, 0, 127, 0
L 503, -518, -6, 518, -518, -16, 0, 127, 0
L 503, -504, -6, 503, -518, -6, 0, 127, 0
L 476, -477, 1, 503, -504, -6, 0, 127, 0
L 532, -489, 29, 532, -490, 28, 0, 127, 0
L 548, -462, 5, 532, -476, 14, 0, 127, 0
L 532, -448, 14, 548, -462, 5, 0, 127, 0
L 532, -476, 14, 532, -448, 14, 0, 127, 0
L 546, -378, -8, 532, -350, 0, 0, 127, 0
L 548, -406, -9, 546, -378, -8, 0, 127, 0
L 532, -420, 0, 548, -406, -9, 0, 127, 0
L 532, -350, 0, 532, -420, 0, 0, 127, 0
L 546, -336, -24, 571, -336, -23, 0, 127, 0
L 560, -322, -10, 546, -336, -24, 0, 127, 0
L 572, -336, -23, 560, -322, -10, 0, 127, 0
L 548, -406, -53, 548, -405, -57, 0, 0, 240
L 532, -448, -39, 548, -462, -56, 0, 0, 240
L 532, -420, -38, 532, -448, -39, 0, 0, 240
L 548, -405, -57, 532, -420, -38, 0, 0, 240
L 569, -420, -51, 587, -396, -46, 0, 0, 240
L 569, -448, -51, 569, -420, -51, 0, 0, 240
L 585, -470, -46, 569, -448, -51, 0, 0, 240
L 672, -336, -46, 685, -350, -57, 0, 0, 240
L 642, -336, -46, 672, -336, -46, 0, 0, 240
L 612, -350, -57, 642, -336, -46, 0, 0, 240
L 590, -350, -57, 612, -350, -57, 0, 0, 240
L 572, -336, -46, 590, -350, -57, 0, 0, 240
L 546, -336, -46, 572, -336, -46, 0, 0, 240
L 532, -350, -57, 546, -336, -46, 0, 0, 240
L 546, -378, -57, 532, -350, -57, 0, 0, 240
L 548, -405, -57, 546, -378, -57, 0, 0, 240
L 618, -395, -57, 588, -395, -57, 0, 0, 240
L 618, -396, -47, 618, -395, -57, 0, 0, 240
L 632, -420, -51, 618, -396, -47, 0, 0, 240
L 632, -448, -51, 632, -420, -51, 0, 0, 240
L 616, -470, -47, 632, -448, -51, 0, 0, 240
L 586, -470, -57, 616, -470, -57, 0, 0, 240
L 532, -476, -49, 548, -462, -57, 0, 0, 240
L 532, -490, -50, 532, -476, -49, 0, 0, 240
L 518, -518, -42, 532, -490, -50, 0, 0, 240
L 546, -545, -57, 518, -518, -42, 0, 0, 240
L 602, -559, -43, 546, -545, -57, 0, 0, 240
L 644, -559, -43, 602, -559, -43, 0, 0, 240
L 658, -545, -57, 644, -559, -43, 0, 0, 240
L 671, -532, -50, 658, -545, -57, 0, 0, 240
L 671, -518, -50, 671, -532, -50, 0, 0, 240
L 685, -490, -42, 671, -518, -50, 0, 0, 240
L 673, -462, -57, 685, -489, -57, 0, 0, 240
L 671, -378, -57, 669, -406, -57, 0, 0, 240
L 685, -350, -57, 671, -378, -57, 0, 0, 240
L 685, -350, -44, 685, -350, -57, 0, 127, 0
L 699, -350, -25, 685, -350, -44, 0, 127, 0
L 700, -350, -13, 699, -350, -25, 0, 127, 0
L 714, -363, -13, 700, -350, -13, 0, 127, 0
L 742, -364, -13, 714, -363, -13, 0, 127, 0
L 753, -367, -11, 742, -364, -13, 0, 127, 0
L 753, -364, -13, 753, -367, -11, 0, 127, 0
L 758, -364, -13, 753, -364, -13, 0, 127, 0
L 758, -367, -13, 758, -364, -13, 0, 127, 0
L 770, -392, -7, 758, -367, -13, 64, 64, 64
L 770, -405, -7, 770, -392, -7, 64, 64, 64
L 779, -406, -7, 770, -405, -7, 64, 64, 64
L 779, -412, -7, 779, -406, -7, 64, 64, 64
L 770, -412, -7, 779, -412, -7, 64, 64, 64
L 770, -453, -7, 770, -412, -7, 64, 64, 64
L 825, -453, -7, 770, -453, -7, 64, 64, 64
L 825, -412, -7, 825, -453, -7, 64, 64, 64
L 842, -411, -7, 825, -412, -7, 64, 64, 64
L 842, -418, -7, 842, -411, -7, 64, 64, 64
L 840, -418, -7, 842, -418, -7, 64, 64, 64
L 840, -445, -7, 840, -418, -7, 64, 64, 64
L 881, -445, -7, 840, -445, -7, 64, 64, 64
L 881, -418, -7, 881, -445, -7, 64, 64, 64
L 851, -418, -7, 881, -418, -7, 64, 64, 64
L 851, -412, -7, 851, -418, -7, 64, 64, 64
L 883, -411, -7, 851, -412, -7, 64, 64, 64
L 883, -410, -7, 883, -411, -7, 64, 64, 64
L 890, -410, -7, 883, -410, -7, 64, 64, 64
L 890, -425, -7, 890, -410, -7, 64, 64, 64
L 917, -425, -7, 890, -425, -7, 64, 64, 64
L 917, -384, -7, 917, -425, -7, 64, 64, 64
L 890, -384, -7, 917, -384, -7, 64, 64, 64
L 890, -400, -7, 890, -384, -7, 64, 64, 64
L 883, -400, -7, 890, -400, -7, 64, 64, 64
L 883, -398, -7, 883, -400, -7, 64, 64, 64
L 851, -399, -7, 883, -399, -7, 64, 64, 64
L 851, -391, -7, 851, -399, -7, 64, 64, 64
L 881, -391, -7, 851, -391, -7, 64, 64, 64
L 881, -367, -7, 881, -391, -7, 64, 64, 64
L 643, -560, -22, 616, -573, -14, 0, 127, 0
L 616, -573, -14, 602, -573, -14, 0, 127, 0
L 602, -573, -14, 602, -560, -22, 0, 127, 0
L 602, -574, -12, 560, -602, 1, 0, 127, 0
L 560, -602, 1, 546, -602, 1, 0, 127, 0
L 546, -602, 1, 546, -616, 1, 0, 127, 0
L 546, -616, 1, 532, -630, 1, 0, 127, 0
L 532, -630, 1, 532, -644, 1, 0, 127, 0
L 532, -644, 1, 545, -657, 1, 0, 127, 0
L 545, -657, 1, 545, -644, 1, 0, 127, 0
L 545, -644, 1, 559, -630, 1, 64, 64, 64
L 559, -630, 1, 573, -629, 1, 64, 64, 64
L 573, -629, 1, 573, -627, 1, 64, 64, 64
L 573, -627, 1, 576, -627, 1, 64, 64, 64
L 576, -627, 1, 576, -632, 1, 64, 64, 64
L 576, -632, 1, 570, -632, 1, 64, 64, 64
L 570, -632, 1, 570, -679, 1, 64, 64, 64
L 570, -679, 1, 572, -679, 1, 64, 64, 64
L 572, -679, 1, 572, -684, 1, 64, 64, 64
L 572, -684, 1, 568, -684, 1, 64, 64, 64
L 568, -684, 1, 567, -682, 1, 64, 64, 64
L 567, -682, 1, 565, -682, -0, 64, 64, 64
L 565, -682, -0, 543, -671, -11, 64, 64, 64
L 543, -671, -11, 565, -682, -0, 64, 64, 64
L 565, -682, -0, 565, -701, -0, 64, 64, 64
L 543, -712, -11, 543, -671, -11, 64, 64, 64
L 543, -671, -11, 545, -672, -10, 64, 64, 64
L 545, -672, -10, 545, -711, -10, 64, 64, 64
L 545, -711, -10, 547, -710, -9, 64, 64, 64
L 547, -710, -9, 547, -673, -9, 64, 64, 64
L 547, -673, -9, 549, -674, -8, 64, 64, 64
L 549, -674, -8, 549, -709, -8, 64, 64, 64
L 549, -709, -8, 551, -708, -7, 64, 64, 64
L 551, -708, -7, 551, -675, -7, 64, 64, 64
L 551, -675, -7, 553, -676, -6, 64, 64, 64
L 553, -676, -6, 553, -707, -6, 64, 64, 64
L 553, -707, -6, 555, -706, -5, 64, 64, 64
L 555, -706, -5, 555, -677, -5, 64, 64, 64
L 555, -677, -5, 557, -678, -4, 64, 64, 64
L 557, -678, -4, 557, -705, -4, 64, 64, 64
L 557, -705, -4, 559, -704, -3, 64, 64, 64
L 559, -704, -3, 559, -679, -3, 64, 64, 64
L 559, -679, -3, 561, -680, -2, 64, 64, 64
L 561, -680, -2, 561, -703, -2, 64, 64, 64
L 561, -703, -2, 563, -702, -1, 64, 64, 64
L 563, -702, -1, 563, -681, -1, 64, 64, 64
L 567, -701, 1, 565, -701, -0, 64, 64, 64
L 565, -701, -0, 543, -712, -11, 64, 64, 64
L 543, -712, -11, 543, -717, -11, 64, 64, 64
L 543, -717, -11, 536, -717, -11, 64, 64, 64
L 536, -717, -11, 535, -725, -11, 64, 64, 64
L 535, -725, -11, 504, -725, -11, 64, 64, 64
L 504, -725, -11, 504, -717, -11, 64, 64, 64
L 504, -717, -11, 496, -717, -11, 64, 64, 64
L 496, -717, -11, 496, -700, -11, 64, 64, 64
L 496, -700, -11, 496, -699, -12, 64, 64, 64
L 496, -699, -12, 496, -684, -12, 64, 64, 64
L 496, -684, -12, 541, -684, -12, 64, 64, 64
L 541, -684, -12, 541, -699, -12, 64, 64, 64
L 541, -699, -12, 496, -699, -12, 64, 64, 64
L 496, -699, -12, 496, -684, -12, 64, 64, 64
L 496, -684, -12, 496, -684, -11, 64, 64, 64
L 496, -684, -11, 484, -684, -11, 64, 64, 64
L 484, -684, -11, 484, -699, -11, 64, 64, 64
L 484, -699, -11, 496, -699, -11, 64, 64, 64
L 496, -699, -11, 496, -699, -12, 64, 64, 64
L 496, -684, -11, 496, -666, -11, 64, 64, 64
L 496, -666, -11, 504, -666, -11, 64, 64, 64
L 504, -666, -11, 504, -658, -11, 64, 64, 64
L 504, -658, -11, 535, -658, -11, 64, 64, 64
L 535, -658, -11, 536, -666, -11, 64, 64, 64
L 536, -666, -11, 543, -666, -11, 64, 64, 64
L 543, -666, -11, 543, -671, -11, 64, 64, 64
L 567, -701, 1, 567, -699, 1, 64, 64, 64
L 567, -699, 1, 572, -699, 1, 64, 64, 64
L 572, -699, 1, 572, -703, 1, 64, 64, 64
L 572, -703, 1, 574, -703, 1, 64, 64, 64
L 574, -703, 1, 574, -740, 1, 64, 64, 64
L 574, -740, 1, 550, -740, 1, 64, 64, 64
L 550, -740, 1, 549, -738, 1, 64, 64, 64
L 549, -738, 1, 546, -738, 1, 64, 64, 64
L 546, -738, 1, 545, -734, 1, 64, 64, 64
L 545, -734, 1, 530, -734, 1, 64, 64, 64
L 530, -734, 1, 530, -738, 1, 64, 64, 64
L 530, -738, 1, 526, -738, 1, 64, 64, 64
L 526, -738, 1, 526, -753, 1, 64, 64, 64
L 839, -252, -13, 839, -210, -13, 0, 127, 0
L 839, -210, -13, 798, -210, -13, 0, 127, 0
L 798, -210, -13, 797, -210, -13, 0, 0, 0
L 797, -210, -13, 797, -182, -13, 0, 127, 0
L 797, -182, -13, 784, -182, -13, 0, 127, 0
L 784, -182, -13, 784, -224, -13, 0, 127, 0
L 784, -224, -13, 826, -224, -13, 0, 127, 0
L 826, -224, -13, 826, -251, -13, 0, 127, 0
L 594, -418, 15, 609, -418, 15, 64, 64, 64
