L 2582, 1988, 20, 2582, 1971, 20, 64, 64, 64
L 32, -2557, 16, 32, -2604, 16, 0, 125, 0
L -2660, 1660, 1, -2663, 1631, 1, 150, 0, 200
L 1100, 2625, 1, 1128, 2625, 1, 150, 0, 200
L -604, -224, 75, -617, -224, 75, 100, 50, 0
L -595, -233, 75, -604, -224, 75, 100, 50, 0
L -595, -245, 75, -595, -233, 75, 100, 50, 0
L -604, -254, 75, -595, -245, 75, 100, 50, 0
L -617, -254, 75, -604, -254, 75, 100, 50, 0
L -625, -246, 75, -617, -254, 75, 100, 50, 0
L -626, -233, 75, -625, -246, 75, 100, 50, 0
L -617, -224, 75, -626, -233, 75, 100, 50, 0
L -762, -138, 75, -762, -125, 75, 100, 50, 0
L -771, -147, 75, -762, -138, 75, 100, 50, 0
L -783, -147, 75, -771, -147, 75, 100, 50, 0
L -791, -139, 75, -783, -147, 75, 100, 50, 0
L -799, -147, 75, -791, -139, 75, 100, 50, 0
L -812, -147, 75, -799, -147, 75, 100, 50, 0
L -820, -139, 75, -812, -147, 75, 100, 50, 0
L -836, -138, 75, -820, -139, 75, 100, 50, 0
L -836, -125, 75, -836, -138, 75, 100, 50, 0
L -820, -125, 75, -836, -125, 75, 100, 50, 0
L -812, -116, 75, -820, -125, 75, 100, 50, 0
L -799, -116, 75, -812, -116, 75, 100, 50, 0
L -791, -124, 75, -799, -116, 75, 100, 50, 0
L -783, -116, 75, -791, -124, 75, 100, 50, 0
L -771, -116, 75, -783, -116, 75, 100, 50, 0
L -762, -125, 75, -771, -116, 75, 100, 50, 0
L -464, -264, 75, -479, -249, 75, 100, 50, 0
L -463, -285, 75, -464, -264, 75, 100, 50, 0
L -476, -298, 75, -463, -285, 75, 100, 50, 0
L -495, -297, 75, -476, -298, 75, 100, 50, 0
L -494, -316, 75, -495, -297, 75, 100, 50, 0
L -508, -330, 75, -494, -316, 75, 100, 50, 0
L -527, -329, 75, -508, -330, 75, 100, 50, 0
L -545, -346, 75, -527, -329, 75, 100, 50, 0
L -561, -329, 75, -545, -346, 75, 100, 50, 0
L -544, -312, 75, -561, -329, 75, 100, 50, 0
L -545, -293, 75, -544, -312, 75, 100, 50, 0
L -532, -279, 75, -545, -293, 75, 100, 50, 0
L -513, -280, 75, -532, -279, 75, 100, 50, 0
L -514, -261, 75, -513, -280, 75, 100, 50, 0
L -500, -248, 75, -514, -261, 75, 100, 50, 0
L -479, -249, 75, -500, -248, 75, 100, 50, 0
L -114, 20, 159, -126, 20, 159, 100, 50, 0
L -105, 11, 159, -114, 20, 159, 100, 50, 0
L -105, -1, 159, -105, 11, 159, 100, 50, 0
L -113, -10, 159, -105, -1, 159, 100, 50, 0
L -105, -18, 159, -113, -10, 159, 100, 50, 0
L -105, -30, 159, -105, -18, 159, 100, 50, 0
L -113, -38, 159, -105, -30, 159, 100, 50, 0
L -113, -54, 159, -113, -38, 159, 100, 50, 0
L -127, -54, 159, -113, -54, 159, 100, 50, 0
L -127, -38, 159, -127, -54, 159, 100, 50, 0
L -135, -30, 159, -127, -38, 159, 100, 50, 0
L -135, -18, 159, -135, -30, 159, 100, 50, 0
L -127, -10, 159, -135, -18, 159, 100, 50, 0
L -135, -2, 159, -127, -10, 159, 100, 50, 0
L -135, 11, 159, -135, -2, 159, 100, 50, 0
L -126, 20, 159, -135, 11, 159, 100, 50, 0
L -222, 246, 75, -223, 225, 75, 100, 50, 0
L -235, 260, 75, -222, 246, 75, 100, 50, 0
L -254, 259, 75, -235, 260, 75, 100, 50, 0
L -253, 278, 75, -254, 259, 75, 100, 50, 0
L -267, 291, 75, -253, 278, 75, 100, 50, 0
L -286, 290, 75, -267, 291, 75, 100, 50, 0
L -303, 307, 75, -286, 290, 75, 100, 50, 0
L -320, 290, 75, -303, 307, 75, 100, 50, 0
L -303, 273, 75, -320, 290, 75, 100, 50, 0
L -304, 254, 75, -303, 273, 75, 100, 50, 0
L -290, 240, 75, -304, 254, 75, 100, 50, 0
L -272, 241, 75, -290, 240, 75, 100, 50, 0
L -273, 222, 75, -272, 241, 75, 100, 50, 0
L -259, 209, 75, -273, 222, 75, 100, 50, 0
L -238, 210, 75, -259, 209, 75, 100, 50, 0
L -223, 225, 75, -238, 210, 75, 100, 50, 0
L -216, 70, 75, -207, 79, 75, 100, 50, 0
L -228, 70, 75, -216, 70, 75, 100, 50, 0
L -236, 78, 75, -228, 70, 75, 100, 50, 0
L -244, 70, 75, -236, 78, 75, 100, 50, 0
L -257, 70, 75, -244, 70, 75, 100, 50, 0
L -265, 78, 75, -257, 70, 75, 100, 50, 0
L -281, 78, 75, -265, 78, 75, 100, 50, 0
L -281, 92, 75, -281, 78, 75, 100, 50, 0
L -265, 92, 75, -281, 92, 75, 100, 50, 0
L -257, 100, 75, -265, 92, 75, 100, 50, 0
L -245, 100, 75, -257, 100, 75, 100, 50, 0
L -236, 92, 75, -245, 100, 75, 100, 50, 0
L -228, 100, 75, -236, 92, 75, 100, 50, 0
L -216, 100, 75, -228, 100, 75, 100, 50, 0
L -207, 91, 75, -216, 100, 75, 100, 50, 0
L -207, 79, 75, -207, 91, 75, 100, 50, 0
L -47, 566, 159, -56, 557, 159, 100, 50, 0
L -47, 578, 159, -47, 566, 159, 100, 50, 0
L -56, 587, 159, -47, 578, 159, 100, 50, 0
L -68, 587, 159, -56, 587, 159, 100, 50, 0
L -77, 578, 159, -68, 587, 159, 100, 50, 0
L -77, 566, 159, -77, 578, 159, 100, 50, 0
L -68, 557, 159, -77, 566, 159, 100, 50, 0
L -56, 557, 159, -68, 557, 159, 100, 50, 0
L -134, 492, 159, -134, 480, 159, 100, 50, 0
L -143, 501, 159, -134, 492, 159, 100, 50, 0
L -155, 501, 159, -143, 501, 159, 100, 50, 0
L -164, 492, 159, -155, 501, 159, 100, 50, 0
L -164, 480, 159, -164, 492, 159, 100, 50, 0
L -155, 471, 159, -164, 480, 159, 100, 50, 0
L -143, 471, 159, -155, 471, 159, 100, 50, 0
L -134, 480, 159, -143, 471, 159, 100, 50, 0
L -115, 330, 115, -124, 321, 115, 100, 50, 0
L -115, 343, 115, -115, 330, 115, 100, 50, 0
L -124, 352, 115, -115, 343, 115, 100, 50, 0
L -136, 352, 115, -124, 352, 115, 100, 50, 0
L -136, 363, 115, -136, 352, 115, 100, 50, 0
L -144, 372, 115, -136, 363, 115, 100, 50, 0
L -156, 372, 115, -144, 372, 115, 100, 50, 0
L -167, 383, 115, -156, 372, 115, 100, 50, 0
L -177, 373, 115, -167, 383, 115, 100, 50, 0
L -166, 362, 115, -177, 373, 115, 100, 50, 0
L -166, 351, 115, -166, 362, 115, 100, 50, 0
L -157, 342, 115, -166, 351, 115, 100, 50, 0
L -146, 342, 115, -157, 342, 115, 100, 50, 0
L -146, 330, 115, -146, 342, 115, 100, 50, 0
L -137, 321, 115, -146, 330, 115, 100, 50, 0
L -124, 321, 115, -137, 321, 115, 100, 50, 0
L -140, 212, 115, -128, 212, 115, 100, 50, 0
L -149, 203, 115, -140, 212, 115, 100, 50, 0
L -149, 191, 115, -149, 203, 115, 100, 50, 0
L -140, 182, 115, -149, 191, 115, 100, 50, 0
L -128, 182, 115, -140, 182, 115, 100, 50, 0
L -119, 191, 115, -128, 182, 115, 100, 50, 0
L -119, 203, 115, -119, 191, 115, 100, 50, 0
L -128, 212, 115, -119, 203, 115, 100, 50, 0
L 322, 365, 159, 323, 377, 159, 100, 50, 0
L 331, 356, 159, 322, 365, 159, 100, 50, 0
L 344, 356, 159, 331, 356, 159, 100, 50, 0
L 353, 365, 159, 344, 356, 159, 100, 50, 0
L 353, 377, 159, 353, 365, 159, 100, 50, 0
L 344, 386, 159, 353, 377, 159, 100, 50, 0
L 331, 386, 159, 344, 386, 159, 100, 50, 0
L 322, 377, 159, 331, 386, 159, 100, 50, 0
L 220, 476, 159, 236, 491, 159, 100, 50, 0
L 200, 475, 159, 220, 476, 159, 100, 50, 0
L 186, 488, 159, 200, 475, 159, 100, 50, 0
L 187, 507, 159, 186, 488, 159, 100, 50, 0
L 168, 506, 159, 187, 507, 159, 100, 50, 0
L 154, 520, 159, 168, 506, 159, 100, 50, 0
L 155, 539, 159, 154, 520, 159, 100, 50, 0
L 138, 557, 159, 155, 539, 159, 100, 50, 0
L 155, 573, 159, 138, 557, 159, 100, 50, 0
L 172, 556, 159, 155, 573, 159, 100, 50, 0
L 192, 557, 159, 172, 556, 159, 100, 50, 0
L 205, 543, 159, 192, 557, 159, 100, 50, 0
L 204, 525, 159, 205, 543, 159, 100, 50, 0
L 223, 526, 159, 204, 525, 159, 100, 50, 0
L 237, 512, 159, 223, 526, 159, 100, 50, 0
L 236, 491, 159, 237, 512, 159, 100, 50, 0
L 602, 363, 159, 602, 376, 159, 100, 50, 0
L 611, 354, 159, 602, 363, 159, 100, 50, 0
L 624, 355, 159, 611, 354, 159, 100, 50, 0
L 633, 363, 159, 624, 355, 159, 100, 50, 0
L 633, 376, 159, 633, 363, 159, 100, 50, 0
L 624, 385, 159, 633, 376, 159, 100, 50, 0
L 611, 385, 159, 624, 385, 159, 100, 50, 0
L 602, 376, 159, 611, 385, 159, 100, 50, 0
L 593, 179, 159, 593, 192, 159, 100, 50, 0
L 601, 170, 159, 593, 179, 159, 100, 50, 0
L 614, 170, 159, 601, 170, 159, 100, 50, 0
L 623, 179, 159, 614, 170, 159, 100, 50, 0
L 623, 192, 159, 623, 179, 159, 100, 50, 0
L 614, 200, 159, 623, 192, 159, 100, 50, 0
L 601, 200, 159, 614, 200, 159, 100, 50, 0
L 592, 192, 159, 601, 200, 159, 100, 50, 0
L 570, 121, 159, 557, 121, 159, 100, 50, 0
L 579, 112, 159, 570, 121, 159, 100, 50, 0
L 579, 99, 159, 579, 112, 159, 100, 50, 0
L 570, 91, 159, 579, 99, 159, 100, 50, 0
L 557, 91, 159, 570, 91, 159, 100, 50, 0
L 549, 100, 159, 557, 91, 159, 100, 50, 0
L 549, 112, 159, 549, 100, 159, 100, 50, 0
L 558, 121, 159, 549, 112, 159, 100, 50, 0
L 408, 256, 115, 417, 265, 115, 100, 50, 0
L 408, 244, 115, 408, 256, 115, 100, 50, 0
L 416, 236, 115, 408, 244, 115, 100, 50, 0
L 408, 228, 115, 416, 236, 115, 100, 50, 0
L 408, 215, 115, 408, 228, 115, 100, 50, 0
L 416, 207, 115, 408, 215, 115, 100, 50, 0
L 416, 191, 115, 416, 207, 115, 100, 50, 0
L 430, 191, 115, 416, 191, 115, 100, 50, 0
L 430, 207, 115, 430, 191, 115, 100, 50, 0
L 438, 215, 115, 430, 207, 115, 100, 50, 0
L 438, 228, 115, 438, 215, 115, 100, 50, 0
L 430, 236, 115, 438, 228, 115, 100, 50, 0
L 438, 244, 115, 430, 236, 115, 100, 50, 0
L 438, 256, 115, 438, 244, 115, 100, 50, 0
L 429, 265, 115, 438, 256, 115, 100, 50, 0
L 417, 265, 115, 429, 265, 115, 100, 50, 0
L 340, 294, 115, 349, 285, 115, 100, 50, 0
L 327, 294, 115, 340, 294, 115, 100, 50, 0
L 319, 286, 115, 327, 294, 115, 100, 50, 0
L 319, 273, 115, 319, 286, 115, 100, 50, 0
L 327, 264, 115, 319, 273, 115, 100, 50, 0
L 340, 264, 115, 327, 264, 115, 100, 50, 0
L 349, 273, 115, 340, 264, 115, 100, 50, 0
L 349, 285, 115, 349, 273, 115, 100, 50, 0
L 127, 480, 75, 140, 480, 75, 100, 50, 0
L 118, 489, 75, 127, 480, 75, 100, 50, 0
L 118, 502, 75, 118, 489, 75, 100, 50, 0
L 127, 511, 75, 118, 502, 75, 100, 50, 0
L 140, 511, 75, 127, 511, 75, 100, 50, 0
L 149, 502, 75, 140, 511, 75, 100, 50, 0
L 149, 489, 75, 149, 502, 75, 100, 50, 0
L 140, 480, 75, 149, 489, 75, 100, 50, 0
L 250, 212, 75, 250, 224, 75, 100, 50, 0
L 258, 203, 75, 250, 212, 75, 100, 50, 0
L 270, 203, 75, 258, 203, 75, 100, 50, 0
L 270, 191, 75, 270, 203, 75, 100, 50, 0
L 279, 182, 75, 270, 191, 75, 100, 50, 0
L 290, 182, 75, 279, 182, 75, 100, 50, 0
L 290, 182, 75, 302, 171, 75, 100, 50, 0
L 311, 181, 75, 302, 171, 75, 100, 50, 0
L 300, 192, 75, 311, 181, 75, 100, 50, 0
L 300, 203, 75, 300, 192, 75, 100, 50, 0
L 291, 213, 75, 300, 203, 75, 100, 50, 0
L 280, 213, 75, 291, 213, 75, 100, 50, 0
L 280, 224, 75, 280, 213, 75, 100, 50, 0
L 271, 233, 75, 280, 224, 75, 100, 50, 0
L 260, 233, 75, 271, 233, 75, 100, 50, 0
L 250, 224, 75, 260, 233, 75, 100, 50, 0
L 180, 378, 75, 180, 365, 75, 100, 50, 0
L 188, 387, 75, 180, 378, 75, 100, 50, 0
L 201, 387, 75, 188, 387, 75, 100, 50, 0
L 210, 378, 75, 201, 387, 75, 100, 50, 0
L 210, 365, 75, 210, 378, 75, 100, 50, 0
L 201, 356, 75, 210, 365, 75, 100, 50, 0
L 189, 356, 75, 201, 356, 75, 100, 50, 0
L 180, 365, 75, 189, 356, 75, 100, 50, 0
L 159, 386, 75, 151, 395, 75, 100, 50, 0
L 172, 386, 75, 159, 386, 75, 100, 50, 0
L 181, 395, 75, 172, 386, 75, 100, 50, 0
L 181, 407, 75, 181, 395, 75, 100, 50, 0
L 172, 416, 75, 181, 407, 75, 100, 50, 0
L 159, 416, 75, 172, 416, 75, 100, 50, 0
L 150, 407, 75, 159, 416, 75, 100, 50, 0
L 151, 395, 75, 150, 407, 75, 100, 50, 0
L 48, 345, 75, 48, 333, 75, 100, 50, 0
L 39, 354, 75, 48, 345, 75, 100, 50, 0
L 26, 354, 75, 39, 354, 75, 100, 50, 0
L 18, 346, 75, 26, 354, 75, 100, 50, 0
L 18, 333, 75, 18, 346, 75, 100, 50, 0
L 26, 324, 75, 18, 333, 75, 100, 50, 0
L 39, 324, 75, 26, 324, 75, 100, 50, 0
L 48, 333, 75, 39, 324, 75, 100, 50, 0
L 168, 165, 75, 214, 120, 71, 100, 50, 0
L 215, 54, 73, 215, 120, 72, 100, 50, 0
L 222, 104, 73, 231, 95, 73, 100, 50, 0
L 222, 116, 73, 222, 104, 73, 100, 50, 0
L 231, 125, 73, 222, 116, 73, 100, 50, 0
L 244, 125, 73, 231, 125, 73, 100, 50, 0
L 253, 116, 73, 244, 125, 73, 100, 50, 0
L 253, 104, 73, 253, 116, 73, 100, 50, 0
L 244, 95, 73, 253, 104, 73, 100, 50, 0
L 231, 95, 73, 244, 95, 73, 100, 50, 0
L 222, 70, 73, 222, 57, 73, 100, 50, 0
L 231, 79, 73, 222, 70, 73, 100, 50, 0
L 244, 79, 73, 231, 79, 73, 100, 50, 0
L 253, 70, 73, 244, 79, 73, 100, 50, 0
L 253, 58, 73, 253, 70, 73, 100, 50, 0
L 244, 49, 73, 253, 58, 73, 100, 50, 0
L 231, 49, 73, 244, 49, 73, 100, 50, 0
L 222, 58, 73, 231, 49, 73, 100, 50, 0
L 110, 48, 75, 101, 57, 75, 100, 50, 0
L 552, 500, 159, 564, 500, 159, 100, 50, 0
L 543, 509, 159, 552, 500, 159, 100, 50, 0
L 543, 521, 159, 543, 509, 159, 100, 50, 0
L 551, 529, 159, 543, 521, 159, 100, 50, 0
L 543, 537, 159, 551, 529, 159, 100, 50, 0
L 543, 550, 159, 543, 537, 159, 100, 50, 0
L 551, 558, 159, 543, 550, 159, 100, 50, 0
L 551, 574, 159, 551, 558, 159, 100, 50, 0
L 565, 574, 159, 551, 574, 159, 100, 50, 0
L 565, 558, 159, 565, 574, 159, 100, 50, 0
L 573, 550, 159, 565, 558, 159, 100, 50, 0
L 573, 537, 159, 573, 550, 159, 100, 50, 0
L 565, 529, 159, 573, 537, 159, 100, 50, 0
L 573, 521, 159, 565, 529, 159, 100, 50, 0
L 573, 508, 159, 573, 521, 159, 100, 50, 0
L 564, 500, 159, 573, 508, 159, 100, 50, 0
L 586, 370, 158, 535, 370, 158, 100, 50, 0
L 622, 406, 158, 586, 370, 158, 100, 50, 0
L 622, 456, 158, 622, 406, 158, 100, 50, 0
L 586, 492, 158, 622, 456, 158, 100, 50, 0
L 586, 492, 158, 535, 492, 158, 100, 50, 0
L -1236, -1756, -10, -1220, -1737, -16, 100, 50, 0
L -1258, -1749, -5, -1236, -1756, -10, 100, 50, 0
L -1258, -1725, -6, -1258, -1749, -5, 100, 50, 0
L -1235, -1717, -13, -1258, -1725, -6, 100, 50, 0
L -1220, -1737, -15, -1235, -1717, -13, 100, 50, 0
L -738, -1985, 14, -761, -1992, 10, 100, 50, 0
L -737, -1960, 11, -738, -1985, 14, 100, 50, 0
L -760, -1951, 11, -737, -1960, 11, 100, 50, 0
L -776, -1971, 12, -760, -1951, 11, 100, 50, 0
L -761, -1993, 10, -776, -1971, 12, 100, 50, 0
L -974, -1970, -4, -988, -1991, -4, 100, 50, 0
L -950, -1976, -3, -974, -1970, -4, 100, 50, 0
L -949, -2001, -3, -950, -1976, -3, 100, 50, 0
L -972, -2010, -3, -949, -2001, -3, 100, 50, 0
L -988, -1991, -4, -972, -2010, -3, 100, 50, 0
L -455, -1877, -0, -464, -1876, -1, 125, 125, 0
L -447, -1872, -0, -455, -1877, -0, 125, 125, 0
L -445, -1863, -1, -447, -1872, -0, 125, 125, 0
L -450, -1854, -2, -445, -1863, -1, 125, 125, 0
L -460, -1852, -3, -450, -1854, -2, 125, 125, 0
L -468, -1858, -2, -460, -1852, -3, 125, 125, 0
L -470, -1867, -1, -468, -1858, -2, 125, 125, 0
L -464, -1875, -1, -470, -1867, -1, 125, 125, 0
L -461, -1908, 3, -460, -1895, 1, 125, 125, 0
L -453, -1919, 3, -461, -1908, 3, 125, 125, 0
L -439, -1921, 1, -453, -1919, 3, 125, 125, 0
L -427, -1913, -2, -439, -1921, 1, 125, 125, 0
L -424, -1898, -5, -427, -1913, -2, 125, 125, 0
L -434, -1887, -2, -424, -1898, -5, 125, 125, 0
L -449, -1886, 0, -434, -1887, -2, 125, 125, 0
L -459, -1895, 1, -449, -1886, 0, 125, 125, 0
L 46, -2153, -45, 62, -2152, -45, 125, 125, 0
L 35, -2142, -44, 46, -2153, -45, 125, 125, 0
L 34, -2126, -44, 35, -2142, -44, 125, 125, 0
L 44, -2115, -44, 34, -2126, -44, 125, 125, 0
L 60, -2114, -44, 44, -2115, -44, 125, 125, 0
L 72, -2125, -45, 60, -2114, -44, 125, 125, 0
L 72, -2141, -45, 72, -2125, -45, 125, 125, 0
L 62, -2152, -45, 72, -2141, -45, 125, 125, 0
L 241, -2075, -45, 234, -2062, -45, 125, 125, 0
L 256, -2080, -45, 241, -2075, -45, 125, 125, 0
L 269, -2072, -45, 256, -2080, -45, 125, 125, 0
L 273, -2057, -44, 269, -2072, -45, 125, 125, 0
L 267, -2044, -45, 273, -2057, -44, 125, 125, 0
L 251, -2039, -44, 267, -2044, -45, 125, 125, 0
L 239, -2047, -43, 251, -2039, -44, 125, 125, 0
L 234, -2062, -45, 239, -2047, -43, 125, 125, 0
L 26, -1984, 1, 23, -1975, 2, 125, 125, 0
L 35, -1988, 0, 26, -1984, 1, 125, 125, 0
L 44, -1984, 0, 35, -1988, 0, 125, 125, 0
L 47, -1976, 1, 44, -1984, 0, 125, 125, 0
L 44, -1967, 2, 47, -1976, 1, 125, 125, 0
L 36, -1964, 3, 44, -1967, 2, 125, 125, 0
L 27, -1967, 2, 36, -1964, 3, 125, 125, 0
L 23, -1975, 2, 27, -1967, 2, 125, 125, 0
L 225, -1821, -4, 223, -1807, -3, 125, 125, 0
L 236, -1830, -7, 225, -1821, -4, 125, 125, 0
L 251, -1828, -8, 236, -1830, -7, 125, 125, 0
L 260, -1816, -8, 251, -1828, -8, 125, 125, 0
L 257, -1801, -6, 260, -1816, -8, 125, 125, 0
L 245, -1793, -3, 257, -1801, -6, 125, 125, 0
L 231, -1796, -3, 245, -1793, -3, 125, 125, 0
L 223, -1807, -3, 231, -1796, -3, 125, 125, 0
L 190, -1733, -3, 183, -1727, -3, 125, 125, 0
L 199, -1733, -3, 190, -1733, -3, 125, 125, 0
L 206, -1727, -3, 199, -1733, -3, 125, 125, 0
L 206, -1717, -3, 206, -1727, -3, 125, 125, 0
L 199, -1711, -3, 206, -1717, -3, 125, 125, 0
L 190, -1710, -3, 199, -1711, -3, 125, 125, 0
L 183, -1717, -3, 190, -1710, -3, 125, 125, 0
L 183, -1726, -3, 183, -1717, -3, 125, 125, 0
L 80, -1720, -5, 97, -1713, -4, 125, 125, 0
L 75, -1732, -4, 81, -1746, -4, 125, 125, 0
L 80, -1720, -5, 75, -1732, -4, 125, 125, 0
L 69, -1716, -5, 80, -1720, -5, 125, 125, 0
L 63, -1703, -5, 69, -1716, -5, 125, 125, 0
L 67, -1688, -7, 63, -1703, -5, 125, 125, 0
L 81, -1681, -7, 67, -1688, -7, 125, 125, 0
L 95, -1686, -6, 81, -1681, -7, 125, 125, 0
L 102, -1700, -5, 95, -1686, -6, 125, 125, 0
L 98, -1713, -4, 102, -1700, -5, 125, 125, 0
L 109, -1718, -4, 98, -1713, -4, 125, 125, 0
L 115, -1732, -4, 109, -1718, -4, 125, 125, 0
L 109, -1746, -3, 115, -1732, -4, 125, 125, 0
L 95, -1751, -3, 109, -1746, -3, 125, 125, 0
L 81, -1746, -4, 95, -1751, -3, 125, 125, 0
L 401, -496, -3, 405, -503, -3, 64, 64, 64
L 393, -500, -3, 401, -496, -3, 64, 64, 64
L 397, -507, -3, 393, -500, -3, 64, 64, 64
L 405, -503, -3, 397, -507, -3, 64, 64, 64
L 407, -492, -3, 415, -488, -3, 64, 64, 64
L 411, -499, -3, 407, -492, -3, 64, 64, 64
L 419, -495, -3, 411, -499, -3, 64, 64, 64
L 415, -488, -3, 419, -495, -3, 64, 64, 64
L 419, -456, -3, 427, -452, -3, 64, 64, 64
L 424, -464, -3, 419, -456, -3, 64, 64, 64
L 431, -460, -3, 424, -464, -3, 64, 64, 64
L 427, -452, -3, 431, -460, -3, 64, 64, 64
L 411, -443, -3, 419, -438, -3, 64, 64, 64
L 415, -450, -3, 411, -443, -3, 64, 64, 64
L 423, -446, -3, 415, -450, -3, 64, 64, 64
L 419, -438, -3, 423, -446, -3, 64, 64, 64
L 376, -440, -3, 371, -433, -3, 64, 64, 64
L 383, -436, -3, 375, -440, -3, 64, 64, 64
L 379, -429, -3, 383, -436, -3, 64, 64, 64
L 371, -433, -3, 379, -429, -3, 64, 64, 64
L 362, -448, -3, 358, -441, -3, 64, 64, 64
L 369, -444, -3, 362, -448, -3, 64, 64, 64
L 365, -437, -3, 369, -444, -3, 64, 64, 64
L 358, -441, -3, 365, -437, -3, 64, 64, 64
L 361, -484, -3, 354, -488, -3, 64, 64, 64
L 357, -476, -3, 361, -484, -3, 64, 64, 64
L 350, -480, -3, 357, -476, -3, 64, 64, 64
L 354, -488, -3, 350, -480, -3, 64, 64, 64
L 369, -497, -3, 362, -502, -3, 64, 64, 64
L 365, -490, -3, 369, -497, -3, 64, 64, 64
L 358, -494, -3, 365, -490, -3, 64, 64, 64
L 362, -501, -3, 358, -494, -3, 64, 64, 64
L 662, 1247, -3, 657, 1267, -3, 125, 125, 0
L 643, 1242, -3, 662, 1247, -3, 125, 125, 0
L 638, 1261, -3, 643, 1242, -3, 125, 125, 0
L 657, 1267, -3, 638, 1261, -3, 125, 125, 0
L 678, 1282, -3, 697, 1288, -2, 125, 125, 0
L 671, 1301, -3, 678, 1282, -3, 125, 125, 0
L 691, 1307, -1, 671, 1301, -3, 125, 125, 0
L 697, 1288, -2, 691, 1307, -1, 125, 125, 0
L 717, 1281, 0, 727, 1281, -1, 125, 125, 0
L 712, 1288, -1, 717, 1281, 0, 125, 125, 0
L 716, 1297, -1, 712, 1288, -1, 125, 125, 0
L 725, 1297, -0, 716, 1297, -1, 125, 125, 0
L 730, 1290, -1, 725, 1297, -0, 125, 125, 0
L 726, 1282, -1, 730, 1290, -1, 125, 125, 0
L 1906, 945, -1, 1901, 878, 6, 64, 40, 0
L 1902, 957, -2, 1906, 945, -1, 64, 40, 0
L 1896, 994, -0, 1902, 957, -2, 64, 40, 0
L 1906, 1012, 1, 1896, 994, -0, 64, 40, 0
L 1901, 1026, 0, 1906, 1012, 1, 64, 40, 0
L 1908, 1080, 13, 1901, 1026, 0, 64, 40, 0
L 1900, 1092, 10, 1908, 1080, 13, 64, 40, 0
L 1903, 1138, 14, 1900, 1092, 10, 64, 40, 0
L 21, -2371, 23, 26, -2368, 22, 200, 200, 200
L 21, -2377, 27, 21, -2371, 23, 200, 200, 200
L 26, -2380, 31, 21, -2377, 27, 200, 200, 200
L 31, -2377, 29, 26, -2380, 31, 200, 200, 200
L 31, -2371, 25, 31, -2377, 29, 200, 200, 200
L 26, -2368, 22, 31, -2371, 25, 200, 200, 200
L -85, -2384, 17, -88, -2379, 18, 200, 200, 200
L -79, -2383, 20, -85, -2384, 17, 200, 200, 200
L -77, -2378, 18, -79, -2383, 20, 200, 200, 200
L -80, -2373, 17, -77, -2378, 18, 200, 200, 200
L -85, -2374, 18, -80, -2373, 17, 200, 200, 200
L -88, -2379, 18, -85, -2374, 18, 200, 200, 200
L -32, -2230, -12, -33, -2257, -10, 60, 40, 0
L -37, -2209, -19, -32, -2230, -12, 60, 40, 0
L -35, -2176, -36, -37, -2209, -19, 60, 40, 0
L -27, -2125, -42, -35, -2176, -36, 60, 40, 0
L -34, -2107, -43, -27, -2125, -42, 60, 40, 0
L -29, -2059, -20, -34, -2107, -43, 60, 40, 0
L -35, -2040, -10, -29, -2059, -20, 60, 40, 0
L -32, -2001, -3, -35, -2040, -10, 60, 40, 0
L 125, -1998, -2, 157, -1999, -4, 60, 40, 0
L 115, -1991, -2, 125, -1998, -2, 60, 40, 0
L 168, -1899, 11, 168, -1876, 11, 60, 40, 0
L 173, -1936, -3, 168, -1899, 11, 60, 40, 0
L 164, -1947, -3, 173, -1936, -3, 60, 40, 0
L 115, -1991, -2, 164, -1947, -3, 60, 40, 0
L 97, -2000, -2, 115, -1991, -2, 60, 40, 0
L 87, -1996, -2, 98, -2000, -2, 60, 40, 0
L 49, -2004, -1, 87, -1996, -2, 60, 40, 0
L 29, -1995, -0, 49, -2004, -1, 60, 40, 0
L 12, -2001, -1, 29, -1995, -0, 60, 40, 0
L -18, -2005, -2, 12, -2001, -1, 60, 40, 0
L -32, -2000, -3, -18, -2005, -2, 60, 40, 0
L -37, -1993, -2, -32, -2000, -3, 60, 40, 0
L -51, -1998, -3, -37, -1993, -2, 60, 40, 0
L -108, -2002, -7, -51, -1998, -3, 60, 40, 0
L -132, -1964, 8, -108, -2002, -7, 60, 40, 0
L -171, -1946, 9, -132, -1964, 8, 60, 40, 0
L -172, -1912, 21, -171, -1946, 9, 60, 40, 0
L -200, -1897, 26, -172, -1912, 21, 60, 40, 0
L -235, -1874, 19, -200, -1897, 26, 60, 40, 0
L -236, -1863, 19, -235, -1874, 19, 60, 40, 0
L -231, -1847, 19, -236, -1863, 19, 60, 40, 0
L -232, -1798, 12, -231, -1847, 19, 60, 40, 0
L -245, -1794, 10, -286, -1800, 14, 60, 40, 0
L -232, -1797, 11, -245, -1794, 10, 60, 40, 0
L -219, -1804, 11, -232, -1797, 11, 60, 40, 0
L -210, -1798, 8, -219, -1804, 11, 60, 40, 0
L -155, -1801, 7, -210, -1798, 8, 60, 40, 0
L -146, -1785, 1, -155, -1801, 7, 60, 40, 0
L -108, -1728, -8, -146, -1785, 1, 60, 40, 0
L -83, -1732, -5, -108, -1728, -8, 60, 40, 0
L -45, -1731, -6, -83, -1732, -5, 60, 40, 0
L -99, -1483, -29, -99, -1523, -36, 60, 40, 0
L -95, -1459, -22, -99, -1483, -29, 60, 40, 0
L -104, -1450, -20, -95, -1459, -22, 60, 40, 0
L -141, -1424, -20, -104, -1450, -20, 60, 40, 0
L -141, -1407, -17, -141, -1424, -20, 60, 40, 0
L -148, -1393, -17, -141, -1407, -17, 60, 40, 0
L -179, -1392, -24, -148, -1393, -17, 60, 40, 0
L -226, -1347, -14, -179, -1392, -24, 60, 40, 0
L -237, -1330, -10, -226, -1347, -14, 60, 40, 0
L -226, -1255, 5, -237, -1330, -10, 60, 40, 0
L -236, -1209, 18, -226, -1255, 5, 60, 40, 0
L -228, -1156, 15, -236, -1209, 18, 60, 40, 0
L -232, -1113, 8, -228, -1156, 15, 60, 40, 0
L -233, -1078, 5, -232, -1113, 8, 60, 40, 0
L -110, -131, 20, -154, -133, 5, 60, 40, 0
L -78, -131, 25, -110, -131, 20, 60, 40, 0
L -18, -136, 21, -78, -131, 25, 60, 40, 0
L 27, -127, 16, -18, -136, 21, 60, 40, 0
L 45, -138, 18, 27, -127, 16, 60, 40, 0
L 57, -132, 15, 45, -138, 18, 60, 40, 0
L 88, -131, 14, 57, -132, 15, 60, 40, 0
L 246, -64, -3, 179, -64, -3, 60, 40, 0
L 300, 7, -3, 246, -64, -3, 60, 40, 0
L 359, 6, -3, 300, 7, -3, 60, 40, 0
L 409, -1, -3, 359, 6, -3, 60, 40, 0
L 458, 2, -3, 409, -1, -3, 60, 40, 0
L 514, 3, -3, 458, 2, -3, 60, 40, 0
L 551, 60, -3, 514, 3, -3, 60, 40, 0
L 577, 63, -3, 551, 60, -3, 60, 40, 0
L 594, 95, -3, 577, 63, -3, 60, 40, 0
L 620, 128, -3, 594, 95, -3, 60, 40, 0
L 653, 129, -3, 620, 128, -3, 60, 40, 0
L 659, 162, -3, 653, 129, -3, 60, 40, 0
L 707, 199, -3, 659, 162, -3, 60, 40, 0
L 702, 224, -3, 707, 199, -3, 60, 40, 0
L 702, 270, -2, 702, 224, -3, 60, 40, 0
L 699, 320, 3, 702, 270, -2, 60, 40, 0
L 703, 373, 13, 699, 320, 3, 60, 40, 0
L 699, 425, 23, 703, 373, 13, 60, 40, 0
L 705, 473, 38, 699, 425, 23, 60, 40, 0
L 696, 522, 37, 705, 473, 38, 60, 40, 0
L 703, 569, 52, 696, 522, 37, 60, 40, 0
L 699, 628, 26, 703, 569, 52, 60, 40, 0
L 696, 662, 18, 699, 628, 26, 60, 40, 0
L 700, 680, 15, 696, 662, 18, 60, 40, 0
L 733, 700, 13, 700, 680, 15, 60, 40, 0
L 762, 740, 4, 733, 700, 13, 60, 40, 0
L 844, 732, 6, 762, 740, 4, 60, 40, 0
L 883, 793, -2, 844, 732, 6, 64, 40, 0
L 915, 797, -3, 883, 793, -2, 64, 40, 0
L 924, 825, -3, 915, 797, -3, 64, 40, 0
L 950, 860, -12, 924, 825, -3, 64, 40, 0
L 982, 864, -15, 950, 860, -12, 64, 40, 0
L 992, 893, -27, 982, 864, -15, 64, 40, 0
L 1018, 925, -24, 992, 893, -27, 64, 40, 0
L 1048, 930, -18, 1018, 925, -24, 64, 40, 0
L 1061, 960, -7, 1048, 930, -18, 64, 40, 0
L 1092, 1005, -1, 1061, 960, -7, 64, 40, 0
L 1136, 1001, -0, 1092, 1005, -1, 64, 40, 0
L 1180, 997, 3, 1136, 1001, -0, 64, 40, 0
L 1226, 1007, 6, 1180, 997, 3, 64, 40, 0
L 1278, 999, 9, 1226, 1007, 6, 64, 40, 0
L 1325, 1003, 17, 1278, 999, 9, 64, 40, 0
L 1379, 1001, 20, 1325, 1003, 17, 64, 40, 0
L 1420, 1063, 34, 1379, 1001, 20, 64, 40, 0
L 1450, 1064, 43, 1420, 1063, 34, 64, 40, 0
L 1460, 1090, 48, 1450, 1064, 43, 64, 40, 0
L 1492, 1138, 39, 1460, 1090, 48, 64, 40, 0
L 1544, 1132, 31, 1492, 1138, 39, 64, 40, 0
L 1589, 1137, 23, 1544, 1132, 31, 64, 40, 0
L 1646, 1129, 13, 1589, 1137, 23, 64, 40, 0
L 1689, 1137, 9, 1646, 1129, 13, 64, 40, 0
L 1743, 1132, 1, 1689, 1137, 9, 64, 40, 0
L 1790, 1136, -2, 1743, 1132, 1, 64, 40, 0
L 1846, 1129, 5, 1790, 1136, -2, 64, 40, 0
L 1891, 1140, 12, 1846, 1129, 5, 64, 40, 0
L 1943, 1131, 26, 1891, 1140, 12, 64, 40, 0
L 1991, 1135, 29, 1943, 1131, 26, 64, 40, 0
L 2045, 1133, 27, 1991, 1135, 29, 64, 40, 0
L 2064, 1164, 27, 2045, 1133, 27, 64, 40, 0
L 2105, 1194, 21, 2064, 1164, 27, 64, 40, 0
L 2107, 1279, 26, 2105, 1194, 21, 64, 40, 0
L 2098, 1326, 27, 2107, 1279, 26, 64, 40, 0
L 2105, 1379, 24, 2098, 1326, 27, 64, 40, 0
L 2098, 1462, 22, 2105, 1379, 24, 64, 40, 0
L 2106, 1549, 12, 2098, 1462, 22, 64, 40, 0
L 2097, 1591, 14, 2106, 1549, 12, 64, 40, 0
L 2105, 1645, 11, 2097, 1591, 14, 64, 40, 0
L 2100, 1693, 13, 2105, 1645, 11, 64, 40, 0
L 2108, 1746, 20, 2100, 1693, 13, 64, 40, 0
L 2101, 1757, 19, 2108, 1746, 20, 64, 40, 0
L 2097, 1794, 11, 2101, 1757, 19, 64, 40, 0
L 2106, 1813, 6, 2097, 1794, 11, 64, 40, 0
L 2100, 1825, 3, 2106, 1813, 6, 64, 40, 0
L 2102, 1867, -2, 2100, 1825, 3, 64, 40, 0
L -1158, 1397, 31, -1222, 1403, 26, 60, 40, 0
L -1117, 1459, 31, -1158, 1397, 31, 60, 40, 0
L -1085, 1463, 44, -1117, 1459, 31, 60, 40, 0
L -1075, 1492, 43, -1085, 1463, 44, 60, 40, 0
L -1042, 1537, 49, -1075, 1492, 43, 60, 40, 0
L -1022, 1538, 59, -1042, 1537, 49, 60, 40, 0
L -972, 1546, 66, -1022, 1538, 59, 60, 40, 0
L -970, 1587, 67, -972, 1546, 66, 60, 40, 0
L -962, 1613, 65, -970, 1587, 67, 60, 40, 0
L -970, 1658, 40, -962, 1613, 65, 60, 40, 0
L -968, 1692, 28, -970, 1658, 40, 60, 40, 0
L -961, 1744, 21, -968, 1692, 28, 60, 40, 0
L -970, 1789, 2, -961, 1744, 21, 60, 40, 0
L -961, 1810, -1, -970, 1789, 2, 60, 40, 0
L -969, 1827, -3, -961, 1810, -1, 60, 40, 0
L -965, 1867, -7, -969, 1827, -3, 60, 40, 0
L -2313, 1536, -31, -2355, 1534, -24, 60, 40, 0
L -2290, 1531, -34, -2313, 1536, -31, 60, 40, 0
L -2279, 1548, -37, -2290, 1531, -34, 60, 40, 0
L -2243, 1602, -29, -2279, 1548, -37, 60, 40, 0
L -2229, 1607, -20, -2243, 1602, -29, 60, 40, 0
L -2153, 1596, -3, -2229, 1607, -20, 60, 40, 0
L -2114, 1601, -2, -2153, 1596, -3, 60, 40, 0
L -2090, 1599, 3, -2114, 1601, -2, 60, 40, 0
L -2053, 1653, 7, -2090, 1599, 3, 60, 40, 0
L -2017, 1663, 21, -2053, 1653, 7, 60, 40, 0
L -1984, 1726, 26, -2017, 1663, 21, 60, 40, 0
L -1950, 1732, 28, -1984, 1726, 26, 60, 40, 0
L -1908, 1806, 38, -1950, 1732, 28, 60, 40, 0
L -1855, 1799, 62, -1908, 1806, 38, 60, 40, 0
L -1795, 1800, 64, -1855, 1799, 62, 60, 40, 0
L -1744, 1803, 66, -1795, 1800, 64, 60, 40, 0
L -1691, 1797, 58, -1744, 1803, 66, 60, 40, 0
L -1637, 1806, 35, -1691, 1797, 58, 60, 40, 0
L -1555, 1796, 20, -1637, 1806, 35, 60, 40, 0
L -1508, 1806, 13, -1555, 1796, 20, 60, 40, 0
L -1439, 1797, -2, -1508, 1806, 13, 60, 40, 0
L -1417, 1805, -2, -1439, 1797, -2, 60, 40, 0
L -1377, 1871, 9, -1417, 1805, -2, 60, 40, 0
L -1342, 1870, 5, -1377, 1871, 9, 60, 40, 0
L -1288, 1863, -1, -1342, 1870, 5, 60, 40, 0
L -1237, 1874, -3, -1288, 1863, -1, 60, 40, 0
L -1188, 1865, -7, -1237, 1874, -3, 60, 40, 0
L -1135, 1870, -13, -1188, 1865, -7, 60, 40, 0
L -1087, 1864, -14, -1135, 1870, -13, 60, 40, 0
L -1039, 1872, -18, -1087, 1864, -14, 60, 40, 0
L -992, 1867, -14, -1039, 1872, -18, 60, 40, 0
L -966, 1867, -7, -992, 1867, -14, 60, 40, 0
L -953, 1863, -6, -966, 1867, -7, 60, 40, 0
L -925, 1870, -6, -953, 1863, -6, 60, 40, 0
L -886, 1869, -3, -925, 1870, -6, 60, 40, 0
L -850, 1926, -13, -886, 1869, -3, 60, 40, 0
L -817, 1928, -12, -850, 1926, -13, 60, 40, 0
L -808, 1961, -23, -817, 1928, -12, 60, 40, 0
L -770, 2006, -36, -808, 1961, -23, 60, 40, 0
L -724, 1998, -29, -770, 2006, -36, 60, 40, 0
L -667, 2004, -27, -724, 1998, -29, 60, 40, 0
L -624, 1997, -22, -667, 2004, -27, 60, 40, 0
L -573, 2007, -28, -624, 1997, -22, 60, 40, 0
L -553, 1997, -22, -573, 2007, -28, 60, 40, 0
L -511, 2006, -27, -553, 1997, -22, 60, 40, 0
L -487, 1996, -22, -511, 2006, -27, 60, 40, 0
L -421, 2002, -25, -487, 1996, -22, 60, 40, 0
L -374, 1933, 3, -421, 2002, -25, 60, 40, 0
L -309, 1939, 9, -374, 1933, 3, 60, 40, 0
L -287, 1931, 13, -309, 1939, 9, 60, 40, 0
L -238, 1939, 17, -287, 1931, 13, 60, 40, 0
L -187, 1933, 21, -238, 1939, 17, 60, 40, 0
L -143, 1936, 22, -187, 1933, 21, 60, 40, 0
L -106, 1939, 22, -143, 1936, 22, 60, 40, 0
L -89, 1930, 23, -106, 1939, 22, 60, 40, 0
L -73, 1937, 23, -89, 1930, 23, 60, 40, 0
L -25, 1932, 24, -73, 1937, 23, 60, 40, 0
L -14, 1947, 24, -25, 1932, 24, 60, 40, 0
L 32, 2007, 9, -14, 1947, 24, 60, 40, 0
L 113, 1997, 13, 32, 2007, 9, 60, 40, 0
L 152, 2002, 11, 113, 1997, 13, 60, 40, 0
L 178, 1997, 12, 152, 2002, 11, 60, 40, 0
L 217, 2001, 9, 178, 1997, 12, 60, 40, 0
L 248, 1997, 7, 217, 2001, 9, 60, 40, 0
L 289, 2004, 3, 248, 1997, 7, 60, 40, 0
L 311, 1996, 2, 289, 2004, 3, 60, 40, 0
L 324, 2004, 0, 311, 1996, 2, 60, 40, 0
L 361, 1998, -2, 324, 2004, 0, 60, 40, 0
L 380, 2002, -2, 361, 1998, -2, 60, 40, 0
L 422, 2069, -2, 380, 2002, -2, 60, 40, 0
L 439, 2073, -3, 422, 2069, -2, 60, 40, 0
L 491, 2072, -3, 439, 2073, -3, 60, 40, 0
L 514, 2062, -3, 491, 2072, -3, 60, 40, 0
L 563, 2073, -3, 514, 2062, -3, 60, 40, 0
L 608, 2066, -2, 563, 2073, -3, 60, 40, 0
L 627, 2074, -3, 608, 2066, -2, 60, 40, 0
L 645, 2062, 3, 627, 2074, -3, 60, 40, 0
L 653, 2068, 5, 645, 2062, 3, 60, 40, 0
L 669, 2068, 9, 653, 2068, 5, 60, 40, 0
L 711, 2066, 10, 669, 2068, 9, 64, 40, 0
L 750, 2127, -3, 711, 2066, 10, 64, 40, 0
L 782, 2128, -3, 750, 2127, -3, 64, 40, 0
L 794, 2142, -3, 782, 2128, -3, 64, 40, 0
L 793, 2160, -3, 794, 2142, -3, 64, 40, 0
L 818, 2194, -3, 793, 2160, -3, 64, 40, 0
L 847, 2196, -3, 818, 2194, -3, 64, 40, 0
L 857, 2209, -3, 847, 2196, -3, 64, 40, 0
L 859, 2228, -3, 857, 2209, -3, 64, 40, 0
L 881, 2245, -3, 859, 2228, -3, 64, 40, 0
L 905, 2245, -3, 881, 2245, -3, 64, 40, 0
L 911, 2274, -3, 905, 2245, -3, 64, 40, 0
L 926, 2288, -3, 911, 2274, -3, 64, 40, 0
L 963, 2340, 2, 926, 2288, -3, 64, 40, 0
L 982, 2336, -1, 963, 2340, 2, 64, 40, 0
L 1011, 2338, -1, 982, 2336, -1, 64, 40, 0
L 1032, 2333, -2, 1011, 2338, -1, 64, 40, 0
L 1047, 2341, -2, 1032, 2333, -2, 64, 40, 0
L 1065, 2334, -2, 1047, 2341, -2, 64, 40, 0
L 1093, 2339, -2, 1065, 2334, -2, 64, 40, 0
L 1112, 2337, -2, 1093, 2339, -2, 64, 40, 0
L 1162, 2264, -3, 1112, 2337, -2, 64, 40, 0
L 1182, 2268, -3, 1162, 2264, -3, 64, 40, 0
L 1227, 2273, -3, 1182, 2268, -3, 64, 40, 0
L 1248, 2262, -3, 1227, 2273, -3, 64, 40, 0
L 1293, 2272, -3, 1248, 2262, -3, 64, 40, 0
L 1345, 2265, -3, 1293, 2272, -3, 64, 40, 0
L 1395, 2270, -3, 1345, 2265, -3, 64, 40, 0
L 1448, 2264, -3, 1395, 2270, -3, 64, 40, 0
L 1493, 2272, -3, 1448, 2264, -3, 64, 40, 0
L 1545, 2265, -3, 1493, 2272, -3, 64, 40, 0
L 1595, 2271, -3, 1545, 2265, -3, 64, 40, 0
L 1646, 2271, -1, 1595, 2271, -3, 64, 40, 0
L 1697, 2197, -3, 1646, 2271, -1, 64, 40, 0
L 1720, 2202, -3, 1697, 2197, -3, 64, 40, 0
L 1778, 2198, -3, 1720, 2202, -3, 64, 40, 0
L 1822, 2203, -3, 1778, 2198, -3, 64, 40, 0
L 1843, 2198, -3, 1822, 2203, -3, 64, 40, 0
L 1855, 2202, -3, 1843, 2198, -3, 64, 40, 0
L 1894, 2206, -3, 1855, 2202, -3, 64, 40, 0
L 1913, 2204, -3, 1894, 2206, -3, 64, 40, 0
L 1933, 2170, -3, 1913, 2204, -3, 64, 40, 0
L 1960, 2153, -3, 1933, 2170, -3, 64, 40, 0
L 1963, 2121, -3, 1960, 2153, -3, 64, 40, 0
L 1992, 2111, -1, 1963, 2121, -3, 64, 40, 0
L 2037, 2077, 13, 1992, 2111, -1, 64, 40, 0
L 2038, 2010, 22, 2037, 2077, 13, 64, 40, 0
L 2036, 1982, 13, 2038, 2010, 22, 64, 40, 0
L 2032, 1961, 8, 2036, 1982, 13, 64, 40, 0
L 2039, 1942, 10, 2032, 1961, 8, 64, 40, 0
L 2036, 1913, 3, 2039, 1942, 10, 64, 40, 0
L 2043, 1872, 8, 2036, 1913, 3, 64, 40, 0
L 2072, 1867, -2, 2043, 1872, 8, 64, 40, 0
L 2093, 1875, -2, 2072, 1867, -2, 64, 40, 0
L 2102, 1868, -2, 2093, 1875, -2, 64, 40, 0
L 2114, 1863, -1, 2102, 1868, -2, 64, 40, 0
L 2123, 1869, -2, 2114, 1863, -1, 64, 40, 0
L 2144, 1866, -1, 2123, 1869, -2, 64, 40, 0
L 2159, 1873, -2, 2144, 1866, -1, 64, 40, 0
L 2179, 1864, 3, 2159, 1873, -2, 64, 40, 0
L 2208, 1866, 8, 2179, 1864, 3, 64, 40, 0
L 2223, 1872, 7, 2208, 1866, 8, 64, 40, 0
L 2246, 1863, 6, 2223, 1872, 7, 64, 40, 0
L 2257, 1869, 3, 2246, 1863, 6, 64, 40, 0
L 2288, 1868, 8, 2257, 1869, 3, 64, 40, 0
L 2302, 1892, 13, 2288, 1868, 8, 64, 40, 0
L 2372, 1963, 45, 2369, 2038, 43, 64, 64, 64
L 2371, 2039, 44, 2369, 2038, 43, 64, 64, 64
L 2358, 2011, 48, 2359, 1988, 48, 64, 64, 64
L 2609, 2014, 21, 2609, 1971, 21, 64, 64, 64
L 1052, 2564, 1, 1127, 2602, 1, 0, 125, 0
L 1047, 2534, 1, 1052, 2564, 1, 0, 125, 0
L 1069, 2501, -1, 1047, 2534, 1, 0, 125, 0
L 1068, 2435, 7, 1069, 2501, -1, 0, 125, 0
L 1135, 2435, 25, 1068, 2435, 7, 0, 125, 0
L 2333, 2367, 39, 1135, 2435, 25, 0, 125, 0
L 2390, 2164, 75, 2333, 2367, 39, 0, 125, 0
L 2364, 2162, 62, 2390, 2164, 75, 64, 64, 64
L 2365, 2135, 58, 2364, 2162, 62, 64, 64, 64
L 2367, 2135, 59, 2365, 2135, 58, 64, 64, 64
L 2368, 2102, 47, 2367, 2135, 59, 64, 64, 64
L 2371, 2039, 44, 2368, 2102, 47, 64, 64, 64
L 2358, 2011, 25, 2370, 2012, 25, 64, 64, 64
L 2400, 2008, 24, 2358, 2006, 25, 64, 64, 64
L 2400, 2027, 24, 2400, 2008, 24, 64, 64, 64
L 2509, 2015, 21, 2400, 2027, 24, 64, 64, 64
L 2609, 2014, 21, 2509, 2015, 21, 64, 64, 64
L 2511, 1988, 21, 2582, 1988, 21, 64, 64, 64
L 2402, 1976, 24, 2511, 1988, 21, 64, 64, 64
L 2401, 1996, 24, 2402, 1976, 24, 64, 64, 64
L 2359, 1994, 25, 2401, 1996, 24, 64, 64, 64
L 2371, 1988, 25, 2359, 1988, 25, 64, 64, 64
L 2375, 1963, 46, 2372, 1963, 45, 64, 64, 64
L 2379, 1880, 45, 2375, 1963, 46, 64, 64, 64
L 2337, 1836, 28, 2379, 1880, 45, 0, 125, 0
L 2335, -2230, 26, 2337, 1836, 28, 0, 125, 0
L 68, -2409, 21, 2335, -2230, 26, 0, 125, 0
L 68, -2364, 24, 68, -2409, 21, 0, 125, 0
L 1, -2364, 16, 68, -2364, 24, 0, 125, 0
L -3, -2506, 16, 1, -2364, 16, 0, 125, 0
L 74, -2507, 16, -3, -2506, 16, 0, 125, 0
L 74, -2604, 16, 74, -2507, 16, 0, 125, 0
L -40, -2557, 16, 32, -2557, 16, 0, 125, 0
L -66, -2366, 16, -40, -2557, 16, 0, 125, 0
L -116, -2414, 18, -66, -2366, 16, 0, 125, 0
L -2398, -2298, 30, -116, -2414, 18, 0, 125, 0
L -2464, 1436, 46, -2398, -2298, 30, 0, 125, 0
L -2465, 1503, -5, -2464, 1436, 46, 0, 125, 0
L -2532, 1502, 1, -2465, 1503, -5, 0, 125, 0
L -2644, 1564, 1, -2532, 1502, 1, 0, 125, 0
L -2661, 1600, 1, -2644, 1564, 1, 0, 125, 0
L -2644, 1625, 1, -2661, 1600, 1, 0, 125, 0
L -2663, 1631, 1, -2644, 1625, 1, 0, 125, 0
L -2617, 1633, 1, -2660, 1660, 1, 0, 125, 0
L -2631, 1603, 1, -2617, 1633, 1, 0, 125, 0
L -2620, 1574, 1, -2631, 1603, 1, 0, 125, 0
L -2532, 1568, 0, -2620, 1574, 1, 0, 125, 0
L -2465, 1634, 33, -2532, 1568, 0, 0, 125, 0
L -2469, 2297, 64, -2465, 1634, 33, 0, 125, 0
L 935, 2435, 26, -2469, 2297, 64, 0, 125, 0
L 1002, 2502, 1, 935, 2435, 26, 0, 125, 0
L 1020, 2541, 1, 1002, 2502, 1, 0, 125, 0
L 1027, 2577, 1, 1020, 2541, 1, 0, 125, 0
L 1099, 2609, 1, 1027, 2577, 1, 0, 125, 0
L 541, 2115, -3, 475, 2086, -3, 64, 64, 64
L 511, 2179, 2, 541, 2115, -3, 64, 64, 64
L 446, 2151, -2, 511, 2179, 2, 64, 64, 64
L 475, 2086, -3, 446, 2151, -2, 64, 64, 64
L 541, 1941, 6, 512, 2003, -3, 64, 64, 64
L 601, 1969, 11, 541, 1941, 6, 64, 64, 64
L 577, 2032, -2, 601, 1969, 11, 64, 64, 64
L 511, 2003, -3, 577, 2032, -2, 64, 64, 64
L 384, 1871, 7, 356, 1933, 3, 64, 64, 64
L 447, 1898, 4, 384, 1871, 7, 64, 64, 64
L 419, 1962, -3, 447, 1898, 4, 64, 64, 64
L 356, 1933, 3, 419, 1962, -3, 64, 64, 64
L 381, 2045, -1, 317, 2017, 2, 64, 64, 64
L 353, 2111, -3, 381, 2045, -1, 64, 64, 64
L 287, 2081, -3, 353, 2111, -3, 64, 64, 64
L 317, 2017, 2, 287, 2081, -3, 64, 64, 64
L -443, -390, 74, -430, -403, 73, 100, 50, 0
L -462, -390, 74, -443, -390, 74, 100, 50, 0
L -476, -403, 74, -462, -390, 74, 100, 50, 0
L -476, -423, 74, -476, -403, 74, 100, 50, 0
L -462, -437, 74, -476, -423, 74, 100, 50, 0
L -443, -437, 74, -462, -437, 74, 100, 50, 0
L -430, -424, 73, -443, -437, 74, 100, 50, 0
L 314, 361, 157, 314, 380, 157, 100, 50, 0
L 328, 348, 157, 314, 361, 157, 100, 50, 0
L 347, 348, 157, 328, 348, 157, 100, 50, 0
L 361, 361, 157, 347, 348, 157, 100, 50, 0
L 361, 381, 158, 361, 361, 157, 100, 50, 0
L 347, 394, 157, 361, 381, 158, 100, 50, 0
L 329, 394, 157, 347, 394, 157, 100, 50, 0
L 533, 506, 158, 547, 492, 157, 100, 50, 0
L 533, 564, 157, 533, 506, 158, 100, 50, 0
L 548, 578, 157, 533, 564, 157, 100, 50, 0
L 567, 578, 157, 548, 578, 157, 100, 50, 0
L 582, 564, 157, 567, 578, 157, 100, 50, 0
L 582, 506, 157, 582, 564, 157, 100, 50, 0
L 568, 492, 157, 582, 506, 157, 100, 50, 0
L 627, 393, 157, 609, 393, 157, 100, 50, 0
L 641, 380, 157, 627, 393, 157, 100, 50, 0
L 641, 360, 157, 641, 380, 157, 100, 50, 0
L 627, 346, 157, 641, 360, 157, 100, 50, 0
L 608, 346, 157, 627, 346, 157, 100, 50, 0
L 594, 360, 158, 608, 346, 157, 100, 50, 0
L 594, 378, 157, 594, 360, 158, 100, 50, 0
L 588, 116, 158, 574, 129, 157, 100, 50, 0
L 587, 96, 157, 588, 116, 158, 100, 50, 0
L 573, 82, 158, 587, 96, 157, 100, 50, 0
L 554, 82, 157, 573, 82, 157, 100, 50, 0
L 540, 96, 157, 554, 82, 157, 100, 50, 0
L 540, 115, 157, 540, 96, 157, 100, 50, 0
L 553, 129, 158, 540, 115, 157, 100, 50, 0
L 447, 259, 114, 434, 273, 114, 100, 50, 0
L 448, 201, 114, 447, 259, 114, 100, 50, 0
L 433, 187, 114, 448, 201, 114, 100, 50, 0
L 413, 187, 114, 433, 187, 114, 100, 50, 0
L 399, 201, 114, 413, 187, 114, 100, 50, 0
L 399, 259, 114, 399, 201, 114, 100, 50, 0
L 413, 273, 114, 399, 259, 114, 100, 50, 0
L 357, 269, 114, 357, 288, 114, 100, 50, 0
L 343, 256, 114, 357, 269, 114, 100, 50, 0
L 324, 256, 114, 343, 256, 114, 100, 50, 0
L 310, 269, 114, 324, 256, 114, 100, 50, 0
L 310, 289, 114, 310, 269, 114, 100, 50, 0
L 324, 302, 114, 310, 289, 114, 100, 50, 0
L 342, 303, 114, 324, 302, 114, 100, 50, 0
L 227, 87, 72, 215, 75, 72, 100, 50, 0
L 227, 87, 72, 215, 99, 71, 100, 50, 0
L 228, 41, 72, 215, 54, 72, 100, 50, 0
L 247, 40, 72, 228, 41, 72, 100, 50, 0
L 261, 54, 72, 247, 40, 72, 100, 50, 0
L 261, 74, 72, 261, 54, 72, 100, 50, 0
L 248, 87, 72, 261, 74, 72, 100, 50, 0
L 261, 100, 72, 248, 87, 72, 100, 50, 0
L 261, 120, 72, 261, 100, 72, 100, 50, 0
L 247, 133, 72, 261, 120, 72, 100, 50, 0
L 228, 133, 72, 247, 133, 72, 100, 50, 0
L 214, 120, 72, 228, 133, 72, 100, 50, 0
L -111, 187, 114, -110, 206, 113, 100, 50, 0
L -124, 174, 114, -111, 187, 114, 100, 50, 0
L -144, 174, 114, -124, 174, 114, 100, 50, 0
L -158, 187, 114, -144, 174, 114, 100, 50, 0
L -157, 207, 114, -158, 187, 114, 100, 50, 0
L -144, 221, 114, -157, 207, 114, 100, 50, 0
L -125, 221, 114, -144, 221, 114, 100, 50, 0
L -107, 346, 114, -107, 328, 114, 100, 50, 0
L -149, 388, 114, -107, 346, 114, 100, 50, 0
L -168, 388, 114, -149, 388, 114, 100, 50, 0
L -182, 374, 114, -168, 388, 114, 100, 50, 0
L -182, 354, 114, -182, 374, 114, 100, 50, 0
L -141, 312, 114, -182, 354, 114, 100, 50, 0
L -122, 313, 113, -141, 312, 114, 100, 50, 0
L -267, 614, 74, -243, 593, 73, 100, 50, 0
L -268, 705, 74, -267, 614, 74, 100, 50, 0
L -243, 727, 74, -268, 705, 74, 100, 50, 0
L -207, 727, 74, -243, 727, 74, 100, 50, 0
L -183, 705, 74, -207, 727, 74, 100, 50, 0
L -183, 614, 73, -183, 705, 74, 100, 50, 0
L -207, 593, 74, -183, 614, 73, 100, 50, 0
L -139, 463, 157, -126, 475, 157, 100, 50, 0
L -159, 463, 157, -139, 463, 157, 100, 50, 0
L -172, 476, 157, -159, 463, 157, 100, 50, 0
L -172, 496, 157, -172, 476, 157, 100, 50, 0
L -159, 509, 158, -172, 496, 157, 100, 50, 0
L -139, 510, 158, -159, 509, 158, 100, 50, 0
L -127, 497, 157, -139, 510, 158, 100, 50, 0
L -85, 562, 158, -72, 549, 157, 100, 50, 0
L -86, 582, 158, -85, 562, 158, 100, 50, 0
L -72, 595, 158, -86, 582, 158, 100, 50, 0
L -52, 596, 158, -72, 595, 158, 100, 50, 0
L -39, 582, 157, -52, 596, 158, 100, 50, 0
L -38, 562, 158, -39, 582, 157, 100, 50, 0
L -52, 549, 157, -38, 562, 158, 100, 50, 0
L -65, -638, 73, -78, -651, 73, 100, 50, 0
L -65, -618, 73, -65, -638, 73, 100, 50, 0
L -79, -605, 73, -65, -618, 73, 100, 50, 0
L -98, -605, 73, -79, -605, 73, 100, 50, 0
L -112, -618, 74, -98, -605, 73, 100, 50, 0
L -112, -638, 74, -112, -618, 74, 100, 50, 0
L -99, -651, 73, -112, -638, 74, 100, 50, 0
L -231, -994, -25, -231, -982, -30, 100, 50, 0
L -211, -994, -25, -231, -994, -25, 100, 50, 0
L -211, -982, -32, -211, -994, -25, 100, 50, 0
L -231, -982, -30, -211, -982, -32, 100, 50, 0
L 124, -749, 73, 125, -714, 73, 100, 50, 0
L 146, -774, 74, 124, -749, 73, 100, 50, 0
L 237, -774, 74, 146, -774, 74, 100, 50, 0
L 259, -749, 74, 237, -774, 74, 100, 50, 0
L 259, -714, 74, 259, -749, 74, 100, 50, 0
L 237, -689, 73, 259, -714, 74, 100, 50, 0
L 146, -689, 74, 237, -689, 73, 100, 50, 0
L 124, -714, 73, 146, -689, 74, 100, 50, 0
L 124, -720, 73, 5, -720, 72, 100, 50, 0
L 5, -741, 73, 124, -741, 73, 100, 50, 0
L -68, -822, 74, -81, -809, 73, 100, 50, 0
L -68, -881, 74, -68, -822, 74, 100, 50, 0
L -82, -895, 73, -68, -881, 74, 100, 50, 0
L -102, -895, 74, -82, -895, 73, 100, 50, 0
L -116, -881, 74, -102, -895, 74, 100, 50, 0
L -116, -822, 74, -116, -881, 74, 100, 50, 0
L -103, -809, 74, -116, -822, 74, 100, 50, 0
L -308, -920, 74, -288, -921, 73, 100, 50, 0
L -349, -962, 74, -308, -920, 74, 100, 50, 0
L -349, -982, 73, -349, -962, 74, 100, 50, 0
L -334, -996, 73, -349, -982, 73, 100, 50, 0
L -314, -996, 74, -334, -996, 73, 100, 50, 0
L -273, -955, 73, -314, -996, 74, 100, 50, 0
L -273, -935, 73, -273, -955, 73, 100, 50, 0
L -180, -961, 73, -180, -943, 73, 100, 50, 0
L -166, -975, 73, -180, -961, 73, 100, 50, 0
L -147, -975, 73, -166, -975, 73, 100, 50, 0
L -133, -961, 73, -147, -975, 73, 100, 50, 0
L -133, -942, 73, -133, -961, 73, 100, 50, 0
L -147, -928, 73, -133, -942, 73, 100, 50, 0
L -165, -928, 73, -147, -928, 73, 100, 50, 0
L -255, -795, 74, -190, -795, 74, 100, 50, 0
L -302, -841, 74, -255, -795, 74, 100, 50, 0
L -302, -907, 74, -302, -841, 74, 100, 50, 0
L -256, -953, 74, -302, -907, 74, 100, 50, 0
L -190, -953, 74, -256, -953, 74, 100, 50, 0
L -144, -907, 74, -190, -953, 74, 100, 50, 0
L -144, -841, 74, -144, -907, 74, 100, 50, 0
L -190, -795, 74, -144, -841, 74, 100, 50, 0
L -175, -810, 73, -140, -775, 73, 100, 50, 0
L -125, -790, 73, -160, -825, 73, 100, 50, 0
L -107, -809, 74, -152, -763, 74, 100, 50, 0
L -41, -809, 74, -107, -809, 74, 100, 50, 0
L 5, -763, 74, -41, -809, 74, 100, 50, 0
L 5, -698, 73, 5, -763, 74, 100, 50, 0
L -41, -651, 74, 5, -698, 73, 100, 50, 0
L -106, -651, 74, -41, -651, 74, 100, 50, 0
L -153, -697, 74, -106, -651, 74, 100, 50, 0
L -152, -763, 74, -153, -697, 74, 100, 50, 0
L -153, -743, 73, -272, -743, 73, 100, 50, 0
L -272, -722, 73, -153, -722, 73, 100, 50, 0
L -212, -147, -3, -240, -147, -3, 100, 50, 0
L -212, -127, -3, -212, -147, -3, 100, 50, 0
L -240, -127, -3, -212, -127, -3, 100, 50, 0
L -240, -147, -3, -240, -127, -3, 100, 50, 0
L -447, -293, 74, -450, -260, 74, 100, 50, 0
L -512, -357, 75, -447, -293, 74, 100, 50, 0
L -545, -356, 74, -512, -357, 75, 100, 50, 0
L -570, -331, 74, -545, -356, 74, 100, 50, 0
L -572, -298, 74, -570, -331, 74, 100, 50, 0
L -507, -233, 74, -572, -298, 74, 100, 50, 0
L -474, -235, 74, -507, -233, 74, 100, 50, 0
L -450, -260, 74, -474, -235, 74, 100, 50, 0
L -454, -256, 73, -398, -200, 73, 100, 50, 0
L -413, -185, 73, -469, -241, 73, 100, 50, 0
L -358, -217, 73, -358, -335, 73, 100, 50, 0
L -338, -335, 73, -338, -217, 73, 100, 50, 0
L -301, -334, 74, -301, -353, 73, 100, 50, 0
L -260, -292, 74, -301, -334, 74, 100, 50, 0
L -240, -293, 74, -260, -292, 74, 100, 50, 0
L -225, -307, 74, -240, -293, 74, 100, 50, 0
L -225, -327, 73, -225, -307, 74, 100, 50, 0
L -267, -368, 74, -225, -327, 73, 100, 50, 0
L -285, -368, 73, -267, -368, 74, 100, 50, 0
L -272, -447, 73, -318, -494, 73, 100, 50, 0
L -272, -382, 74, -272, -447, 73, 100, 50, 0
L -318, -336, 74, -272, -382, 74, 100, 50, 0
L -384, -335, 74, -318, -336, 74, 100, 50, 0
L -430, -382, 74, -384, -335, 74, 100, 50, 0
L -429, -447, 74, -430, -382, 74, 100, 50, 0
L -383, -493, 74, -429, -447, 74, 100, 50, 0
L -318, -493, 74, -383, -493, 74, 100, 50, 0
L -533, -1034, 114, -557, -1013, 114, 100, 50, 0
L -533, -1125, 114, -533, -1034, 114, 100, 50, 0
L -558, -1147, 114, -533, -1125, 114, 100, 50, 0
L -593, -1147, 114, -558, -1147, 114, 100, 50, 0
L -618, -1125, 114, -593, -1147, 114, 100, 50, 0
L -618, -1034, 114, -618, -1125, 114, 100, 50, 0
L -593, -1012, 114, -618, -1034, 114, 100, 50, 0
L -649, -965, 114, -636, -952, 114, 100, 50, 0
L -669, -965, 114, -649, -965, 114, 100, 50, 0
L -682, -951, 114, -669, -965, 114, 100, 50, 0
L -682, -932, 114, -682, -951, 114, 100, 50, 0
L -669, -918, 114, -682, -932, 114, 100, 50, 0
L -649, -918, 114, -669, -918, 114, 100, 50, 0
L -636, -931, 114, -649, -918, 114, 100, 50, 0
L -593, -865, 114, -532, -865, 114, 100, 50, 0
L -636, -908, 114, -593, -865, 114, 100, 50, 0
L -636, -970, 114, -636, -908, 114, 100, 50, 0
L -594, -1012, 114, -636, -970, 114, 100, 50, 0
L -532, -1013, 114, -594, -1012, 114, 100, 50, 0
L -489, -969, 114, -532, -1013, 114, 100, 50, 0
L -488, -908, 114, -489, -969, 114, 100, 50, 0
L -532, -865, 114, -488, -908, 114, 100, 50, 0
L -513, -883, 114, -412, -782, 73, 100, 50, 0
L -397, -796, 73, -499, -898, 114, 100, 50, 0
L -443, -759, 72, -429, -746, 72, 100, 50, 0
L -501, -759, 72, -443, -759, 72, 100, 50, 0
L -516, -745, 73, -501, -759, 72, 100, 50, 0
L -516, -725, 73, -516, -745, 73, 100, 50, 0
L -501, -711, 73, -516, -725, 73, 100, 50, 0
L -443, -711, 73, -501, -711, 73, 100, 50, 0
L -429, -724, 73, -443, -711, 73, 100, 50, 0
L -341, -493, 73, -341, -652, 73, 100, 50, 0
L -320, -652, 73, -320, -493, 73, 100, 50, 0
L -383, -652, 74, -320, -652, 73, 100, 50, 0
L -429, -698, 74, -383, -652, 74, 100, 50, 0
L -429, -764, 74, -429, -698, 74, 100, 50, 0
L -383, -810, 74, -429, -764, 74, 100, 50, 0
L -318, -810, 74, -383, -810, 74, 100, 50, 0
L -272, -764, 74, -318, -810, 74, 100, 50, 0
L -272, -698, 74, -272, -764, 74, 100, 50, 0
L -318, -652, 74, -272, -698, 74, 100, 50, 0
L -320, -652, 74, -318, -652, 74, 100, 50, 0
L -631, -628, 158, -617, -614, 157, 100, 50, 0
L -689, -628, 158, -631, -628, 158, 100, 50, 0
L -703, -614, 158, -689, -628, 158, 100, 50, 0
L -703, -593, 158, -703, -614, 158, 100, 50, 0
L -689, -579, 157, -703, -593, 158, 100, 50, 0
L -631, -579, 158, -689, -579, 157, 100, 50, 0
L -617, -593, 158, -631, -579, 158, 100, 50, 0
L -582, -541, 158, -531, -541, 157, 100, 50, 0
L -617, -576, 158, -582, -541, 158, 100, 50, 0
L -617, -627, 157, -617, -576, 158, 100, 50, 0
L -581, -663, 158, -617, -627, 157, 100, 50, 0
L -531, -663, 158, -581, -663, 158, 100, 50, 0
L -495, -627, 158, -531, -663, 158, 100, 50, 0
L -495, -577, 158, -495, -627, 158, 100, 50, 0
L -531, -540, 158, -495, -577, 158, 100, 50, 0
L -511, -561, 157, -398, -449, 157, 100, 50, 0
L -383, -463, 157, -496, -576, 157, 100, 50, 0
L -415, -623, 158, -430, -608, 158, 100, 50, 0
L -416, -642, 158, -415, -623, 158, 100, 50, 0
L -457, -683, 158, -416, -642, 158, 100, 50, 0
L -477, -684, 158, -457, -683, 158, 100, 50, 0
L -491, -669, 158, -477, -684, 158, 100, 50, 0
L -491, -649, 157, -491, -669, 158, 100, 50, 0
L -450, -608, 157, -491, -649, 157, 100, 50, 0
L -430, -608, 158, -450, -608, 157, 100, 50, 0
L -294, -606, 158, -307, -593, 157, 100, 50, 0
L -274, -607, 158, -294, -606, 158, 100, 50, 0
L -261, -593, 158, -274, -607, 158, 100, 50, 0
L -261, -573, 158, -261, -593, 158, 100, 50, 0
L -274, -559, 158, -261, -573, 158, 100, 50, 0
L -294, -559, 158, -274, -559, 158, 100, 50, 0
L -307, -572, 157, -294, -559, 158, 100, 50, 0
L -429, -558, 158, -394, -522, 158, 100, 50, 0
L -429, -608, 157, -429, -558, 158, 100, 50, 0
L -393, -644, 158, -429, -608, 157, 100, 50, 0
L -343, -645, 158, -393, -644, 158, 100, 50, 0
L -307, -609, 158, -343, -645, 158, 100, 50, 0
L -307, -558, 157, -307, -609, 158, 100, 50, 0
L -343, -522, 158, -307, -558, 157, 100, 50, 0
L -394, -522, 158, -343, -522, 158, 100, 50, 0
L -369, -522, 156, -369, -473, 157, 100, 50, 0
L -348, -473, 157, -348, -522, 157, 100, 50, 0
L -372, -338, 158, -359, -351, 157, 100, 50, 0
L -372, -338, 157, -372, -318, 157, 100, 50, 0
L -358, -305, 157, -372, -318, 157, 100, 50, 0
L -339, -304, 157, -358, -305, 157, 100, 50, 0
L -325, -318, 157, -339, -304, 157, 100, 50, 0
L -325, -338, 158, -325, -318, 157, 100, 50, 0
L -338, -351, 157, -325, -338, 158, 100, 50, 0
L -274, -386, 158, -287, -400, 157, 100, 50, 0
L -216, -386, 157, -274, -386, 158, 100, 50, 0
L -201, -400, 158, -216, -386, 157, 100, 50, 0
L -201, -420, 157, -201, -400, 158, 100, 50, 0
L -215, -434, 157, -201, -420, 157, 100, 50, 0
L -274, -435, 158, -215, -434, 157, 100, 50, 0
L -287, -421, 157, -274, -435, 158, 100, 50, 0
L -374, -473, 158, -409, -437, 157, 100, 50, 0
L -323, -473, 158, -374, -473, 158, 100, 50, 0
L -287, -437, 158, -323, -473, 158, 100, 50, 0
L -287, -386, 158, -287, -437, 158, 100, 50, 0
L -323, -351, 158, -287, -386, 158, 100, 50, 0
L -374, -351, 158, -323, -351, 158, 100, 50, 0
L -410, -386, 158, -374, -351, 158, 100, 50, 0
L -410, -437, 158, -410, -386, 158, 100, 50, 0
L -670, -490, 114, -670, -471, 114, 100, 50, 0
L -683, -504, 114, -670, -490, 114, 100, 50, 0
L -703, -503, 114, -683, -504, 114, 100, 50, 0
L -717, -490, 114, -703, -503, 114, 100, 50, 0
L -717, -470, 114, -717, -490, 114, 100, 50, 0
L -703, -456, 114, -717, -470, 114, 100, 50, 0
L -684, -456, 114, -703, -456, 114, 100, 50, 0
L -634, -229, 74, -621, -216, 73, 100, 50, 0
L -634, -249, 74, -634, -229, 74, 100, 50, 0
L -620, -263, 74, -634, -249, 74, 100, 50, 0
L -601, -263, 74, -620, -263, 74, 100, 50, 0
L -587, -249, 73, -601, -263, 74, 100, 50, 0
L -587, -229, 74, -587, -249, 73, 100, 50, 0
L -600, -216, 73, -587, -229, 74, 100, 50, 0
L -597, 180, 114, -610, 167, 114, 100, 50, 0
L -597, 199, 114, -597, 180, 114, 100, 50, 0
L -611, 213, 114, -597, 199, 114, 100, 50, 0
L -630, 213, 114, -611, 213, 114, 100, 50, 0
L -644, 199, 114, -630, 213, 114, 100, 50, 0
L -644, 179, 114, -644, 199, 114, 100, 50, 0
L -631, 167, 114, -644, 179, 114, 100, 50, 0
L -428, 16, 158, -414, 29, 157, 100, 50, 0
L -428, -3, 157, -428, 16, 158, 100, 50, 0
L -414, -17, 158, -428, -3, 157, 100, 50, 0
L -394, -17, 158, -414, -17, 158, 100, 50, 0
L -381, -3, 157, -394, -17, 158, 100, 50, 0
L -381, 16, 158, -381, -3, 157, 100, 50, 0
L -394, 29, 157, -381, 16, 158, 100, 50, 0
L -95, 14, 158, -109, 27, 158, 100, 50, 0
L -95, -44, 157, -95, 14, 158, 100, 50, 0
L -109, -59, 158, -95, -44, 157, 100, 50, 0
L -129, -59, 158, -109, -59, 158, 100, 50, 0
L -144, -45, 158, -129, -59, 158, 100, 50, 0
L -144, 14, 157, -144, -45, 158, 100, 50, 0
L -130, 27, 157, -144, 14, 157, 100, 50, 0
L -144, 149, 158, -179, 114, 157, 100, 50, 0
L -93, 150, 158, -144, 149, 158, 100, 50, 0
L -57, 114, 158, -93, 150, 158, 100, 50, 0
L -57, 63, 158, -57, 114, 158, 100, 50, 0
L -93, 28, 157, -57, 63, 158, 100, 50, 0
L -143, 27, 158, -93, 28, 157, 100, 50, 0
L -179, 63, 158, -143, 27, 158, 100, 50, 0
L -179, 114, 157, -179, 63, 158, 100, 50, 0
L -338, 99, 157, -179, 99, 157, 100, 50, 0
L -179, 79, 157, -338, 79, 156, 100, 50, 0
L 148, -21, -3, 148, -49, -3, 100, 50, 0
L 148, -49, -3, 135, -49, -3, 100, 50, 0
L 135, -49, -3, 128, -48, -2, 100, 50, 0
L 128, -48, -2, 128, -21, -3, 100, 50, 0
L 128, -21, -3, 148, -21, -3, 100, 50, 0
L 104, 8, 75, 57, 54, 75, 100, 50, 0
L 57, 54, 75, 57, 119, 75, 100, 50, 0
L 57, 119, 75, 103, 165, 75, 100, 50, 0
L 103, 165, 75, 168, 165, 75, 100, 50, 0
L 214, 54, 75, 169, 8, 75, 100, 50, 0
L 169, 8, 75, 103, 8, 75, 100, 50, 0
L 110, 35, 75, 101, 26, 75, 100, 50, 0
L 101, 26, 75, 88, 26, 75, 100, 50, 0
L 88, 26, 75, 80, 35, 75, 100, 50, 0
L 80, 35, 75, 80, 48, 75, 100, 50, 0
L 80, 48, 75, 88, 57, 75, 100, 50, 0
L 88, 57, 75, 101, 57, 75, 100, 50, 0
L 110, 48, 75, 110, 35, 75, 100, 50, 0
L 58, 101, 75, -42, 101, 74, 100, 50, 0
L 58, 80, 75, -42, 80, 74, 100, 50, 0
L -42, 119, 75, -88, 165, 75, 100, 50, 0
L -88, 165, 75, -153, 164, 75, 100, 50, 0
L -153, 164, 75, -199, 118, 75, 100, 50, 0
L -199, 118, 75, -199, 53, 75, 100, 50, 0
L -199, 53, 75, -153, 7, 75, 100, 50, 0
L -153, 7, 75, -88, 8, 75, 100, 50, 0
L -88, 8, 75, -42, 54, 75, 100, 50, 0
L -42, 80, 75, -42, 119, 74, 100, 50, 0
L 66, 128, 74, -16, 210, 114, 100, 50, 0
L -1, 224, 114, 80, 143, 74, 100, 50, 0
L 9, 234, 115, 8, 296, 115, 100, 50, 0
L 8, 296, 115, -35, 339, 115, 100, 50, 0
L -35, 339, 115, -96, 339, 115, 100, 50, 0
L -96, 339, 115, -139, 296, 115, 100, 50, 0
L -139, 296, 115, -139, 234, 115, 100, 50, 0
L -139, 234, 115, -96, 191, 115, 100, 50, 0
L -96, 191, 115, -35, 191, 115, 100, 50, 0
L -35, 191, 115, 8, 234, 114, 100, 50, 0
L -76, 339, 114, -76, 427, 158, 100, 50, 0
L -56, 427, 159, -55, 339, 114, 100, 50, 0
L -40, 427, 159, -91, 427, 159, 100, 50, 0
L -91, 427, 159, -126, 463, 159, 100, 50, 0
L -126, 463, 159, -126, 513, 159, 100, 50, 0
L -126, 513, 159, -91, 549, 159, 100, 50, 0
L -91, 549, 159, -40, 549, 159, 100, 50, 0
L -40, 549, 159, -5, 513, 159, 100, 50, 0
L -5, 513, 159, -5, 463, 159, 100, 50, 0
L -5, 463, 159, -40, 427, 159, 100, 50, 0
L 56, 376, 75, 102, 423, 74, 100, 50, 0
L 102, 423, 74, 167, 423, 74, 100, 50, 0
L 167, 423, 74, 213, 376, 75, 100, 50, 0
L 213, 376, 75, 213, 311, 75, 100, 50, 0
L 213, 311, 75, 167, 265, 75, 100, 50, 0
L 167, 265, 75, 102, 265, 75, 100, 50, 0
L 102, 265, 75, 55, 311, 75, 100, 50, 0
L 55, 311, 75, 56, 376, 75, 100, 50, 0
L 144, 423, 73, 144, 472, 74, 100, 50, 0
L 124, 423, 73, 123, 473, 74, 100, 50, 0
L 110, 486, 74, 110, 506, 74, 100, 50, 0
L 110, 506, 74, 124, 519, 74, 100, 50, 0
L 124, 519, 74, 144, 520, 74, 100, 50, 0
L 144, 520, 74, 157, 505, 74, 100, 50, 0
L 157, 505, 74, 157, 486, 74, 100, 50, 0
L 157, 486, 74, 144, 473, 74, 100, 50, 0
L 144, 473, 74, 123, 473, 74, 100, 50, 0
L 123, 473, 74, 110, 486, 74, 100, 50, 0
L 213, 352, 74, 329, 352, 114, 100, 50, 0
L 329, 331, 114, 213, 331, 74, 100, 50, 0
L 329, 377, 115, 372, 420, 115, 100, 50, 0
L 372, 420, 115, 433, 420, 115, 100, 50, 0
L 433, 420, 115, 476, 377, 115, 100, 50, 0
L 476, 377, 115, 476, 316, 115, 100, 50, 0
L 476, 316, 115, 434, 273, 114, 100, 50, 0
L 434, 273, 114, 372, 273, 115, 100, 50, 0
L 372, 273, 115, 329, 316, 115, 100, 50, 0
L 329, 316, 115, 329, 377, 115, 100, 50, 0
L 448, 287, 114, 512, 224, 158, 100, 50, 0
L 526, 239, 158, 462, 302, 114, 100, 50, 0
L 539, 250, 159, 503, 215, 159, 100, 50, 0
L 503, 215, 159, 503, 164, 159, 100, 50, 0
L 503, 164, 159, 538, 129, 159, 100, 50, 0
L 538, 129, 159, 589, 129, 159, 100, 50, 0
L 589, 129, 159, 625, 164, 159, 100, 50, 0
L 625, 164, 159, 625, 215, 159, 100, 50, 0
L 625, 215, 159, 589, 251, 159, 100, 50, 0
L 589, 251, 159, 539, 251, 159, 100, 50, 0
L 551, 251, 158, 551, 370, 157, 100, 50, 0
L 572, 370, 158, 572, 251, 157, 100, 50, 0
L 535, 370, 157, 499, 405, 158, 100, 50, 0
L 499, 405, 158, 499, 456, 158, 100, 50, 0
L 499, 456, 158, 535, 493, 158, 100, 50, 0
L 499, 444, 158, 340, 444, 157, 100, 50, 0
L 340, 423, 158, 499, 424, 157, 100, 50, 0
L 340, 456, 158, 304, 492, 158, 100, 50, 0
L 304, 492, 158, 253, 492, 158, 100, 50, 0
L 253, 492, 158, 218, 456, 158, 100, 50, 0
L 218, 456, 158, 217, 405, 158, 100, 50, 0
L 217, 405, 158, 253, 369, 158, 100, 50, 0
L 253, 369, 158, 305, 370, 158, 100, 50, 0
L 305, 370, 158, 340, 406, 158, 100, 50, 0
L 340, 406, 158, 341, 456, 158, 100, 50, 0
L 249, 488, 158, 251, 520, 158, 100, 50, 0
L 251, 520, 158, 187, 584, 158, 100, 50, 0
L 187, 584, 158, 153, 582, 158, 100, 50, 0
L 153, 582, 158, 129, 557, 158, 100, 50, 0
L 129, 557, 158, 126, 523, 158, 100, 50, 0
L 126, 523, 158, 191, 459, 158, 100, 50, 0
L 191, 459, 158, 223, 461, 158, 100, 50, 0
L 200, 298, 74, 256, 242, 74, 100, 50, 0
L 185, 283, 74, 241, 227, 74, 100, 50, 0
L 241, 227, 74, 241, 207, 74, 100, 50, 0
L 241, 207, 74, 282, 166, 74, 100, 50, 0
L 282, 166, 74, 303, 166, 74, 100, 50, 0
L 303, 166, 74, 317, 181, 74, 100, 50, 0
L 317, 181, 74, 317, 200, 74, 100, 50, 0
L 317, 200, 74, 276, 242, 74, 100, 50, 0
L 276, 242, 74, 256, 242, 73, 100, 50, 0
L 256, 242, 73, 241, 227, 73, 100, 50, 0
L 123, 265, 74, 123, 166, 73, 100, 50, 0
L 144, 166, 74, 144, 265, 74, 100, 50, 0
L 55, 329, 74, 43, 315, 74, 100, 50, 0
L 43, 315, 74, 23, 315, 74, 100, 50, 0
L 23, 315, 74, 9, 329, 74, 100, 50, 0
L 9, 329, 74, 9, 349, 74, 100, 50, 0
L 9, 349, 74, 22, 363, 74, 100, 50, 0
L 22, 363, 74, 42, 363, 74, 100, 50, 0
L 42, 363, 74, 55, 350, 74, 100, 50, 0
L -173, 145, 74, -229, 201, 74, 100, 50, 0
L -158, 160, 73, -214, 215, 73, 100, 50, 0
L -207, 253, 74, -272, 318, 74, 100, 50, 0
L -272, 318, 74, -305, 316, 74, 100, 50, 0
L -305, 316, 74, -330, 291, 74, 100, 50, 0
L -330, 291, 74, -332, 258, 74, 100, 50, 0
L -332, 258, 74, -267, 193, 74, 100, 50, 0
L -267, 193, 74, -234, 195, 74, 100, 50, 0
L -234, 195, 74, -209, 220, 74, 100, 50, 0
L -209, 220, 74, -207, 253, 74, 100, 50, 0
L -199, 74, 74, -213, 60, 74, 100, 50, 0
L -213, 60, 74, -271, 60, 74, 100, 50, 0
L -271, 60, 74, -286, 74, 74, 100, 50, 0
L -286, 74, 74, -285, 95, 74, 100, 50, 0
L -285, 95, 74, -271, 109, 74, 100, 50, 0
L -271, 109, 74, -213, 109, 74, 100, 50, 0
L -213, 109, 74, -199, 95, 74, 100, 50, 0
L -183, 37, 73, -298, -77, 73, 100, 50, 0
L -284, -91, 73, -169, 22, 74, 100, 50, 0
L -315, -59, 74, -381, -59, 74, 100, 50, 0
L -381, -59, 74, -427, -105, 74, 100, 50, 0
L -427, -105, 74, -427, -171, 74, 100, 50, 0
L -427, -171, 74, -381, -217, 74, 100, 50, 0
L -381, -217, 74, -316, -217, 74, 100, 50, 0
L -316, -217, 74, -269, -171, 74, 100, 50, 0
L -269, -171, 74, -269, -106, 74, 100, 50, 0
L -269, -106, 74, -316, -59, 74, 100, 50, 0
L -427, -107, 73, -546, -107, 73, 100, 50, 0
L -546, -128, 74, -427, -128, 73, 100, 50, 0
L -546, -170, 74, -546, -105, 74, 100, 50, 0
L -546, -105, 74, -593, -58, 74, 100, 50, 0
L -593, -58, 74, -658, -58, 74, 100, 50, 0
L -658, -58, 74, -704, -105, 74, 100, 50, 0
L -704, -105, 74, -704, -170, 74, 100, 50, 0
L -704, -170, 74, -658, -216, 74, 100, 50, 0
L -658, -216, 74, -592, -216, 74, 100, 50, 0
L -592, -216, 74, -546, -170, 74, 100, 50, 0
L -610, -58, 73, -610, 19, 113, 100, 50, 0
L -630, 19, 113, -630, -58, 73, 100, 50, 0
L -648, 19, 114, -691, 62, 114, 100, 50, 0
L -691, 62, 114, -691, 123, 114, 100, 50, 0
L -691, 123, 114, -648, 167, 114, 100, 50, 0
L -587, 167, 114, -648, 167, 114, 100, 50, 0
L -587, 167, 114, -544, 124, 114, 100, 50, 0
L -544, 124, 114, -544, 62, 114, 100, 50, 0
L -544, 62, 114, -587, 19, 114, 100, 50, 0
L -587, 19, 114, -648, 18, 114, 100, 50, 0
L -678, 137, 114, -697, 137, 114, 100, 50, 0
L -697, 137, 114, -738, 178, 114, 100, 50, 0
L -738, 178, 114, -738, 199, 114, 100, 50, 0
L -738, 199, 114, -723, 213, 114, 100, 50, 0
L -723, 213, 114, -703, 213, 114, 100, 50, 0
L -703, 213, 114, -662, 172, 114, 100, 50, 0
L -662, 172, 114, -662, 152, 114, 100, 50, 0
L -544, 106, 114, -461, 106, 157, 100, 50, 0
L -461, 85, 157, -544, 85, 114, 100, 50, 0
L -461, 65, 158, -460, 116, 158, 100, 50, 0
L -460, 116, 158, -425, 151, 158, 100, 50, 0
L -425, 151, 158, -374, 151, 158, 100, 50, 0
L -374, 151, 158, -338, 116, 158, 100, 50, 0
L -338, 116, 158, -339, 65, 158, 100, 50, 0
L -339, 65, 158, -374, 29, 158, 100, 50, 0
L -374, 29, 158, -425, 29, 158, 100, 50, 0
L -425, 29, 158, -461, 65, 158, 100, 50, 0
L -410, 152, 157, -410, 266, 114, 100, 50, 0
L -389, 266, 114, -389, 152, 157, 100, 50, 0
L -368, 266, 114, -324, 310, 114, 100, 50, 0
L -324, 310, 114, -324, 371, 114, 100, 50, 0
L -324, 371, 114, -368, 414, 114, 100, 50, 0
L -368, 414, 114, -429, 414, 114, 100, 50, 0
L -429, 414, 114, -472, 371, 114, 100, 50, 0
L -472, 371, 114, -472, 310, 114, 100, 50, 0
L -472, 310, 114, -429, 266, 114, 100, 50, 0
L -429, 266, 114, -368, 266, 114, 100, 50, 0
L -339, 385, 114, -274, 450, 74, 100, 50, 0
L -289, 465, 73, -354, 400, 113, 100, 50, 0
L -306, 481, 74, -306, 547, 74, 100, 50, 0
L -306, 547, 74, -259, 593, 73, 100, 50, 0
L -259, 593, 73, -194, 593, 74, 100, 50, 0
L -194, 593, 74, -148, 547, 74, 100, 50, 0
L -148, 547, 74, -148, 481, 74, 100, 50, 0
L -148, 481, 74, -194, 435, 74, 100, 50, 0
L -194, 435, 74, -260, 435, 73, 100, 50, 0
L -260, 435, 73, -305, 481, 74, 100, 50, 0
L -274, 578, 73, -330, 634, 73, 100, 50, 0
L -345, 620, 74, -289, 564, 74, 100, 50, 0
L -345, 620, 73, -365, 620, 74, 100, 50, 0
L -365, 620, 74, -406, 661, 74, 100, 50, 0
L -406, 661, 74, -406, 681, 74, 100, 50, 0
L -406, 681, 74, -392, 695, 74, 100, 50, 0
L -392, 695, 74, -372, 696, 74, 100, 50, 0
L -372, 696, 74, -330, 654, 74, 100, 50, 0
L -330, 654, 74, -330, 635, 74, 100, 50, 0
L -330, 635, 74, -345, 620, 74, 100, 50, 0
L -440, 403, 114, -438, 435, 114, 100, 50, 0
L -438, 435, 114, -503, 499, 114, 100, 50, 0
L -503, 499, 114, -536, 497, 114, 100, 50, 0
L -536, 497, 114, -560, 472, 114, 100, 50, 0
L -560, 472, 114, -563, 439, 114, 100, 50, 0
L -563, 439, 114, -498, 375, 114, 100, 50, 0
L -498, 375, 114, -466, 377, 114, 100, 50, 0
L -460, 298, 114, -479, 298, 114, 100, 50, 0
L -479, 298, 114, -493, 284, 114, 100, 50, 0
L -493, 284, 114, -493, 264, 114, 100, 50, 0
L -493, 264, 114, -479, 251, 114, 100, 50, 0
L -479, 251, 114, -460, 251, 114, 100, 50, 0
L -460, 251, 114, -446, 264, 114, 100, 50, 0
L -446, 264, 114, -446, 283, 114, 100, 50, 0
L -704, -142, 73, -754, -142, 73, 100, 50, 0
L -754, -142, 73, -768, -156, 74, 100, 50, 0
L -768, -156, 74, -826, -157, 74, 100, 50, 0
L -826, -157, 74, -840, -142, 74, 100, 50, 0
L -840, -142, 74, -840, -122, 73, 100, 50, 0
L -840, -122, 73, -826, -108, 73, 100, 50, 0
L -826, -108, 73, -768, -108, 74, 100, 50, 0
L -768, -108, 74, -754, -122, 73, 100, 50, 0
L -704, -122, 73, -754, -122, 73, 100, 50, 0
L -754, -122, 73, -754, -142, 73, 100, 50, 0
L -657, -216, 74, -657, -336, 114, 100, 50, 0
L -636, -336, 113, -636, -216, 72, 100, 50, 0
L -657, -337, 113, -699, -380, 114, 100, 50, 0
L -699, -380, 114, -699, -441, 114, 100, 50, 0
L -699, -441, 114, -656, -484, 114, 100, 50, 0
L -656, -484, 114, -595, -484, 114, 100, 50, 0
L -595, -484, 114, -552, -441, 114, 100, 50, 0
L -552, -441, 114, -552, -379, 114, 100, 50, 0
L -552, -379, 114, -595, -336, 114, 100, 50, 0
L -595, -336, 114, -657, -337, 114, 100, 50, 0
L -552, -400, 114, -410, -400, 157, 100, 50, 0
L -410, -421, 157, -552, -421, 113, 100, 50, 0
L 121, -22, 5, 121, 9, 5, 100, 50, 0
L 121, 9, 5, 152, 9, 5, 100, 50, 0
L 152, 9, 5, 151, -22, 6, 100, 50, 0
L 151, -22, 6, 121, -22, 5, 100, 50, 0
L -270, -153, 5, -270, -122, 5, 100, 50, 0
L -270, -122, 5, -239, -122, 5, 100, 50, 0
L -239, -122, 5, -240, -153, 5, 100, 50, 0
L -240, -153, 5, -270, -153, 5, 100, 50, 0
L -206, -983, -25, -206, -952, -25, 100, 50, 0
L -206, -952, -25, -237, -952, -25, 100, 50, 0
L -237, -952, -25, -237, -983, -25, 100, 50, 0
L -237, -983, -25, -206, -983, -25, 100, 50, 0
L -42, 54, 74, -42, 80, 73, 100, 50, 0
L -213, 605, 75, -198, 619, 75, 100, 50, 0
L -198, 619, 75, -198, 639, 75, 100, 50, 0
L -198, 639, 75, -212, 651, 75, 100, 50, 0
L -212, 651, 75, -198, 664, 75, 100, 50, 0
L -198, 664, 75, -198, 683, 75, 100, 50, 0
L -198, 683, 75, -212, 696, 75, 100, 50, 0
L -212, 696, 75, -213, 720, 75, 100, 50, 0
L -213, 720, 75, -236, 720, 75, 100, 50, 0
L -236, 720, 75, -236, 696, 75, 100, 50, 0
L -236, 696, 75, -251, 683, 75, 100, 50, 0
L -251, 683, 75, -250, 664, 75, 100, 50, 0
L -250, 664, 75, -236, 651, 75, 100, 50, 0
L -236, 651, 75, -251, 638, 75, 100, 50, 0
L -251, 638, 75, -251, 619, 75, 100, 50, 0
L -251, 619, 75, -235, 605, 75, 100, 50, 0
L -235, 605, 75, -213, 605, 75, 100, 50, 0
L -339, 638, 75, -339, 650, 75, 100, 50, 0
L -339, 650, 75, -348, 659, 75, 100, 50, 0
L -348, 659, 75, -359, 659, 75, 100, 50, 0
L -359, 659, 75, -359, 670, 75, 100, 50, 0
L -359, 670, 75, -368, 679, 75, 100, 50, 0
L -368, 679, 75, -379, 679, 75, 100, 50, 0
L -379, 679, 75, -391, 690, 75, 100, 50, 0
L -391, 690, 75, -400, 680, 75, 100, 50, 0
L -400, 680, 75, -389, 669, 75, 100, 50, 0
L -389, 669, 75, -389, 658, 75, 100, 50, 0
L -389, 658, 75, -380, 649, 75, 100, 50, 0
L -380, 649, 75, -369, 649, 75, 100, 50, 0
L -369, 649, 75, -369, 638, 75, 100, 50, 0
L -369, 638, 75, -360, 629, 75, 100, 50, 0
L -360, 629, 75, -348, 629, 75, 100, 50, 0
L -348, 629, 75, -339, 638, 75, 100, 50, 0
L -454, 407, 115, -453, 427, 115, 100, 50, 0
L -453, 427, 115, -466, 441, 115, 100, 50, 0
L -466, 441, 115, -485, 440, 115, 100, 50, 0
L -485, 440, 115, -484, 459, 115, 100, 50, 0
L -484, 459, 115, -498, 473, 115, 100, 50, 0
L -498, 473, 115, -517, 472, 115, 100, 50, 0
L -517, 472, 115, -534, 489, 115, 100, 50, 0
L -534, 489, 115, -551, 472, 115, 100, 50, 0
L -551, 472, 115, -534, 455, 115, 100, 50, 0
L -534, 455, 115, -535, 435, 115, 100, 50, 0
L -535, 435, 115, -521, 422, 115, 100, 50, 0
L -521, 422, 115, -502, 423, 115, 100, 50, 0
L -502, 423, 115, -504, 404, 115, 100, 50, 0
L -504, 404, 115, -490, 390, 115, 100, 50, 0
L -490, 390, 115, -469, 391, 115, 100, 50, 0
L -469, 391, 115, -454, 407, 115, 100, 50, 0
L -463, 289, 115, -476, 289, 115, 100, 50, 0
L -476, 289, 115, -484, 280, 115, 100, 50, 0
L -484, 280, 115, -484, 268, 115, 100, 50, 0
L -484, 268, 115, -475, 259, 115, 100, 50, 0
L -475, 259, 115, -463, 259, 115, 100, 50, 0
L -463, 259, 115, -454, 268, 115, 100, 50, 0
L -454, 268, 115, -454, 281, 115, 100, 50, 0
L -454, 281, 115, -463, 289, 115, 100, 50, 0
L -411, 21, 159, -419, 13, 159, 100, 50, 0
L -419, 13, 159, -419, -0, 159, 100, 50, 0
L -419, -0, 159, -410, -9, 159, 100, 50, 0
L -410, -9, 159, -398, -9, 159, 100, 50, 0
L -398, -9, 159, -389, 0, 159, 100, 50, 0
L -389, 0, 159, -389, 13, 159, 100, 50, 0
L -389, 13, 159, -398, 22, 159, 100, 50, 0
L -398, 22, 159, -411, 21, 159, 100, 50, 0
L -614, 174, 115, -605, 183, 115, 100, 50, 0
L -605, 183, 115, -605, 196, 115, 100, 50, 0
L -605, 196, 115, -614, 204, 115, 100, 50, 0
L -614, 204, 115, -627, 204, 115, 100, 50, 0
L -627, 204, 115, -636, 196, 115, 100, 50, 0
L -636, 196, 115, -636, 183, 115, 100, 50, 0
L -636, 183, 115, -627, 174, 115, 100, 50, 0
L -627, 174, 115, -614, 174, 115, 100, 50, 0
L -343, -343, 159, -334, -334, 159, 100, 50, 0
L -334, -334, 159, -334, -322, 159, 100, 50, 0
L -334, -322, 159, -343, -313, 159, 100, 50, 0
L -343, -313, 159, -355, -313, 159, 100, 50, 0
L -355, -313, 159, -364, -322, 159, 100, 50, 0
L -364, -322, 159, -364, -334, 159, 100, 50, 0
L -364, -334, 159, -355, -343, 159, 100, 50, 0
L -355, -343, 159, -342, -343, 159, 100, 50, 0
L -280, -404, 159, -280, -417, 159, 100, 50, 0
L -280, -417, 159, -271, -426, 159, 100, 50, 0
L -271, -426, 159, -258, -426, 159, 100, 50, 0
L -258, -426, 159, -250, -418, 159, 100, 50, 0
L -250, -418, 159, -242, -426, 159, 100, 50, 0
L -242, -426, 159, -229, -426, 159, 100, 50, 0
L -229, -426, 159, -221, -418, 159, 100, 50, 0
L -221, -418, 159, -206, -418, 159, 100, 50, 0
L -206, -418, 159, -206, -404, 159, 100, 50, 0
L -206, -404, 159, -221, -404, 159, 100, 50, 0
L -221, -404, 159, -230, -396, 159, 100, 50, 0
L -230, -396, 159, -242, -396, 159, 100, 50, 0
L -242, -396, 159, -250, -404, 159, 100, 50, 0
L -250, -404, 159, -258, -396, 159, 100, 50, 0
L -258, -396, 159, -271, -396, 159, 100, 50, 0
L -271, -396, 159, -280, -404, 159, 100, 50, 0
L -299, -576, 159, -299, -589, 159, 100, 50, 0
L -299, -589, 159, -291, -598, 159, 100, 50, 0
L -291, -598, 159, -278, -598, 159, 100, 50, 0
L -278, -598, 159, -269, -589, 159, 100, 50, 0
L -269, -589, 159, -269, -576, 159, 100, 50, 0
L -269, -576, 159, -278, -568, 159, 100, 50, 0
L -278, -568, 159, -290, -568, 159, 100, 50, 0
L -290, -568, 159, -299, -577, 159, 100, 50, 0
L -425, -625, 159, -433, -616, 159, 100, 50, 0
L -433, -616, 159, -446, -616, 159, 100, 50, 0
L -446, -616, 159, -455, -625, 159, 100, 50, 0
L -455, -625, 159, -455, -637, 159, 100, 50, 0
L -455, -637, 159, -466, -637, 159, 100, 50, 0
L -466, -637, 159, -475, -645, 159, 100, 50, 0
L -475, -645, 159, -475, -657, 159, 100, 50, 0
L -475, -657, 159, -486, -668, 159, 100, 50, 0
L -486, -668, 159, -476, -678, 159, 100, 50, 0
L -476, -678, 159, -466, -667, 159, 100, 50, 0
L -466, -667, 159, -454, -667, 159, 100, 50, 0
L -454, -667, 159, -445, -658, 159, 100, 50, 0
L -445, -658, 159, -445, -647, 159, 100, 50, 0
L -445, -647, 159, -434, -647, 159, 100, 50, 0
L -434, -647, 159, -425, -638, 159, 100, 50, 0
L -425, -638, 159, -425, -625, 159, 100, 50, 0
L -459, -398, 75, -467, -407, 75, 100, 50, 0
L -467, -407, 75, -467, -420, 75, 100, 50, 0
L -467, -420, 75, -459, -428, 75, 100, 50, 0
L -459, -428, 75, -446, -428, 75, 100, 50, 0
L -446, -428, 75, -437, -419, 75, 100, 50, 0
L -437, -419, 75, -437, -407, 75, 100, 50, 0
L -437, -407, 75, -446, -398, 75, 100, 50, 0
L -446, -398, 75, -459, -398, 75, 100, 50, 0
L -292, -351, 75, -283, -360, 75, 100, 50, 0
L -283, -360, 75, -271, -360, 75, 100, 50, 0
L -271, -360, 75, -262, -351, 75, 100, 50, 0
L -262, -351, 75, -262, -340, 75, 100, 50, 0
L -262, -340, 75, -250, -340, 75, 100, 50, 0
L -250, -340, 75, -242, -331, 75, 100, 50, 0
L -242, -331, 75, -242, -319, 75, 100, 50, 0
L -242, -319, 75, -231, -308, 75, 100, 50, 0
L -231, -308, 75, -240, -298, 75, 100, 50, 0
L -240, -298, 75, -251, -309, 75, 100, 50, 0
L -251, -309, 75, -263, -309, 75, 100, 50, 0
L -263, -309, 75, -272, -318, 75, 100, 50, 0
L -272, -318, 75, -272, -330, 75, 100, 50, 0
L -272, -330, 75, -283, -330, 75, 100, 50, 0
L -283, -330, 75, -292, -339, 75, 100, 50, 0
L -292, -339, 75, -292, -351, 75, 100, 50, 0
L -673, -369, 115, -673, -385, 115, 100, 50, 0
L -673, -385, 115, -665, -393, 115, 100, 50, 0
L -665, -393, 115, -664, -406, 115, 100, 50, 0
L -664, -406, 115, -672, -414, 115, 100, 50, 0
L -672, -414, 115, -664, -422, 115, 100, 50, 0
L -664, -422, 115, -665, -434, 115, 100, 50, 0
L -665, -434, 115, -673, -443, 115, 100, 50, 0
L -673, -443, 115, -686, -443, 115, 100, 50, 0
L -686, -443, 115, -695, -434, 115, 100, 50, 0
L -695, -434, 115, -695, -422, 115, 100, 50, 0
L -695, -422, 115, -687, -414, 115, 100, 50, 0
L -687, -414, 115, -695, -406, 115, 100, 50, 0
L -695, -406, 115, -695, -393, 115, 100, 50, 0
L -695, -393, 115, -687, -385, 115, 100, 50, 0
L -687, -385, 115, -686, -369, 115, 100, 50, 0
L -686, -369, 115, -673, -369, 115, 100, 50, 0
L -687, -465, 115, -678, -473, 115, 100, 50, 0
L -678, -473, 115, -678, -486, 115, 100, 50, 0
L -678, -486, 115, -687, -495, 115, 100, 50, 0
L -687, -495, 115, -699, -495, 115, 100, 50, 0
L -699, -495, 115, -708, -486, 115, 100, 50, 0
L -708, -486, 115, -708, -474, 115, 100, 50, 0
L -708, -474, 115, -699, -465, 115, 100, 50, 0
L -699, -465, 115, -687, -465, 115, 100, 50, 0
L -625, -597, 159, -634, -588, 159, 100, 50, 0
L -634, -588, 159, -646, -588, 159, 100, 50, 0
L -646, -588, 159, -654, -596, 159, 100, 50, 0
L -654, -596, 159, -662, -588, 159, 100, 50, 0
L -662, -588, 159, -675, -588, 159, 100, 50, 0
L -675, -588, 159, -683, -596, 159, 100, 50, 0
L -683, -596, 159, -699, -596, 159, 100, 50, 0
L -699, -596, 159, -699, -610, 159, 100, 50, 0
L -699, -610, 159, -683, -610, 159, 100, 50, 0
L -683, -610, 159, -675, -618, 159, 100, 50, 0
L -675, -618, 159, -662, -618, 159, 100, 50, 0
L -662, -618, 159, -654, -610, 159, 100, 50, 0
L -654, -610, 159, -646, -618, 159, 100, 50, 0
L -646, -618, 159, -634, -618, 159, 100, 50, 0
L -634, -618, 159, -625, -609, 159, 100, 50, 0
L -625, -609, 159, -625, -597, 159, 100, 50, 0
L -437, -741, 74, -446, -750, 74, 100, 50, 0
L -446, -750, 74, -458, -750, 74, 100, 50, 0
L -458, -750, 74, -467, -742, 74, 100, 50, 0
L -467, -742, 74, -475, -750, 74, 100, 50, 0
L -475, -750, 74, -487, -749, 74, 100, 50, 0
L -487, -749, 74, -495, -741, 74, 100, 50, 0
L -495, -741, 74, -511, -741, 74, 100, 50, 0
L -511, -741, 74, -511, -728, 74, 100, 50, 0
L -511, -728, 74, -495, -727, 74, 100, 50, 0
L -495, -727, 74, -487, -719, 74, 100, 50, 0
L -487, -719, 74, -474, -719, 74, 100, 50, 0
L -474, -719, 74, -466, -727, 74, 100, 50, 0
L -466, -727, 74, -459, -719, 74, 100, 50, 0
L -459, -719, 74, -446, -719, 74, 100, 50, 0
L -446, -719, 74, -437, -728, 74, 100, 50, 0
L -437, -728, 74, -437, -741, 74, 100, 50, 0
L -587, -1025, 115, -603, -1039, 115, 100, 50, 0
L -603, -1039, 115, -603, -1058, 115, 100, 50, 0
L -603, -1058, 115, -589, -1071, 115, 100, 50, 0
L -589, -1071, 115, -603, -1083, 115, 100, 50, 0
L -603, -1083, 115, -603, -1103, 115, 100, 50, 0
L -603, -1103, 115, -588, -1116, 115, 100, 50, 0
L -588, -1116, 115, -588, -1140, 115, 100, 50, 0
L -588, -1140, 115, -565, -1140, 115, 100, 50, 0
L -565, -1140, 115, -565, -1116, 115, 100, 50, 0
L -565, -1116, 115, -550, -1103, 115, 100, 50, 0
L -550, -1103, 115, -550, -1084, 115, 100, 50, 0
L -550, -1084, 115, -564, -1071, 115, 100, 50, 0
L -564, -1071, 115, -550, -1058, 115, 100, 50, 0
L -550, -1058, 115, -550, -1039, 115, 100, 50, 0
L -550, -1039, 115, -565, -1025, 115, 100, 50, 0
L -565, -1025, 115, -587, -1025, 115, 100, 50, 0
L -644, -948, 115, -653, -957, 115, 100, 50, 0
L -653, -957, 115, -665, -957, 115, 100, 50, 0
L -665, -957, 115, -674, -948, 115, 100, 50, 0
L -674, -948, 115, -674, -935, 115, 100, 50, 0
L -674, -935, 115, -665, -926, 115, 100, 50, 0
L -665, -926, 115, -653, -927, 115, 100, 50, 0
L -653, -927, 115, -644, -935, 115, 100, 50, 0
L -644, -935, 115, -644, -948, 115, 100, 50, 0
L -282, -938, 75, -291, -929, 75, 100, 50, 0
L -291, -929, 75, -303, -929, 75, 100, 50, 0
L -303, -929, 75, -312, -938, 75, 100, 50, 0
L -312, -938, 75, -312, -949, 75, 100, 50, 0
L -312, -949, 75, -324, -949, 75, 100, 50, 0
L -324, -949, 75, -333, -958, 75, 100, 50, 0
L -333, -958, 75, -332, -969, 75, 100, 50, 0
L -332, -969, 75, -343, -981, 75, 100, 50, 0
L -343, -981, 75, -334, -990, 75, 100, 50, 0
L -334, -990, 75, -323, -979, 75, 100, 50, 0
L -323, -979, 75, -311, -979, 75, 100, 50, 0
L -311, -979, 75, -302, -970, 75, 100, 50, 0
L -302, -970, 75, -302, -959, 75, 100, 50, 0
L -302, -959, 75, -291, -959, 75, 100, 50, 0
L -291, -959, 75, -282, -950, 75, 100, 50, 0
L -282, -950, 75, -282, -938, 75, 100, 50, 0
L -163, -936, 75, -150, -936, 75, 100, 50, 0
L -150, -936, 75, -141, -945, 75, 100, 50, 0
L -141, -945, 75, -141, -958, 75, 100, 50, 0
L -141, -958, 75, -150, -967, 75, 100, 50, 0
L -150, -967, 75, -163, -967, 75, 100, 50, 0
L -163, -967, 75, -171, -958, 75, 100, 50, 0
L -171, -958, 75, -171, -945, 75, 100, 50, 0
L -171, -945, 75, -162, -936, 75, 100, 50, 0
L -100, -846, 75, -107, -854, 75, 100, 50, 0
L -107, -854, 75, -108, -867, 75, 100, 50, 0
L -108, -867, 75, -99, -875, 75, 100, 50, 0
L -99, -875, 75, -99, -890, 75, 100, 50, 0
L -99, -890, 75, -86, -890, 75, 100, 50, 0
L -86, -890, 75, -85, -875, 75, 100, 50, 0
L -85, -875, 75, -77, -866, 75, 100, 50, 0
L -77, -866, 75, -77, -854, 75, 100, 50, 0
L -77, -854, 75, -85, -846, 75, 100, 50, 0
L -85, -846, 75, -77, -838, 75, 100, 50, 0
L -77, -838, 75, -77, -825, 75, 100, 50, 0
L -77, -825, 75, -86, -817, 75, 100, 50, 0
L -86, -817, 75, -99, -817, 75, 100, 50, 0
L -99, -817, 75, -107, -825, 75, 100, 50, 0
L -107, -825, 75, -108, -838, 75, 100, 50, 0
L -108, -838, 75, -100, -846, 75, 100, 50, 0
L -95, -643, 75, -82, -643, 75, 100, 50, 0
L -82, -643, 75, -74, -635, 75, 100, 50, 0
L -74, -635, 75, -74, -622, 75, 100, 50, 0
L -74, -622, 75, -82, -613, 75, 100, 50, 0
L -82, -613, 75, -95, -613, 75, 100, 50, 0
L -95, -613, 75, -104, -622, 75, 100, 50, 0
L -104, -622, 75, -104, -635, 75, 100, 50, 0
L -104, -635, 75, -95, -643, 75, 100, 50, 0
L 137, -721, 75, 151, -706, 75, 100, 50, 0
L 151, -706, 75, 171, -706, 75, 100, 50, 0
L 171, -706, 75, 183, -720, 75, 100, 50, 0
L 183, -720, 75, 196, -706, 75, 100, 50, 0
L 196, -706, 75, 215, -706, 75, 100, 50, 0
L 215, -706, 75, 228, -720, 75, 100, 50, 0
L 228, -720, 75, 252, -720, 75, 100, 50, 0
L 252, -720, 75, 252, -744, 75, 100, 50, 0
L 252, -744, 75, 228, -744, 75, 100, 50, 0
L 228, -744, 75, 215, -758, 75, 100, 50, 0
L 215, -758, 75, 196, -758, 75, 100, 50, 0
L 196, -758, 75, 183, -744, 75, 100, 50, 0
L 183, -744, 75, 171, -758, 75, 100, 50, 0
L 171, -758, 75, 151, -758, 75, 100, 50, 0
L 151, -758, 75, 137, -743, 75, 100, 50, 0
L 137, -743, 75, 137, -721, 75, 100, 50, 0
L -679, 146, 115, -692, 146, 115, 100, 50, 0
L -692, 146, 115, -701, 155, 115, 100, 50, 0
L -701, 155, 115, -701, 166, 115, 100, 50, 0
L -701, 166, 115, -712, 166, 115, 100, 50, 0
L -712, 166, 115, -721, 175, 115, 100, 50, 0
L -721, 175, 115, -721, 187, 115, 100, 50, 0
L -721, 187, 115, -732, 198, 115, 100, 50, 0
L -732, 198, 115, -722, 208, 115, 100, 50, 0
L -722, 208, 115, -711, 197, 115, 100, 50, 0
L -711, 197, 115, -700, 197, 115, 100, 50, 0
L -700, 197, 115, -691, 188, 115, 100, 50, 0
L -691, 188, 115, -691, 176, 115, 100, 50, 0
L -691, 176, 115, -679, 176, 115, 100, 50, 0
L -679, 176, 115, -671, 167, 115, 100, 50, 0
L -671, 167, 115, -671, 155, 115, 100, 50, 0
L -671, 155, 115, -679, 146, 115, 100, 50, 0
L -211, 619, 74, -224, 627, 74, 0, 0, 0
L 74, -2604, 19, 32, -2604, 16, 150, 0, 200
L 2609, 1971, 20, 2582, 1971, 21, 150, 0, 200
L 1099, 2609, 0, 1100, 2625, 0, 0, 125, 0
L 1127, 2602, 0, 1128, 2625, 0, 0, 125, 0
