P -427.0000, -952.0000, 0.0000,  0, 255, 255,  2,  Ghost_Of_Kindle
P -466.0000, -786.0000, 0.0000,  0, 0, 0,  2,  Ghost_Of_Glohnor
P -516.0000, -851.0000, 0.0000,  0, 0, 0,  2,  Dartain_The_Lost
P 189.0000, 50.0000, 0.0000,  255, 255, 255,  2,  Bejeweled_Elemental
P 40.0000, -228.0000, 0.0000,  255, 255, 255,  2,  Polzin_Mrid
P -391.0000, -62.0000, 0.0000,  255, 255, 255,  2,  Secret_Wall
P 189.0000, -423.0000, 0.0000,  0, 0, 0,  2,  Caradon
P 168.0000, -486.0000, 0.0000,  255, 0, 0,  2,  Underwater_Grate_-_Keyed
P -83.0000, 52.0000, 0.0000,  255, 255, 255,  2,  MuckCovered_Elemental
P -285.0000, 173.0000, 0.0000,  0, 255, 255,  2,  Retseth_Tretse(?)
P -260.0000, -720.0000, 0.0000,  255, 255, 255,  2,  Master_Yael
P -230.0000, 310.0000, 0.0000,  0, 255, 255,  2,  StoneSoul_The_Unmoving
P -221.0000, 40.0000, 0.0000,  255, 255, 0,  2,  Kejar_The_Mighty
P -242.0000, 28.0000, 0.0000,  255, 255, 0,  2,  Schnozz_The_Flighty
P -88.0000, 130.0000, 0.0000,  255, 255, 255,  2,  Rocksoul
P 1050.0000, -640.0000, 0.0000,  255, 255, 255,  2,  Succor_Point
P -370.0000, -690.0000, 0.0000,  255, 255, 255,  2,  Impact_Area
P 110.0000, -178.0000, 0.0000,  255, 255, 255,  2,  Pellillo_Cogswin
P -516.0000, -851.0000, 0.0000,  0, 0, 0,  2,  Urwenae_the_Cold
P -185.0000, 145.0000, 0.0000,  0, 255, 255,  2,  the_Ghost_of_Kindle
P -335.0000, -60.0000, 0.0000,  255, 255, 255,  2,  Protector_of_the_Ruins
P -360.0000, -643.0000, 0.0000,  255, 255, 255,  2,  Echo_of_Nortlav
P -263.9190, 16.7810, -247.9050,  0, 0, 0,  3,  High_Scale_Kirn
P -267.4690, 139.0080, -307.8740,  0, 0, 0,  3,  Keeper_of_the_Tombs
P -345.9210, -64.0350, -385.8430,  0, 240, 0,  1,  Teleport_to_Neriak_3rd_Gate
P -364.6720, -43.1040, -385.8430,  0, 240, 0,  1,  Teleport_to_Paineel
P -208.2530, -729.5030, -900.2940,  0, 0, 0,  3,  Guardian_of_the_Seal
P -315.1370, 92.2410, -307.8740,  0, 0, 0,  2,  Tzitzi_the_Crazed_(wanders)
P -235.8820, -38.3800, -348.8740,  255, 255, 255,  2,  Secret_Wall
P -871.9180, -239.9940, -473.2630,  255, 255, 255,  2,  Jaeil_The_Wretched
P -236.0320, 3.7770, -360.8430,  0, 0, 0,  2,  Mimics_(chests)
P -640.9330, -75.1380, -348.4420,  0, 0, 0,  1,  Ground_spawn_book_(title:_Old_Paineel)
P -555.3480, -114.1140, -349.8740,  0, 0, 0,  3,  Library
P 202.9730, -400.5530, -111.9680,  0, 0, 0,  3,  Ikurenm_the_Sly
P -328.9730, -45.6240, -385.8430,  0, 240, 0,  1,  Teleport_to_Erudin_Palace
