P 1123.9865, 7.0794, 24.4663,  0, 240, 0,  2,  Guk
P -1049.7946, -2299.1946, 5.8652,  0, 240, 0,  2,  South_Ro
P -1479.9435, 1104.4196, 16.2707,  0, 240, 0,  2,  Feerott
P 1029.0000, 1778.0000, 15.8750,  0, 240, 0,  2,  Succor_Point
P -221.5887, 374.9322, 4.9962,  240, 0, 0,  2,  Kobolds
P -634.0336, 1441.5488, 1.1206,  240, 0, 0,  2,  Deblik_Grumblok
P -527.2868, 325.1737, 10.5741,  240, 0, 0,  2,  Igok
P -573.3298, -938.9179, 15.8917,  0, 240, 0,  2,  Hollow_Log_(LDoN)
P 672.1900, 521.6947, 0.9870,  0, 0, 240,  2,  Ground_Spawn_(Vial_of_Swamp_Water)
P 360.8114, 445.6257, 3.8430,  0, 240, 0,  2,  Knowledge_Portal
P 1049.9280, 2522.8904, 16.0671,  0, 240, 0,  2,  Grobb
P 536.0326, -1598.4189, 1.3894,  0, 0, 240,  2,  Sunken_Ferry
P -1115.6104, 925.5516, 20.3925,  240, 0, 0,  2,  Zazbaba_Helsoth
P 962.7947, -508.2959, 1.5658,  240, 0, 0,  2,  Selgoon_Swampskimmer
P 690.3545, -710.9802, 0.9092,  240, 0, 0,  2,  Troll_Raiders
P 558.8275, -1679.4884, 30.8705,  0, 0, 240,  2,  Undead_Tower
P 26.7167, -2036.8658, 14.4389,  240, 0, 0,  2,  Kippidora_Landhopper
P 253.9330, -866.9923, 25.8920,  240, 0, 0,  2,  Murak
P 248.5098, -869.6567, 24.7106,  240, 0, 0,  2,  Sithgok
P 244.1449, -874.0690, 22.0759,  240, 0, 0,  2,  Stragak
P 239.7711, -879.8968, 21.4317,  240, 0, 0,  2,  Clork
P 940.4619, 2138.1277, -1.1744,  240, 0, 0,  2,  Basher_Trak
P 934.7779, 2170.0337, -1.1744,  240, 0, 0,  2,  Basher_Smag
P 757.5073, 2163.4966, -1.1945,  240, 0, 0,  2,  Zimbittle
P 729.7932, 2178.5386, -0.3327,  240, 0, 0,  2,  Basher_Dreg
P 650.8025, 2096.7922, 0.8823,  240, 0, 0,  2,  Basher_Sklama
P -746.1917, 1379.3152, 2.0110,  240, 0, 0,  2,  Clorka_Swampera
P -763.1221, 1384.0084, 1.6803,  240, 0, 0,  2,  Brenengro_Farshore
P -1083.2053, 2152.9365, 20.0155,  240, 0, 0,  2,  Dark_Deathsinger
