L 674, -2782, -82, 701, -2797, -82, 0, 0, 0
L 664, -2768, -82, 674, -2782, -82, 0, 0, 0
L 655, -2752, -82, 664, -2768, -82, 0, 0, 0
L 648, -2735, -84, 655, -2752, -82, 0, 0, 0
L 645, -2705, -83, 648, -2735, -84, 0, 0, 0
L 702, -2798, -93, 702, -2707, -86, 240, 0, 140
L 647, -2682, -82, 645, -2705, -81, 0, 0, 0
L 672, -2643, -81, 647, -2682, -82, 0, 0, 0
L 682, -2638, -81, 672, -2643, -81, 0, 0, 0
L 695, -2632, -81, 682, -2638, -81, 0, 0, 0
L 706, -2630, -84, 695, -2632, -81, 0, 0, 0
L 706, -2630, -83, 714, -2628, -81, 0, 0, 0
L 714, -2690, -81, 706, -2706, -81, 0, 0, 0
L 744, -2674, -81, 714, -2690, -81, 0, 0, 0
L 766, -2662, -82, 744, -2674, -81, 0, 0, 0
L 793, -2617, -81, 766, -2662, -82, 0, 0, 0
L 798, -2585, -83, 793, -2617, -81, 0, 0, 0
L 798, -2552, -82, 798, -2585, -83, 0, 0, 0
L 791, -2509, -87, 798, -2552, -82, 0, 0, 0
L 792, -2511, -86, 792, -2509, -87, 0, 0, 0
L 731, -2611, -81, 714, -2628, -82, 0, 0, 0
L 740, -2601, -80, 731, -2611, -81, 0, 0, 0
L 736, -2569, -83, 740, -2601, -80, 0, 0, 0
L 736, -2532, -90, 736, -2569, -83, 0, 0, 0
L 748, -2499, -87, 736, -2532, -90, 0, 0, 0
L 149, -2768, 102, 243, -2769, 108, 0, 0, 255
L -160, -3626, -2, -102, -3656, 0, 0, 0, 255
L 26, -3660, 20, 44, -3618, 12, 0, 0, 255
L 65, -3667, 20, 26, -3660, 20, 0, 0, 0
L 88, -3670, 20, 65, -3667, 20, 0, 0, 0
L 95, -3671, 19, 88, -3670, 20, 0, 0, 0
L 112, -3664, 16, 95, -3671, 19, 0, 0, 0
L 132, -3649, 10, 112, -3664, 16, 0, 0, 0
L 152, -3630, 7, 132, -3649, 10, 0, 0, 0
L 168, -3605, 9, 152, -3630, 7, 0, 0, 0
L 178, -3579, 13, 168, -3605, 9, 0, 0, 0
L 180, -3554, 19, 178, -3579, 13, 0, 0, 0
L 179, -3534, 22, 180, -3554, 19, 0, 0, 0
L 165, -3503, 21, 179, -3534, 22, 0, 0, 0
L 149, -3484, 22, 165, -3503, 21, 0, 0, 0
L 131, -3467, 16, 149, -3484, 22, 0, 0, 0
L 112, -3453, 15, 131, -3467, 16, 0, 0, 0
L 97, -3441, 14, 112, -3453, 15, 0, 0, 0
L 85, -3427, 16, 97, -3441, 14, 0, 0, 0
L 80, -3416, 15, 85, -3427, 16, 0, 0, 0
L 79, -3397, 14, 80, -3416, 15, 0, 0, 0
L 82, -3382, 16, 79, -3397, 14, 0, 0, 0
L 85, -3369, 14, 82, -3382, 16, 0, 0, 0
L 99, -3349, 15, 85, -3369, 14, 0, 0, 0
L 116, -3334, 15, 99, -3349, 15, 0, 0, 0
L 131, -3327, 15, 116, -3334, 15, 0, 0, 0
L 140, -3326, 13, 131, -3327, 15, 0, 0, 0
L 162, -3327, 14, 140, -3326, 13, 0, 0, 0
L 179, -3320, 15, 162, -3327, 14, 0, 0, 0
L 205, -3304, 10, 179, -3320, 15, 0, 0, 0
L 219, -3290, 9, 205, -3304, 10, 0, 0, 0
L 243, -3261, 18, 219, -3290, 9, 0, 0, 0
L 263, -3215, 29, 243, -3261, 18, 0, 0, 0
L 278, -3185, 41, 263, -3215, 29, 0, 0, 0
L 287, -3169, 46, 278, -3185, 41, 0, 0, 0
L 298, -3145, 48, 287, -3169, 46, 0, 0, 0
L 302, -3142, 46, 298, -3145, 48, 0, 0, 0
L 306, -3143, 47, 302, -3142, 46, 0, 0, 0
L 333, -3137, 50, 306, -3143, 47, 0, 0, 0
L 359, -3125, 53, 333, -3137, 50, 0, 0, 0
L 375, -3103, 47, 359, -3125, 53, 0, 0, 0
L 379, -3093, 47, 375, -3103, 47, 0, 0, 0
L 382, -3067, 46, 379, -3093, 47, 0, 0, 0
L 380, -3043, 46, 382, -3067, 46, 0, 0, 0
L 377, -3037, 46, 380, -3043, 46, 0, 0, 0
L 368, -3025, 44, 377, -3037, 46, 0, 0, 0
L 351, -3010, 42, 368, -3025, 44, 0, 0, 0
L 334, -2999, 46, 351, -3010, 42, 0, 0, 0
L 314, -2995, 48, 334, -2999, 46, 0, 0, 0
L 284, -3000, 41, 314, -2995, 48, 0, 0, 0
L 269, -3007, 44, 284, -3000, 41, 0, 0, 0
L 257, -3018, 43, 269, -3007, 44, 0, 0, 0
L 253, -3019, 51, 257, -3018, 43, 0, 0, 0
L 250, -3017, 51, 253, -3019, 51, 0, 0, 0
L 241, -3010, 51, 250, -3017, 51, 0, 0, 0
L 226, -2995, 50, 241, -3010, 51, 0, 0, 0
L 220, -2984, 51, 226, -2995, 50, 0, 0, 0
L 217, -2979, 51, 220, -2984, 51, 0, 0, 0
L 215, -2966, 51, 217, -2979, 51, 0, 0, 0
L 218, -2961, 48, 215, -2966, 51, 0, 0, 0
L 226, -2960, 48, 218, -2961, 48, 0, 0, 0
L 251, -2940, 41, 226, -2960, 48, 0, 0, 0
L 262, -2925, 43, 251, -2940, 41, 0, 0, 0
L 269, -2899, 44, 262, -2925, 43, 0, 0, 0
L 261, -2860, 46, 269, -2899, 44, 0, 0, 0
L 240, -2833, 45, 261, -2860, 46, 0, 0, 0
L 216, -2823, 38, 240, -2833, 45, 0, 0, 0
L 210, -2817, 38, 216, -2823, 38, 0, 0, 0
L 215, -2798, 35, 210, -2817, 38, 0, 0, 0
L 216, -2759, 29, 215, -2798, 35, 0, 0, 0
L 174, -2776, 40, 174, -2747, 29, 0, 0, 0
L 174, -2809, 40, 174, -2776, 40, 0, 0, 0
L 174, -2818, 45, 174, -2809, 40, 0, 0, 0
L 173, -2823, 47, 174, -2818, 45, 0, 0, 0
L 161, -2827, 45, 173, -2823, 47, 0, 0, 0
L 145, -2840, 47, 161, -2827, 45, 0, 0, 0
L 129, -2862, 47, 145, -2840, 47, 0, 0, 0
L 124, -2881, 45, 129, -2862, 47, 0, 0, 0
L 122, -2902, 47, 124, -2881, 45, 0, 0, 0
L 129, -2922, 46, 122, -2902, 47, 0, 0, 0
L 141, -2943, 47, 129, -2922, 46, 0, 0, 0
L 154, -2953, 48, 141, -2943, 47, 0, 0, 0
L 173, -2959, 47, 154, -2953, 48, 0, 0, 0
L 175, -2964, 51, 173, -2959, 47, 0, 0, 0
L 180, -2994, 52, 175, -2964, 51, 0, 0, 0
L 192, -3016, 52, 180, -2994, 52, 0, 0, 0
L 206, -3028, 50, 192, -3016, 52, 0, 0, 0
L 235, -3056, 50, 206, -3028, 50, 0, 0, 0
L 238, -3059, 46, 235, -3056, 50, 0, 0, 0
L 235, -3082, 47, 238, -3059, 46, 0, 0, 0
L 247, -3108, 44, 235, -3082, 47, 0, 0, 0
L 262, -3123, 38, 247, -3108, 44, 0, 0, 0
L 260, -3138, 35, 262, -3123, 38, 0, 0, 0
L 238, -3174, 33, 260, -3138, 35, 0, 0, 0
L 228, -3196, 33, 238, -3174, 33, 0, 0, 0
L 225, -3211, 20, 228, -3196, 33, 0, 0, 0
L 216, -3224, 15, 225, -3211, 20, 0, 0, 0
L 205, -3247, 13, 216, -3224, 15, 0, 0, 0
L 189, -3266, 14, 205, -3247, 13, 0, 0, 0
L 170, -3281, 15, 189, -3266, 14, 0, 0, 0
L 151, -3287, 14, 170, -3281, 15, 0, 0, 0
L 132, -3286, 14, 151, -3287, 14, 0, 0, 0
L 116, -3289, 12, 132, -3286, 14, 0, 0, 0
L 98, -3298, 13, 116, -3289, 12, 0, 0, 0
L 78, -3314, 9, 98, -3298, 13, 0, 0, 0
L 48, -3352, 12, 78, -3314, 9, 0, 0, 0
L 43, -3376, 9, 48, -3352, 12, 0, 0, 0
L 39, -3397, 12, 43, -3376, 9, 0, 0, 0
L 38, -3415, 14, 39, -3397, 12, 0, 0, 0
L 43, -3430, 13, 38, -3415, 14, 0, 0, 0
L 47, -3441, 14, 43, -3430, 13, 0, 0, 0
L 61, -3458, 9, 47, -3441, 14, 0, 0, 0
L 72, -3471, 8, 61, -3458, 9, 0, 0, 0
L 92, -3489, 11, 72, -3471, 8, 0, 0, 0
L 106, -3501, 15, 92, -3489, 11, 0, 0, 0
L 122, -3511, 16, 106, -3501, 15, 0, 0, 0
L 130, -3520, 16, 122, -3511, 16, 0, 0, 0
L 138, -3533, 14, 130, -3520, 16, 0, 0, 0
L 141, -3541, 15, 138, -3533, 14, 0, 0, 0
L 141, -3553, 17, 141, -3541, 15, 0, 0, 0
L 139, -3568, 15, 141, -3553, 17, 0, 0, 0
L 139, -3583, 10, 139, -3568, 15, 0, 0, 0
L 130, -3600, 9, 139, -3583, 10, 0, 0, 0
L 122, -3609, 9, 130, -3600, 9, 0, 0, 0
L 97, -3627, 15, 122, -3609, 9, 0, 0, 0
L 85, -3632, 16, 97, -3627, 15, 0, 0, 0
L 57, -3625, 20, 85, -3632, 16, 0, 0, 0
L 44, -3625, 18, 57, -3625, 20, 0, 0, 0
L -161, -3702, 14, -164, -3686, 15, 0, 0, 0
L -155, -3723, 14, -161, -3702, 14, 0, 0, 0
L -140, -3751, 14, -155, -3723, 14, 0, 0, 0
L -131, -3770, 14, -140, -3751, 14, 0, 0, 0
L -124, -3792, 14, -131, -3770, 14, 0, 0, 0
L -123, -3799, 14, -124, -3792, 14, 0, 0, 0
L -123, -3812, 14, -123, -3799, 14, 0, 0, 0
L -135, -3833, 15, -123, -3812, 14, 0, 0, 0
L -141, -3842, 9, -135, -3833, 15, 0, 0, 0
L -145, -3849, 8, -141, -3842, 9, 0, 0, 0
L -147, -3852, 8, -145, -3849, 8, 0, 0, 0
L -156, -3863, 8, -147, -3852, 8, 0, 0, 0
L -108, -3863, 8, -156, -3863, 8, 240, 0, 140
L -103, -3857, 7, -108, -3863, 8, 0, 0, 0
L -100, -3853, 7, -103, -3857, 7, 0, 0, 0
L -96, -3846, 7, -100, -3853, 7, 0, 0, 0
L -91, -3839, 7, -96, -3846, 7, 0, 0, 0
L -87, -3828, 8, -91, -3839, 7, 0, 0, 0
L -84, -3817, 8, -87, -3828, 8, 0, 0, 0
L -82, -3805, 8, -84, -3817, 8, 0, 0, 0
L -87, -3777, 9, -82, -3805, 8, 0, 0, 0
L -90, -3764, 8, -87, -3777, 9, 0, 0, 0
L -103, -3737, 10, -90, -3764, 8, 0, 0, 0
L -113, -3718, 12, -103, -3737, 10, 0, 0, 0
L -118, -3710, 8, -113, -3718, 12, 0, 0, 0
L -123, -3695, 7, -118, -3710, 8, 0, 0, 0
L -124, -3685, 9, -123, -3695, 7, 0, 0, 0
L -126, -3673, 10, -124, -3685, 9, 0, 0, 0
L -125, -3663, 9, -126, -3673, 10, 0, 0, 0
L -115, -3641, -3, -125, -3663, 9, 0, 0, 0
L -110, -3646, 6, -115, -3641, 6, 0, 0, 0
L -116, -3657, 8, -110, -3646, 6, 0, 0, 0
L -77, -3675, 9, -116, -3657, 8, 0, 0, 0
L -54, -3684, 9, -77, -3675, 9, 0, 0, 0
L -19, -3688, 10, -54, -3684, 9, 0, 0, 0
L -13, -3686, 9, -19, -3688, 10, 0, 0, 0
L 7, -3676, 5, -13, -3686, 9, 0, 0, 0
L 23, -3661, 2, 7, -3676, 5, 0, 0, 0
L 43, -3607, 7, 43, -3620, 11, 0, 0, 0
L 38, -3589, 9, 43, -3607, 7, 0, 0, 0
L 28, -3570, 11, 38, -3589, 9, 0, 0, 0
L 3, -3546, 5, 28, -3570, 11, 0, 0, 0
L -97, -3500, 7, 3, -3546, 5, 0, 0, 0
L -142, -3481, 14, -97, -3500, 7, 0, 0, 0
L -175, -3476, 10, -142, -3481, 14, 0, 0, 0
L -191, -3480, 12, -175, -3476, 10, 0, 0, 0
L -220, -3498, 19, -191, -3480, 12, 0, 0, 0
L -226, -3500, 15, -220, -3498, 19, 0, 0, 0
L -250, -3492, 13, -226, -3500, 15, 0, 0, 0
L -296, -3486, 13, -250, -3492, 13, 0, 0, 0
L -311, -3489, 15, -296, -3486, 13, 0, 0, 0
L -355, -3495, 9, -311, -3489, 15, 0, 0, 0
L -384, -3507, 11, -355, -3495, 9, 0, 0, 0
L -606, -3516, 9, -596, -3520, 18, 0, 0, 0
L -614, -3496, 15, -606, -3516, 9, 0, 0, 0
L -367, -3545, 14, -337, -3532, 15, 0, 0, 0
L -629, -3542, 6, -643, -3566, 16, 0, 0, 0
L -652, -3510, 9, -629, -3542, 6, 0, 0, 0
L -165, -3674, 9, -164, -3687, 11, 0, 0, 0
L -164, -3670, 9, -165, -3674, 9, 0, 0, 0
L -162, -3654, 9, -164, -3670, 9, 0, 0, 0
L -160, -3649, 9, -162, -3654, 9, 0, 0, 0
L -139, -3631, -2, -160, -3649, 9, 0, 0, 0
L -143, -3623, 1, -139, -3631, -2, 0, 0, 0
L -154, -3637, 3, -143, -3623, 1, 0, 0, 0
L -165, -3634, 9, -154, -3637, 3, 0, 0, 0
L -172, -3631, 6, -165, -3634, 9, 0, 0, 0
L -194, -3620, 8, -172, -3631, 6, 0, 0, 0
L -207, -3613, 10, -194, -3620, 8, 0, 0, 0
L -220, -3602, 10, -207, -3613, 10, 0, 0, 0
L -233, -3588, 11, -220, -3602, 10, 0, 0, 0
L -237, -3580, 10, -233, -3588, 11, 0, 0, 0
L -240, -3561, 5, -237, -3580, 10, 0, 0, 0
L -243, -3549, 5, -240, -3561, 5, 0, 0, 0
L -240, -3539, 6, -243, -3549, 5, 0, 0, 0
L -243, -3536, 9, -240, -3539, 6, 0, 0, 0
L -260, -3530, 11, -243, -3536, 9, 0, 0, 0
L -271, -3527, 9, -260, -3530, 11, 0, 0, 0
L -284, -3525, 9, -271, -3527, 9, 0, 0, 0
L -304, -3527, 11, -284, -3525, 9, 0, 0, 0
L -325, -3530, 14, -304, -3527, 11, 0, 0, 0
L -337, -3532, 15, -325, -3530, 14, 0, 0, 0
L -382, -3506, 11, -360, -3540, 12, 0, 0, 255
L -593, -3519, 20, -596, -3520, 20, 0, 0, 0
L -580, -3525, 20, -593, -3519, 20, 0, 0, 0
L -562, -3536, 20, -580, -3525, 20, 0, 0, 0
L -540, -3540, 19, -562, -3536, 20, 0, 0, 0
L -521, -3537, 18, -540, -3540, 19, 0, 0, 0
L -513, -3535, 19, -521, -3537, 18, 0, 0, 0
L -500, -3542, 18, -513, -3535, 19, 0, 0, 0
L -489, -3552, 18, -500, -3542, 18, 0, 0, 0
L -467, -3561, 17, -489, -3552, 18, 0, 0, 0
L -452, -3561, 13, -467, -3561, 17, 0, 0, 0
L -447, -3556, 13, -452, -3561, 13, 0, 0, 0
L -441, -3555, 12, -447, -3556, 13, 0, 0, 0
L -425, -3541, 13, -441, -3555, 12, 0, 0, 0
L -398, -3519, 11, -425, -3541, 13, 0, 0, 0
L -384, -3507, 11, -398, -3519, 11, 0, 0, 0
L -378, -3554, 16, -367, -3545, 13, 0, 0, 0
L -405, -3576, 18, -378, -3554, 16, 0, 0, 0
L -432, -3585, 28, -405, -3576, 18, 0, 0, 0
L -430, -3601, 30, -432, -3585, 28, 0, 0, 0
L -427, -3622, 26, -430, -3601, 30, 0, 0, 0
L -408, -3651, 25, -427, -3622, 26, 0, 0, 0
L -410, -3681, 24, -408, -3651, 25, 0, 0, 0
L -409, -3723, 23, -410, -3681, 24, 0, 0, 0
L -403, -3745, 23, -409, -3723, 23, 0, 0, 0
L -409, -3760, 22, -403, -3745, 23, 0, 0, 0
L -439, -3785, 21, -409, -3760, 22, 0, 0, 0
L -463, -3786, 21, -439, -3785, 21, 0, 0, 0
L -498, -3769, 21, -463, -3786, 21, 0, 0, 0
L -521, -3772, 21, -498, -3769, 21, 0, 0, 0
L -545, -3770, 20, -521, -3772, 21, 0, 0, 0
L -578, -3763, 20, -545, -3770, 20, 0, 0, 0
L -604, -3772, 19, -578, -3763, 20, 0, 0, 0
L -618, -3774, 19, -604, -3772, 19, 0, 0, 0
L -642, -3756, 20, -618, -3774, 19, 0, 0, 0
L -656, -3734, 20, -642, -3756, 20, 0, 0, 0
L -655, -3714, 19, -656, -3734, 20, 0, 0, 0
L -641, -3690, 21, -655, -3714, 19, 0, 0, 0
L -642, -3656, 23, -641, -3690, 21, 0, 0, 0
L -635, -3620, 24, -642, -3656, 23, 0, 0, 0
L -637, -3585, 21, -635, -3620, 24, 0, 0, 0
L -643, -3566, 19, -637, -3585, 21, 0, 0, 0
L -602, -2774, 37, -600, -2741, 12, 0, 0, 0
L -602, -2813, 45, -602, -2774, 37, 0, 0, 0
L -602, -2850, 55, -602, -2813, 45, 0, 0, 0
L -597, -2874, 49, -602, -2850, 55, 0, 0, 0
L -601, -2891, 49, -597, -2874, 49, 0, 0, 0
L -608, -2916, 51, -601, -2891, 49, 0, 0, 0
L -620, -2942, 50, -608, -2916, 51, 0, 0, 0
L -643, -2966, 49, -620, -2942, 50, 0, 0, 0
L -654, -2971, 48, -643, -2966, 49, 0, 0, 0
L -675, -2978, 50, -654, -2971, 48, 0, 0, 0
L -701, -2983, 50, -675, -2978, 50, 0, 0, 0
L -726, -2989, 52, -701, -2983, 50, 0, 0, 0
L -741, -2993, 51, -726, -2989, 52, 0, 0, 0
L -752, -2998, 51, -741, -2993, 51, 0, 0, 0
L -762, -3011, 48, -752, -2998, 51, 0, 0, 0
L -771, -3031, 50, -762, -3011, 48, 0, 0, 0
L -775, -3047, 50, -771, -3031, 50, 0, 0, 0
L -779, -3065, 51, -775, -3047, 50, 0, 0, 0
L -775, -3077, 50, -779, -3065, 51, 0, 0, 0
L -769, -3085, 48, -775, -3077, 50, 0, 0, 0
L -761, -3094, 50, -769, -3085, 48, 0, 0, 0
L -751, -3103, 51, -761, -3094, 50, 0, 0, 0
L -745, -3116, 39, -751, -3103, 51, 0, 0, 0
L -737, -3115, 41, -745, -3116, 39, 0, 0, 0
L -732, -3108, 44, -737, -3115, 41, 0, 0, 0
L -722, -3099, 43, -732, -3108, 44, 0, 0, 0
L -711, -3096, 46, -722, -3099, 43, 0, 0, 0
L -699, -3091, 47, -711, -3096, 46, 0, 0, 0
L -688, -3089, 47, -699, -3091, 47, 0, 0, 0
L -666, -3091, 46, -688, -3089, 47, 0, 0, 0
L -654, -3094, 42, -666, -3091, 46, 0, 0, 0
L -646, -3100, 41, -654, -3094, 42, 0, 0, 0
L -628, -3115, 46, -646, -3100, 41, 0, 0, 0
L -612, -3138, 46, -628, -3115, 46, 0, 0, 0
L -613, -3151, 47, -612, -3138, 46, 0, 0, 0
L -610, -3165, 47, -613, -3151, 47, 0, 0, 0
L -614, -3174, 40, -610, -3165, 47, 0, 0, 0
L -610, -3176, 50, -614, -3174, 40, 0, 0, 0
L -589, -3191, 52, -610, -3176, 50, 0, 0, 0
L -569, -3212, 52, -589, -3191, 52, 0, 0, 0
L -556, -3234, 48, -569, -3212, 52, 0, 0, 0
L -549, -3250, 49, -556, -3234, 48, 0, 0, 0
L -551, -3255, 49, -549, -3250, 49, 0, 0, 0
L -550, -3277, 49, -551, -3255, 49, 0, 0, 0
L -555, -3301, 51, -550, -3277, 49, 0, 0, 0
L -560, -3319, 45, -555, -3301, 51, 0, 0, 0
L -560, -3332, 43, -560, -3319, 45, 0, 0, 0
L -572, -3350, 43, -560, -3332, 43, 0, 0, 0
L -576, -3358, 40, -572, -3350, 43, 0, 0, 0
L -584, -3373, 36, -576, -3358, 40, 0, 0, 0
L -590, -3389, 27, -584, -3373, 36, 0, 0, 0
L -596, -3405, 23, -590, -3389, 27, 0, 0, 0
L -603, -3419, 23, -596, -3405, 23, 0, 0, 0
L -611, -3435, 16, -603, -3419, 23, 0, 0, 0
L -616, -3443, 16, -611, -3435, 16, 0, 0, 0
L -623, -3460, 14, -616, -3443, 16, 0, 0, 0
L -621, -3474, 11, -623, -3460, 14, 0, 0, 0
L -618, -3487, 14, -621, -3474, 11, 0, 0, 0
L -614, -3497, 15, -618, -3487, 14, 0, 0, 0
L -652, -3511, 10, -614, -3497, 15, 0, 0, 255
L -660, -3487, 15, -652, -3510, 15, 0, 0, 0
L -663, -3460, 12, -660, -3487, 15, 0, 0, 0
L -660, -3443, 15, -663, -3460, 12, 0, 0, 0
L -650, -3427, 21, -660, -3443, 15, 0, 0, 0
L -644, -3416, 27, -650, -3427, 21, 0, 0, 0
L -636, -3390, 31, -644, -3416, 27, 0, 0, 0
L -630, -3375, 33, -636, -3390, 31, 0, 0, 0
L -617, -3349, 38, -630, -3375, 33, 0, 0, 0
L -603, -3328, 53, -617, -3349, 38, 0, 0, 0
L -596, -3305, 51, -603, -3328, 53, 0, 0, 0
L -591, -3282, 51, -596, -3305, 51, 0, 0, 0
L -589, -3267, 50, -591, -3282, 51, 0, 0, 0
L -593, -3248, 51, -589, -3267, 50, 0, 0, 0
L -610, -3226, 50, -593, -3248, 51, 0, 0, 0
L -628, -3213, 50, -610, -3226, 50, 0, 0, 0
L -633, -3216, 50, -628, -3213, 50, 0, 0, 0
L -633, -3216, 47, -633, -3216, 50, 0, 0, 0
L -646, -3226, 41, -633, -3216, 47, 0, 0, 0
L -659, -3231, 39, -646, -3226, 41, 0, 0, 0
L -674, -3236, 44, -659, -3231, 39, 0, 0, 0
L -694, -3231, 51, -674, -3236, 44, 0, 0, 0
L -698, -3236, 47, -694, -3231, 51, 0, 0, 0
L -712, -3255, 50, -698, -3236, 47, 0, 0, 0
L -723, -3266, 51, -712, -3255, 50, 0, 0, 0
L -750, -3286, 48, -723, -3266, 51, 0, 0, 0
L -770, -3294, 50, -750, -3286, 48, 0, 0, 0
L -790, -3295, 49, -770, -3294, 50, 0, 0, 0
L -792, -3295, 50, -790, -3295, 49, 0, 0, 0
L -803, -3294, 51, -792, -3295, 50, 0, 0, 0
L -813, -3298, 50, -803, -3294, 51, 0, 0, 0
L -824, -3305, 48, -813, -3298, 50, 0, 0, 0
L -841, -3322, 51, -824, -3305, 48, 0, 0, 0
L -858, -3336, 58, -841, -3322, 51, 0, 0, 0
L -856, -3340, 59, -858, -3336, 58, 0, 0, 0
L -849, -3354, 52, -856, -3340, 59, 0, 0, 0
L -844, -3363, 52, -849, -3354, 52, 0, 0, 0
L -826, -3375, 51, -844, -3363, 52, 0, 0, 0
L -818, -3379, 51, -826, -3375, 51, 0, 0, 0
L -809, -3385, 51, -818, -3379, 51, 0, 0, 0
L -802, -3394, 51, -809, -3385, 51, 0, 0, 0
L -799, -3412, 50, -802, -3394, 51, 0, 0, 0
L -796, -3432, 50, -799, -3412, 50, 0, 0, 0
L -765, -3468, 48, -796, -3432, 50, 0, 0, 0
L -764, -3477, 49, -765, -3468, 48, 0, 0, 0
L -771, -3500, 50, -764, -3477, 49, 0, 0, 0
L -778, -3513, 52, -771, -3500, 50, 0, 0, 0
L -784, -3522, 52, -778, -3513, 52, 0, 0, 0
L -795, -3529, 54, -784, -3522, 52, 0, 0, 0
L -816, -3528, 56, -795, -3529, 54, 0, 0, 0
L -838, -3528, 57, -816, -3528, 56, 0, 0, 0
L -854, -3536, 55, -838, -3528, 57, 0, 0, 0
L -871, -3547, 47, -854, -3536, 55, 0, 0, 0
L -894, -3550, 48, -871, -3547, 47, 0, 0, 0
L -919, -3558, 46, -894, -3550, 48, 0, 0, 0
L -935, -3576, 46, -919, -3558, 46, 0, 0, 0
L -946, -3583, 46, -935, -3576, 46, 0, 0, 0
L -954, -3585, 46, -946, -3583, 46, 0, 0, 0
L -979, -3577, 46, -954, -3585, 46, 0, 0, 0
L -997, -3566, 47, -979, -3577, 46, 0, 0, 0
L -1005, -3555, 47, -997, -3566, 47, 0, 0, 0
L -1006, -3540, 47, -1005, -3555, 47, 0, 0, 0
L -1004, -3528, 47, -1006, -3540, 47, 0, 0, 0
L -1005, -3509, 49, -1004, -3528, 47, 0, 0, 0
L -1015, -3492, 49, -1005, -3509, 49, 0, 0, 0
L -1024, -3479, 49, -1015, -3492, 49, 0, 0, 0
L -1027, -3463, 51, -1024, -3479, 49, 0, 0, 0
L -1028, -3447, 51, -1027, -3463, 51, 0, 0, 0
L -1032, -3436, 51, -1028, -3447, 51, 0, 0, 0
L -1041, -3425, 52, -1032, -3436, 51, 0, 0, 0
L -1050, -3417, 52, -1041, -3425, 52, 0, 0, 0
L -1059, -3406, 53, -1050, -3417, 52, 0, 0, 0
L -1060, -3401, 54, -1059, -3406, 53, 0, 0, 0
L -1057, -3391, 54, -1060, -3401, 54, 0, 0, 0
L -1057, -3379, 50, -1057, -3391, 54, 0, 0, 0
L -1056, -3368, 51, -1057, -3379, 50, 0, 0, 0
L -1052, -3359, 52, -1056, -3368, 51, 0, 0, 0
L -1048, -3353, 53, -1052, -3359, 52, 0, 0, 0
L -1035, -3344, 52, -1048, -3353, 53, 0, 0, 0
L -1026, -3342, 53, -1035, -3344, 52, 0, 0, 0
L -1014, -3343, 53, -1026, -3342, 53, 0, 0, 0
L -999, -3345, 53, -1014, -3343, 53, 0, 0, 0
L -990, -3346, 52, -999, -3345, 53, 0, 0, 0
L -979, -3341, 53, -990, -3346, 52, 0, 0, 0
L -971, -3336, 53, -979, -3341, 53, 0, 0, 0
L -962, -3328, 54, -971, -3336, 53, 0, 0, 0
L -953, -3324, 52, -962, -3328, 54, 0, 0, 0
L -943, -3324, 53, -953, -3324, 52, 0, 0, 0
L -920, -3329, 53, -943, -3324, 53, 0, 0, 0
L -910, -3330, 53, -920, -3329, 53, 0, 0, 0
L -897, -3327, 51, -910, -3330, 53, 0, 0, 0
L -887, -3324, 49, -897, -3327, 51, 0, 0, 0
L -886, -3324, 47, -887, -3324, 49, 0, 0, 0
L -887, -3316, 49, -886, -3324, 47, 0, 0, 0
L -877, -3303, 49, -887, -3316, 49, 0, 0, 0
L -865, -3288, 51, -877, -3303, 49, 0, 0, 0
L -847, -3272, 52, -865, -3288, 51, 0, 0, 0
L -832, -3262, 49, -847, -3272, 52, 0, 0, 0
L -811, -3254, 50, -832, -3262, 49, 0, 0, 0
L -797, -3254, 50, -811, -3254, 50, 0, 0, 0
L -789, -3255, 50, -797, -3254, 50, 0, 0, 0
L -770, -3251, 50, -789, -3255, 50, 0, 0, 0
L -766, -3249, 48, -770, -3251, 50, 0, 0, 0
L -745, -3232, 51, -766, -3249, 48, 0, 0, 0
L -739, -3224, 51, -745, -3232, 51, 0, 0, 0
L -726, -3215, 48, -739, -3224, 51, 0, 0, 0
L -736, -3212, 46, -726, -3215, 48, 0, 0, 0
L -744, -3203, 45, -736, -3212, 46, 0, 0, 0
L -754, -3189, 46, -744, -3203, 45, 0, 0, 0
L -758, -3168, 48, -754, -3189, 46, 0, 0, 0
L -751, -3150, 48, -758, -3168, 48, 0, 0, 0
L -758, -3148, 51, -751, -3150, 48, 0, 0, 0
L -778, -3133, 52, -758, -3148, 51, 0, 0, 0
L -794, -3118, 53, -778, -3133, 52, 0, 0, 0
L -807, -3101, 50, -794, -3118, 53, 0, 0, 0
L -818, -3074, 50, -807, -3101, 50, 0, 0, 0
L -818, -3056, 50, -818, -3074, 50, 0, 0, 0
L -811, -3023, 51, -818, -3056, 50, 0, 0, 0
L -803, -3002, 52, -811, -3023, 51, 0, 0, 0
L -789, -2981, 48, -803, -3002, 52, 0, 0, 0
L -774, -2964, 50, -789, -2981, 48, 0, 0, 0
L -744, -2954, 51, -774, -2964, 50, 0, 0, 0
L -699, -2942, 52, -744, -2954, 51, 0, 0, 0
L -673, -2935, 51, -699, -2942, 52, 0, 0, 0
L -660, -2927, 50, -673, -2935, 51, 0, 0, 0
L -648, -2908, 50, -660, -2927, 50, 0, 0, 0
L -641, -2885, 50, -648, -2908, 50, 0, 0, 0
L -639, -2858, 46, -641, -2885, 50, 0, 0, 0
L -638, -2812, 36, -639, -2858, 46, 0, 0, 0
L -638, -2776, 18, -638, -2812, 36, 0, 0, 0
L -643, -2743, -0, -638, -2776, 18, 0, 0, 0
L -413, -2233, 72, -415, -2197, 73, 0, 0, 0
L -412, -2264, 67, -413, -2233, 72, 0, 0, 0
L -408, -2275, 66, -412, -2264, 67, 0, 0, 0
L -398, -2314, 66, -408, -2275, 66, 0, 0, 0
L -392, -2326, 65, -398, -2314, 66, 0, 0, 0
L -379, -2336, 65, -392, -2326, 65, 0, 0, 0
L -347, -2348, 63, -379, -2336, 65, 0, 0, 0
L -278, -2351, 49, -347, -2348, 63, 0, 0, 0
L -208, -2350, 28, -278, -2351, 49, 0, 0, 0
L -186, -2346, 29, -208, -2350, 28, 0, 0, 0
L -160, -2339, 29, -186, -2346, 29, 0, 0, 0
L -144, -2321, 30, -160, -2339, 29, 0, 0, 0
L -133, -2288, 28, -144, -2321, 30, 0, 0, 0
L -135, -2268, 26, -133, -2288, 28, 0, 0, 0
L -132, -2259, 26, -135, -2268, 26, 0, 0, 0
L -94, -2259, 26, -132, -2259, 26, 240, 0, 140
L -92, -2283, 29, -94, -2259, 26, 0, 0, 0
L -95, -2301, 28, -92, -2283, 29, 0, 0, 0
L -109, -2339, 31, -95, -2301, 28, 0, 0, 0
L -132, -2368, 29, -109, -2339, 31, 0, 0, 0
L -155, -2379, 29, -132, -2368, 29, 0, 0, 0
L -195, -2389, 32, -155, -2379, 29, 0, 0, 0
L -218, -2386, 43, -195, -2389, 32, 0, 0, 0
L -250, -2390, 49, -218, -2386, 43, 0, 0, 0
L -287, -2390, 54, -250, -2390, 49, 0, 0, 0
L -315, -2387, 71, -287, -2390, 54, 0, 0, 0
L -337, -2390, 66, -315, -2387, 71, 0, 0, 0
L -364, -2384, 67, -337, -2390, 66, 0, 0, 0
L -390, -2375, 68, -364, -2384, 67, 0, 0, 0
L -410, -2363, 65, -390, -2375, 68, 0, 0, 0
L -428, -2343, 65, -410, -2363, 65, 0, 0, 0
L -438, -2320, 65, -428, -2343, 65, 0, 0, 0
L -446, -2288, 66, -438, -2320, 65, 0, 0, 0
L -452, -2266, 67, -446, -2288, 66, 0, 0, 0
L -451, -2236, 69, -452, -2266, 67, 0, 0, 0
L -446, -2214, 73, -451, -2236, 69, 0, 0, 0
L -445, -2196, 73, -446, -2214, 73, 0, 0, 0
L 80, -78, 47, 64, -58, 4, 0, 0, 0
L 1633, -1354, -97, 1632, -1358, -97, 0, 0, 0
L 1637, -1344, -96, 1633, -1354, -97, 0, 0, 0
L 1674, -1356, -96, 1632, -1356, -95, 240, 0, 140
L 1764, -581, -103, 1779, -584, -102, 0, 0, 0
L 1751, -579, -102, 1764, -581, -103, 0, 0, 0
L 1735, -578, -103, 1751, -579, -102, 0, 0, 0
L 1716, -577, -102, 1735, -578, -103, 0, 0, 0
L 1710, -513, -102, 1716, -577, -102, 0, 0, 0
L 1715, -480, -103, 1710, -513, -102, 0, 0, 0
L 1683, -467, -98, 1715, -480, -103, 0, 0, 0
L 1605, -458, -88, 1683, -467, -98, 0, 0, 0
L 1234, -1627, 3, 1214, -1619, 3, 255, 0, 0
L 1258, -1621, 3, 1234, -1627, 3, 255, 0, 0
L 1251, -1599, 3, 1258, -1621, 3, 255, 0, 0
L 1227, -1600, 3, 1251, -1599, 3, 255, 0, 0
L 1214, -1618, 3, 1227, -1600, 3, 255, 0, 0
L 1152, -1659, 3, 1134, -1665, 2, 255, 0, 0
L 1151, -1637, 3, 1152, -1659, 3, 255, 0, 0
L 1143, -1610, 2, 1151, -1637, 3, 255, 0, 0
L 1135, -1598, 4, 1143, -1610, 2, 255, 0, 0
L 1114, -1598, 4, 1135, -1598, 4, 255, 0, 0
L 1104, -1629, 3, 1114, -1598, 4, 255, 0, 0
L 1111, -1654, 3, 1104, -1629, 3, 255, 0, 0
L 1133, -1667, 4, 1111, -1654, 3, 255, 0, 0
L 1135, -1760, 3, 1192, -1782, 7, 255, 0, 0
L 1115, -1782, 4, 1135, -1760, 3, 255, 0, 0
L 1125, -1814, 3, 1115, -1782, 4, 255, 0, 0
L 1152, -1837, 4, 1125, -1814, 3, 255, 0, 0
L 1203, -1817, 3, 1152, -1837, 4, 255, 0, 0
L 1203, -1799, 2, 1203, -1817, 3, 255, 0, 0
L 1193, -1782, 3, 1203, -1799, 2, 255, 0, 0
L 1170, -2097, 3, 1152, -2088, 3, 255, 0, 0
L 1203, -2091, 2, 1170, -2097, 3, 255, 0, 0
L 1209, -2060, 6, 1203, -2091, 2, 255, 0, 0
L 1256, -2027, 4, 1209, -2060, 6, 255, 0, 0
L 1484, -2011, 5, 1256, -2027, 4, 255, 0, 0
L 1516, -2035, 4, 1484, -2011, 5, 255, 0, 0
L 1546, -2033, 3, 1516, -2035, 4, 255, 0, 0
L 1549, -1938, 6, 1546, -2033, 3, 255, 0, 0
L 1556, -1920, 4, 1549, -1938, 6, 255, 0, 0
L 1565, -1914, 5, 1556, -1920, 4, 255, 0, 0
L 1559, -1851, 4, 1565, -1914, 5, 255, 0, 0
L 1540, -1825, 3, 1559, -1851, 4, 255, 0, 0
L 1492, -1767, 3, 1540, -1825, 3, 255, 0, 0
L 1453, -1771, 4, 1492, -1767, 3, 255, 0, 0
L 1444, -1725, 5, 1453, -1771, 4, 255, 0, 0
L 1453, -1665, 4, 1444, -1725, 5, 255, 0, 0
L 1444, -1632, 3, 1453, -1665, 4, 255, 0, 0
L 1453, -1620, 3, 1444, -1632, 3, 255, 0, 0
L 1524, -1611, 4, 1453, -1620, 3, 255, 0, 0
L 1540, -1594, 4, 1524, -1611, 4, 255, 0, 0
L 1563, -1521, 2, 1540, -1594, 4, 255, 0, 0
L 1552, -1509, 4, 1563, -1521, 2, 255, 0, 0
L 1483, -1563, 4, 1552, -1509, 4, 255, 0, 0
L 1423, -1590, 2, 1483, -1563, 4, 255, 0, 0
L 1404, -1627, 4, 1423, -1590, 2, 255, 0, 0
L 1418, -1706, 5, 1404, -1627, 4, 255, 0, 0
L 1399, -1725, 4, 1418, -1706, 5, 255, 0, 0
L 1407, -1767, 3, 1398, -1725, 2, 255, 0, 0
L 1380, -1789, 3, 1407, -1767, 3, 255, 0, 0
L 1356, -1790, 4, 1380, -1789, 3, 255, 0, 0
L 1311, -1780, 3, 1356, -1790, 4, 255, 0, 0
L 1286, -1785, 3, 1311, -1780, 3, 255, 0, 0
L 1278, -1791, 3, 1286, -1785, 3, 255, 0, 0
L 1281, -1805, 3, 1278, -1791, 3, 255, 0, 0
L 1309, -1817, 3, 1281, -1805, 3, 255, 0, 0
L 1433, -1800, 4, 1309, -1817, 3, 255, 0, 0
L 1459, -1811, 4, 1433, -1800, 4, 255, 0, 0
L 1482, -1917, 3, 1459, -1811, 4, 255, 0, 0
L 1457, -1956, 8, 1482, -1917, 3, 255, 0, 0
L 1428, -1977, 3, 1457, -1956, 8, 255, 0, 0
L 1250, -1996, 3, 1428, -1977, 3, 255, 0, 0
L 1184, -2010, 3, 1250, -1996, 3, 255, 0, 0
L 1148, -2075, 2, 1184, -2010, 3, 255, 0, 0
L 1148, -2080, 2, 1148, -2075, 2, 255, 0, 0
L 1152, -2088, 3, 1148, -2080, 2, 255, 0, 0
L 1149, -2133, 3, 1152, -2121, 3, 255, 0, 0
L 1154, -2156, 5, 1149, -2133, 3, 255, 0, 0
L 1173, -2175, 3, 1154, -2156, 5, 255, 0, 0
L 1182, -2162, 4, 1173, -2175, 3, 255, 0, 0
L 1177, -2145, 3, 1182, -2162, 4, 255, 0, 0
L 1153, -2121, 4, 1177, -2145, 3, 255, 0, 0
L 1564, -1853, 11, 1461, -1853, 13, 0, 0, 0
L 1467, -1897, 29, 1567, -1898, 9, 0, 0, 0
L 898, -2591, 114, 919, -2570, 140, 0, 0, 0
L 887, -2601, 99, 898, -2591, 114, 0, 0, 0
L 874, -2620, 73, 887, -2601, 99, 0, 0, 0
L 859, -2640, 48, 874, -2620, 73, 0, 0, 0
L 802, -2642, 58, 859, -2640, 48, 0, 0, 0
L 724, -2626, 102, 802, -2642, 58, 0, 0, 0
L 674, -2632, 154, 724, -2626, 102, 0, 0, 0
L 622, -2657, 176, 674, -2632, 154, 0, 0, 0
L 568, -2719, 131, 621, -2657, 175, 0, 0, 0
L 528, -2729, 161, 568, -2719, 131, 0, 0, 0
L 491, -2719, 201, 528, -2729, 161, 0, 0, 0
L 464, -2697, 193, 491, -2719, 201, 0, 0, 0
L 422, -2702, 191, 464, -2697, 193, 0, 0, 0
L 361, -2759, 144, 422, -2702, 191, 0, 0, 0
L 333, -2792, 118, 361, -2759, 144, 0, 0, 0
L 305, -2792, 122, 333, -2792, 118, 0, 0, 0
L 246, -2782, 137, 305, -2792, 122, 0, 0, 0
L 201, -2781, 142, 246, -2782, 137, 0, 0, 0
L 100, -2793, 141, 201, -2781, 142, 0, 0, 0
L 6, -2809, 137, 100, -2793, 141, 0, 0, 0
L -48, -2798, 153, 6, -2809, 137, 0, 0, 0
L -96, -2797, 158, -48, -2798, 153, 0, 0, 0
L -272, -2823, 153, -96, -2797, 158, 0, 0, 0
L -318, -2813, 165, -272, -2823, 153, 0, 0, 0
L -380, -2805, 181, -318, -2813, 165, 0, 0, 0
L -404, -2801, 186, -380, -2805, 181, 0, 0, 0
L -487, -2813, 184, -404, -2801, 186, 0, 0, 0
L -548, -2801, 200, -487, -2813, 184, 0, 0, 0
L -591, -2810, 197, -548, -2801, 200, 0, 0, 0
L -663, -2796, 213, -591, -2810, 197, 0, 0, 0
L -699, -2797, 212, -663, -2796, 213, 0, 0, 0
L -731, -2768, 142, -699, -2797, 212, 0, 0, 0
L -752, -2731, 81, -731, -2768, 142, 0, 0, 0
L -757, -2695, 59, -752, -2731, 81, 0, 0, 0
L -753, -2657, 56, -757, -2695, 59, 0, 0, 0
L -766, -2603, 17, -753, -2657, 56, 0, 0, 0
L -771, -2560, 14, -766, -2603, 17, 0, 0, 0
L -797, -2455, -25, -771, -2560, 14, 0, 0, 0
L -805, -2352, -27, -797, -2455, -25, 0, 0, 0
L -808, -2337, -31, -805, -2352, -27, 0, 0, 0
L -846, -2290, -66, -808, -2337, -31, 0, 0, 0
L -861, -2198, -39, -846, -2290, -66, 0, 0, 0
L -883, -2140, -40, -861, -2198, -39, 0, 0, 0
L -899, -2105, -53, -883, -2140, -40, 0, 0, 0
L -901, -2086, -55, -899, -2105, -53, 0, 0, 0
L -894, -1994, -26, -901, -2086, -55, 0, 0, 0
L -892, -1971, -18, -894, -1994, -26, 0, 0, 0
L -880, -1904, 17, -892, -1971, -18, 0, 0, 0
L -872, -1873, 39, -880, -1904, 17, 0, 0, 0
L -869, -1839, 60, -872, -1873, 39, 0, 0, 0
L -867, -1822, 56, -869, -1839, 60, 0, 0, 0
L -856, -1773, 70, -867, -1822, 56, 0, 0, 0
L -875, -1663, 46, -856, -1773, 70, 0, 0, 0
L -937, -1605, 17, -875, -1663, 46, 0, 0, 0
L -1004, -1498, 25, -937, -1605, 17, 0, 0, 0
L -968, -1330, 16, -1004, -1498, 25, 0, 0, 0
L -958, -1277, 11, -968, -1330, 16, 0, 0, 0
L -953, -1264, 13, -958, -1277, 11, 0, 0, 0
L -946, -1197, -2, -953, -1264, 13, 0, 0, 0
L -941, -1174, -8, -946, -1197, -2, 0, 0, 0
L -907, -1110, -74, -941, -1174, -8, 0, 0, 0
L -906, -1080, -75, -907, -1110, -74, 0, 0, 0
L -908, -1039, -66, -906, -1080, -75, 0, 0, 0
L -908, -986, -51, -908, -1039, -66, 0, 0, 0
L -909, -968, -48, -908, -986, -51, 0, 0, 0
L -914, -939, -56, -909, -968, -48, 0, 0, 0
L -922, -778, -49, -914, -939, -56, 0, 0, 0
L -926, -764, -59, -922, -778, -49, 0, 0, 0
L -927, -737, -63, -926, -764, -59, 0, 0, 0
L -918, -667, -51, -927, -737, -63, 0, 0, 0
L -918, -627, -43, -918, -667, -51, 0, 0, 0
L -920, -543, -7, -918, -627, -43, 0, 0, 0
L -931, -491, -21, -920, -543, -7, 0, 0, 0
L -926, -352, -61, -931, -491, -21, 0, 0, 0
L -887, -302, -59, -926, -352, -61, 0, 0, 0
L -837, -280, -73, -887, -302, -59, 0, 0, 0
L -776, -241, -69, -837, -280, -73, 0, 0, 0
L -711, -235, -49, -776, -241, -69, 0, 0, 0
L -548, -256, -50, -711, -235, -49, 0, 0, 0
L -428, -283, 1, -548, -256, -50, 0, 0, 0
L -382, -294, 22, -428, -283, 1, 0, 0, 0
L -312, -305, 7, -382, -294, 22, 0, 0, 0
L -262, -319, 19, -312, -305, 7, 0, 0, 0
L -203, -339, -52, -262, -319, 19, 0, 0, 0
L -189, -342, -64, -203, -339, -52, 0, 0, 0
L -115, -312, -81, -189, -342, -64, 0, 0, 0
L -120, -283, -66, -115, -312, -81, 0, 0, 0
L -107, -256, 12, -120, -283, -66, 0, 0, 0
L -75, -177, 16, -107, -256, 12, 0, 0, 0
L -66, -165, 25, -75, -177, 16, 0, 0, 0
L -45, -96, 8, -66, -165, 25, 0, 0, 0
L 91, -93, 78, 80, -78, 44, 0, 0, 0
L 132, -134, 166, 91, -93, 78, 0, 0, 0
L 149, -198, 118, 132, -134, 166, 0, 0, 0
L 158, -243, 93, 149, -198, 118, 0, 0, 0
L 224, -291, -1, 158, -243, 93, 0, 0, 0
L 382, -285, -40, 224, -291, -1, 0, 0, 0
L 497, -265, -66, 382, -285, -40, 0, 0, 0
L 702, -275, -4, 497, -265, -66, 0, 0, 0
L 888, -250, -49, 702, -275, -4, 0, 0, 0
L 964, -236, -72, 888, -250, -49, 0, 0, 0
L 1015, -231, -80, 964, -236, -72, 0, 0, 0
L 1075, -234, -66, 1015, -231, -80, 0, 0, 0
L 1100, -237, -55, 1075, -234, -66, 0, 0, 0
L 1175, -232, -61, 1100, -237, -55, 0, 0, 0
L 1274, -235, -63, 1175, -232, -61, 0, 0, 0
L 1349, -271, 30, 1274, -235, -63, 0, 0, 0
L 1459, -291, 9, 1349, -271, 30, 0, 0, 0
L 1531, -278, -22, 1459, -291, 9, 0, 0, 0
L 1552, -287, -38, 1531, -278, -22, 0, 0, 0
L 1598, -341, -38, 1552, -287, -38, 0, 0, 0
L 1635, -483, 29, 1598, -341, -38, 0, 0, 0
L 1633, -555, 76, 1635, -483, 29, 0, 0, 0
L 1657, -657, 68, 1633, -555, 76, 0, 0, 0
L 1640, -729, 51, 1657, -657, 68, 0, 0, 0
L 1605, -774, 85, 1640, -729, 51, 0, 0, 0
L 1597, -777, 98, 1605, -774, 85, 0, 0, 0
L 1593, -804, 88, 1597, -777, 98, 0, 0, 0
L 1587, -817, 90, 1593, -804, 88, 0, 0, 0
L 1565, -838, 117, 1587, -817, 90, 0, 0, 0
L 1552, -853, 130, 1565, -838, 117, 0, 0, 0
L 1548, -867, 129, 1552, -853, 130, 0, 0, 0
L 1572, -923, 119, 1548, -867, 129, 0, 0, 0
L 1607, -955, 97, 1572, -923, 119, 0, 0, 0
L 1639, -993, 93, 1607, -955, 97, 0, 0, 0
L 1649, -1156, 68, 1639, -993, 93, 0, 0, 0
L 1651, -1284, 54, 1649, -1156, 68, 0, 0, 0
L 1651, -1332, 39, 1651, -1284, 54, 0, 0, 0
L 1646, -1354, 31, 1651, -1332, 39, 0, 0, 0
L 1620, -1401, 36, 1646, -1354, 31, 0, 0, 0
L 1594, -1451, 41, 1620, -1401, 36, 0, 0, 0
L 1590, -1469, 35, 1594, -1451, 41, 0, 0, 0
L 1589, -1479, 30, 1590, -1469, 35, 0, 0, 0
L 1586, -1497, 22, 1589, -1479, 30, 0, 0, 0
L 1582, -1505, 22, 1586, -1497, 22, 0, 0, 0
L 1579, -1521, 17, 1582, -1505, 22, 0, 0, 0
L 1577, -1543, 14, 1579, -1521, 17, 0, 0, 0
L 1577, -1567, 15, 1577, -1543, 14, 0, 0, 0
L 1528, -1637, 16, 1577, -1567, 15, 0, 0, 0
L 1516, -1645, 40, 1528, -1637, 16, 0, 0, 0
L 1509, -1654, 54, 1516, -1645, 40, 0, 0, 0
L 1497, -1665, 78, 1509, -1654, 54, 0, 0, 0
L 1494, -1694, 86, 1497, -1665, 78, 0, 0, 0
L 1590, -1716, 215, 1494, -1694, 86, 0, 0, 0
L 1629, -1721, 225, 1590, -1716, 215, 0, 0, 0
L 1630, -1722, 222, 1439, -1638, 569, 0, 0, 0
L 1661, -1802, 148, 1630, -1722, 222, 0, 0, 0
L 1644, -1856, 160, 1661, -1802, 148, 0, 0, 0
L 1642, -1901, 136, 1644, -1856, 160, 0, 0, 0
L 1617, -1975, 129, 1642, -1901, 136, 0, 0, 0
L 1598, -2056, 113, 1617, -1975, 129, 0, 0, 0
L 1593, -2120, 94, 1598, -2056, 113, 0, 0, 0
L 1547, -2141, 90, 1593, -2120, 94, 0, 0, 0
L 1481, -2152, 126, 1547, -2141, 90, 0, 0, 0
L 1429, -2177, 117, 1481, -2152, 126, 0, 0, 0
L 1239, -2233, 146, 1429, -2177, 117, 0, 0, 0
L 1059, -2248, 226, 1239, -2233, 146, 0, 0, 0
L 1002, -2271, 195, 1059, -2248, 226, 0, 0, 0
L 1007, -2303, 204, 1002, -2271, 195, 0, 0, 0
L 981, -2305, 179, 1007, -2303, 204, 0, 0, 0
L 919, -2570, 140, 981, -2305, 179, 0, 0, 0
L 497, -2258, -65, 660, -2097, -61, 0, 0, 0
L 624, -2067, -52, 471, -2221, -57, 0, 0, 0
L 903, -1184, -114, 903, -1286, -117, 0, 0, 0
L 947, -1285, -118, 949, -1182, -118, 0, 0, 0
L 780, -2229, -138, 791, -2225, -131, 255, 0, 0
L 813, -2264, -148, 780, -2229, -138, 255, 0, 0
L 822, -2312, -164, 813, -2264, -148, 255, 0, 0
L 812, -2336, -170, 822, -2312, -164, 255, 0, 0
L 839, -2405, -125, 812, -2336, -170, 255, 0, 0
L 823, -2400, -131, 839, -2405, -125, 255, 0, 0
L 737, -2315, -149, 823, -2400, -131, 255, 0, 0
L 736, -2306, -156, 737, -2315, -149, 255, 0, 0
L 717, -2282, -151, 736, -2306, -156, 255, 0, 0
L 693, -2274, -142, 717, -2282, -151, 255, 0, 0
L 702, -2256, -146, 693, -2274, -142, 255, 0, 0
L 700, -2240, -151, 702, -2256, -146, 255, 0, 0
L 708, -2231, -153, 700, -2240, -151, 255, 0, 0
L 677, -2186, -138, 708, -2231, -153, 255, 0, 0
L 714, -2186, -127, 677, -2186, -138, 255, 0, 0
L 756, -2234, -151, 714, -2186, -127, 255, 0, 0
L 719, -2246, -152, 756, -2234, -151, 255, 0, 0
L 762, -2292, -171, 719, -2246, -152, 255, 0, 0
L 778, -2235, -140, 762, -2292, -171, 255, 0, 0
L 778, -2219, -132, 778, -2235, -140, 255, 0, 0
L 791, -2225, -131, 778, -2219, -132, 255, 0, 0
L 796, -1966, -100, 814, -1947, -102, 255, 0, 0
L 798, -2086, -109, 796, -1966, -100, 255, 0, 0
L 793, -2101, -117, 798, -2086, -109, 255, 0, 0
L 734, -2044, -95, 793, -2101, -117, 255, 0, 0
L 717, -2059, -94, 734, -2044, -95, 255, 0, 0
L 757, -2117, -117, 717, -2059, -94, 255, 0, 0
L 794, -2128, -117, 757, -2117, -117, 255, 0, 0
L 781, -2164, -120, 794, -2128, -117, 255, 0, 0
L 793, -2184, -122, 781, -2164, -120, 255, 0, 0
L 831, -2157, -115, 793, -2184, -122, 255, 0, 0
L 834, -1959, -101, 831, -2157, -115, 255, 0, 0
L 813, -1946, -102, 834, -1959, -101, 255, 0, 0
L 671, -2018, -67, 671, -2001, -62, 255, 0, 0
L 655, -2018, -64, 671, -2018, -67, 255, 0, 0
L 621, -1981, -48, 655, -2018, -64, 255, 0, 0
L 640, -1962, -49, 621, -1981, -48, 255, 0, 0
L 671, -2000, -61, 640, -1962, -49, 255, 0, 0
L 752, -1911, -85, 721, -1873, -76, 255, 0, 0
L 764, -1902, -87, 752, -1911, -85, 255, 0, 0
L 745, -1874, -80, 764, -1902, -87, 255, 0, 0
L 723, -1871, -73, 745, -1874, -80, 255, 0, 0
L 697, -1781, -93, 703, -1761, -98, 255, 0, 0
L 716, -1795, -98, 697, -1781, -93, 255, 0, 0
L 753, -1797, -106, 716, -1795, -98, 255, 0, 0
L 779, -1820, -101, 753, -1797, -106, 255, 0, 0
L 791, -1802, -99, 779, -1820, -101, 255, 0, 0
L 773, -1778, -99, 791, -1802, -99, 255, 0, 0
L 772, -1757, -92, 773, -1778, -99, 255, 0, 0
L 752, -1741, -96, 772, -1757, -92, 255, 0, 0
L 735, -1758, -103, 752, -1741, -96, 255, 0, 0
L 703, -1761, -95, 735, -1758, -103, 255, 0, 0
L -474, -1896, 38, -496, -1862, 30, 255, 0, 0
L -487, -1969, 24, -474, -1896, 38, 255, 0, 0
L -419, -2031, 33, -487, -1969, 24, 255, 0, 0
L -258, -2022, 33, -419, -2031, 33, 255, 0, 0
L -37, -2080, 35, -258, -2022, 33, 255, 0, 0
L 235, -1988, 27, -37, -2080, 35, 255, 0, 0
L 299, -1942, 27, 235, -1988, 27, 255, 0, 0
L 389, -1945, 27, 299, -1942, 27, 255, 0, 0
L 634, -2257, -128, 389, -1945, 27, 255, 0, 0
L 658, -2257, -138, 634, -2257, -128, 255, 0, 0
L 680, -2208, -139, 658, -2257, -138, 255, 0, 0
L 470, -1974, -8, 680, -2208, -139, 255, 0, 0
L 450, -1914, 28, 470, -1974, -8, 255, 0, 0
L 379, -1873, 29, 450, -1914, 28, 255, 0, 0
L 401, -1822, 27, 379, -1873, 29, 255, 0, 0
L 650, -1720, -117, 401, -1822, 27, 255, 0, 0
L 695, -1490, -121, 650, -1720, -117, 255, 0, 0
L 674, -1441, -134, 695, -1490, -121, 255, 0, 0
L 777, -1339, -139, 674, -1441, -134, 255, 0, 0
L 889, -1266, -144, 777, -1339, -139, 255, 0, 0
L 1260, -1142, -155, 889, -1266, -144, 255, 0, 0
L 1384, -1142, -147, 1260, -1142, -155, 255, 0, 0
L 1369, -1116, -155, 1384, -1142, -147, 255, 0, 0
L 1267, -1120, -151, 1369, -1116, -155, 255, 0, 0
L 1068, -1177, -151, 1267, -1120, -151, 255, 0, 0
L 953, -1219, -135, 1068, -1177, -151, 255, 0, 0
L 917, -1232, -141, 953, -1219, -135, 255, 0, 0
L 809, -1286, -150, 917, -1232, -141, 255, 0, 0
L 715, -1376, -139, 809, -1286, -150, 255, 0, 0
L 676, -1395, -135, 715, -1376, -139, 255, 0, 0
L 671, -1420, -133, 676, -1395, -135, 255, 0, 0
L 654, -1443, -131, 671, -1420, -133, 255, 0, 0
L 664, -1501, -127, 654, -1443, -131, 255, 0, 0
L 636, -1533, -137, 664, -1501, -127, 255, 0, 0
L 635, -1631, -149, 636, -1533, -137, 255, 0, 0
L 528, -1749, -21, 635, -1631, -149, 255, 0, 0
L 438, -1781, 30, 528, -1749, -21, 255, 0, 0
L 367, -1784, 35, 438, -1781, 30, 255, 0, 0
L 81, -1572, 28, 367, -1784, 35, 255, 0, 0
L 13, -1589, 26, 81, -1572, 28, 255, 0, 0
L -32, -1542, 26, 13, -1589, 26, 255, 0, 0
L -88, -1519, 17, -32, -1542, 26, 255, 0, 0
L -131, -1576, -15, -88, -1519, 17, 255, 0, 0
L -136, -1507, 27, -131, -1576, -15, 255, 0, 0
L -201, -1539, 29, -136, -1507, 27, 255, 0, 0
L -226, -1551, 24, -201, -1539, 29, 255, 0, 0
L -309, -1536, 23, -226, -1551, 24, 255, 0, 0
L -369, -1515, 21, -309, -1536, 23, 255, 0, 0
L -489, -1551, 23, -369, -1515, 21, 255, 0, 0
L -521, -1581, 24, -489, -1551, 23, 255, 0, 0
L -555, -1749, 34, -521, -1581, 24, 255, 0, 0
L -544, -1821, 27, -555, -1749, 34, 255, 0, 0
L -496, -1862, 21, -544, -1821, 27, 255, 0, 0
L 50, -2329, 106, 78, -2382, 109, 0, 0, 0
L -266, -2248, 115, 50, -2329, 106, 0, 0, 0
L -323, -2244, 128, -266, -2248, 115, 0, 0, 0
L -380, -2257, 222, -323, -2244, 128, 0, 0, 0
L -423, -2247, 208, -380, -2257, 222, 0, 0, 0
L -466, -2233, 192, -423, -2247, 208, 0, 0, 0
L -474, -2220, 149, -466, -2233, 192, 0, 0, 0
L -527, -2138, 66, -474, -2220, 149, 0, 0, 0
L -548, -2119, 67, -527, -2138, 66, 0, 0, 0
L -622, -2126, 83, -548, -2119, 67, 0, 0, 0
L -624, -2129, 81, -622, -2126, 83, 0, 0, 0
L -612, -2198, 72, -624, -2129, 81, 0, 0, 0
L -608, -2229, 71, -612, -2198, 72, 0, 0, 0
L 404, -1678, 82, 446, -1729, 75, 0, 0, 0
L 446, -1729, 75, 493, -1721, 63, 0, 0, 0
L 493, -1721, 63, 511, -1715, 10, 0, 0, 0
L 511, -1715, 10, 591, -1600, -107, 0, 0, 0
L 591, -1600, -107, 548, -1500, -99, 0, 0, 0
L 548, -1500, -99, 347, -1342, -69, 0, 0, 0
L 347, -1342, -69, 270, -1290, -57, 0, 0, 0
L 270, -1290, -57, 153, -1265, 17, 0, 0, 0
L 153, -1265, 17, -284, -1236, -3, 0, 0, 0
L -284, -1236, -3, -344, -1264, -19, 0, 0, 0
L -344, -1264, -19, -607, -1344, 8, 0, 0, 0
L -607, -1344, 8, -682, -1404, 49, 0, 0, 0
L -682, -1404, 49, -752, -1473, 30, 0, 0, 0
L -752, -1473, 30, -782, -1520, 29, 0, 0, 0
L -782, -1520, 29, -659, -1599, 89, 0, 0, 0
L -659, -1599, 89, -656, -1575, 75, 0, 0, 0
L -656, -1575, 75, -645, -1540, 72, 0, 0, 0
L -645, -1540, 72, -605, -1501, 69, 0, 0, 0
L -605, -1501, 69, -500, -1436, 109, 0, 0, 0
L -500, -1436, 109, -485, -1421, 120, 0, 0, 0
L -485, -1421, 120, -319, -1381, 133, 0, 0, 0
L -319, -1381, 133, 173, -1421, 69, 0, 0, 0
L 173, -1421, 69, 292, -1501, 113, 0, 0, 0
L 292, -1501, 113, 404, -1678, 91, 0, 0, 0
L 78, -2382, 107, 84, -2450, 51, 0, 0, 0
L 84, -2450, 51, 80, -2457, 51, 0, 0, 0
L 80, -2457, 51, 25, -2491, 65, 0, 0, 0
L 25, -2491, 65, -134, -2536, 74, 0, 0, 0
L -134, -2536, 74, -368, -2563, 27, 0, 0, 0
L -368, -2563, 27, -579, -2452, 52, 0, 0, 0
L -579, -2452, 52, -627, -2356, 62, 0, 0, 0
L -627, -2356, 62, -643, -2285, 47, 0, 0, 0
L -643, -2285, 47, -608, -2229, 71, 0, 0, 0
L -45, -96, 7, -45, -89, 6, 0, 0, 0
L -45, -89, 6, -45, -76, 2, 0, 0, 0
L 1596, -434, -88, 1611, -432, -88, 0, 0, 0
L 1611, -432, -88, 1608, -403, -89, 0, 0, 0
L 1608, -403, -89, 1715, -394, -103, 0, 0, 0
L 1715, -394, -103, 1777, -399, -104, 0, 0, 0
L 1777, -399, -104, 1784, -464, -103, 0, 0, 0
L 1784, -464, -103, 1777, -514, -103, 0, 0, 0
L 1565, -1138, -69, 1603, -1139, -70, 0, 0, 0
L 1603, -1139, -70, 1633, -1144, -74, 0, 0, 0
L 1633, -1144, -74, 1650, -1140, -73, 0, 0, 0
L 1650, -1140, -73, 1667, -1135, -73, 0, 0, 0
L 1667, -1135, -73, 1725, -1139, -92, 0, 0, 0
L 1725, -1139, -92, 1741, -1138, -93, 0, 0, 0
L 1741, -1138, -93, 1780, -1152, -96, 0, 0, 0
L 1780, -1152, -96, 1795, -1165, -92, 0, 0, 0
L 1795, -1165, -92, 1803, -1197, -92, 0, 0, 0
L 1803, -1197, -92, 1806, -1207, -93, 0, 0, 0
L 1806, -1207, -93, 1791, -1248, -95, 0, 0, 0
L 1791, -1248, -95, 1787, -1255, -93, 0, 0, 0
L 1787, -1255, -93, 1779, -1263, -92, 0, 0, 0
L 1779, -1263, -92, 1765, -1270, -93, 0, 0, 0
L 1765, -1270, -93, 1748, -1273, -91, 0, 0, 0
L 1748, -1273, -91, 1699, -1285, -97, 0, 0, 0
L 1699, -1285, -97, 1692, -1287, -97, 0, 0, 0
L 1692, -1287, -97, 1678, -1293, -96, 0, 0, 0
L 1678, -1293, -96, 1670, -1296, -93, 0, 0, 0
L 1670, -1296, -93, 1663, -1303, -94, 0, 0, 0
L 1663, -1303, -94, 1654, -1313, -94, 0, 0, 0
L 1654, -1313, -94, 1650, -1318, -93, 0, 0, 0
L 1650, -1318, -93, 1647, -1322, -91, 0, 0, 0
L 1647, -1322, -91, 1637, -1344, -93, 0, 0, 0
L 1585, -1107, -63, 1591, -1104, -64, 0, 0, 0
L 1591, -1104, -64, 1609, -1104, -61, 0, 0, 0
L 1609, -1104, -61, 1628, -1104, -63, 0, 0, 0
L 1628, -1104, -63, 1656, -1098, -74, 0, 0, 0
L 1656, -1098, -74, 1701, -1099, -84, 0, 0, 0
L 1701, -1099, -84, 1730, -1098, -90, 0, 0, 0
L 1730, -1098, -90, 1763, -1102, -98, 0, 0, 0
L 1763, -1102, -98, 1788, -1113, -96, 0, 0, 0
L 1788, -1113, -96, 1790, -1113, -95, 0, 0, 0
L 1790, -1113, -95, 1812, -1126, -94, 0, 0, 0
L 1812, -1126, -94, 1828, -1146, -94, 0, 0, 0
L 1828, -1146, -94, 1838, -1174, -98, 0, 0, 0
L 1838, -1174, -98, 1845, -1210, -94, 0, 0, 0
L 1845, -1210, -94, 1837, -1243, -98, 0, 0, 0
L 1837, -1243, -98, 1822, -1274, -94, 0, 0, 0
L 1822, -1274, -94, 1803, -1295, -94, 0, 0, 0
L 1803, -1295, -94, 1777, -1306, -96, 0, 0, 0
L 1777, -1306, -96, 1744, -1314, -97, 0, 0, 0
L 1744, -1314, -97, 1725, -1320, -93, 0, 0, 0
L 1725, -1320, -93, 1705, -1322, -95, 0, 0, 0
L 1705, -1322, -95, 1690, -1326, -95, 0, 0, 0
L 1690, -1326, -95, 1680, -1343, -93, 0, 0, 0
L 1680, -1343, -93, 1678, -1349, -95, 0, 0, 0
L 1677, -1349, -96, 1675, -1355, -92, 0, 0, 0
L 1777, -514, -101, 1782, -514, -101, 0, 0, 0
L 1782, -514, -101, 1783, -583, -102, 240, 0, 140
L 1783, -583, -102, 1779, -584, -102, 0, 0, 0
L -45, -77, 5, -44, -66, 3, 0, 0, 0
L -44, -66, 3, -43, -58, 2, 0, 0, 0
L -43, -58, 2, -43, -56, 4, 0, 0, 0
L -43, -56, 4, -42, -54, 7, 0, 0, 0
L -29, -76, -33, 58, -77, -37, 240, 0, 140
L -950, -1286, -71, -907, -1286, -69, 240, 0, 140
L -907, -1286, -69, -920, -1314, -66, 0, 0, 0
L -920, -1314, -66, -933, -1331, -65, 0, 0, 0
L -933, -1331, -65, -947, -1341, -66, 0, 0, 0
L -947, -1341, -66, -963, -1348, -66, 0, 0, 0
L -963, -1348, -66, -1000, -1356, -68, 0, 0, 0
L -1000, -1356, -68, -1031, -1363, -68, 0, 0, 0
L -1031, -1363, -68, -1050, -1370, -67, 0, 0, 0
L -1050, -1370, -67, -1057, -1376, -68, 0, 0, 0
L -1057, -1376, -68, -1066, -1390, -68, 0, 0, 0
L -1066, -1390, -68, -1073, -1406, -69, 0, 0, 0
L -1073, -1406, -69, -1078, -1429, -68, 0, 0, 0
L -1078, -1429, -68, -1074, -1450, -68, 0, 0, 0
L -1074, -1450, -68, -1066, -1471, -68, 0, 0, 0
L -1066, -1471, -68, -1058, -1480, -68, 0, 0, 0
L -1058, -1480, -68, -1029, -1495, -69, 0, 0, 0
L -1029, -1495, -69, -1011, -1498, -68, 0, 0, 0
L -1011, -1498, -68, -1006, -1499, -68, 0, 0, 0
L -1006, -1499, -68, -994, -1495, -68, 0, 0, 0
L -994, -1495, -68, -983, -1494, -66, 0, 0, 0
L -983, -1494, -66, -970, -1494, -62, 0, 0, 0
L -970, -1494, -62, -957, -1495, -60, 0, 0, 0
L -957, -1495, -60, -948, -1497, -60, 0, 0, 0
L -948, -1497, -60, -931, -1500, -57, 0, 0, 0
L -931, -1500, -57, -917, -1499, -57, 0, 0, 0
L -917, -1499, -57, -914, -1497, -57, 0, 0, 0
L -922, -1530, -57, -932, -1530, -56, 0, 0, 0
L -932, -1530, -56, -945, -1533, -57, 0, 0, 0
L -945, -1533, -57, -957, -1533, -55, 0, 0, 0
L -957, -1533, -55, -962, -1532, -55, 0, 0, 0
L -962, -1532, -55, -980, -1535, -54, 0, 0, 0
L -980, -1535, -54, -997, -1536, -58, 0, 0, 0
L -997, -1536, -58, -1021, -1536, -62, 0, 0, 0
L -1021, -1536, -62, -1049, -1528, -66, 0, 0, 0
L -1049, -1528, -66, -1082, -1510, -66, 0, 0, 0
L -1082, -1510, -66, -1100, -1489, -69, 0, 0, 0
L -1100, -1489, -69, -1112, -1453, -70, 0, 0, 0
L -1112, -1453, -70, -1117, -1426, -70, 0, 0, 0
L -1117, -1426, -70, -1108, -1390, -70, 0, 0, 0
L -1108, -1390, -70, -1097, -1368, -69, 0, 0, 0
L -1097, -1368, -69, -1074, -1340, -69, 0, 0, 0
L -1074, -1340, -69, -1054, -1330, -71, 0, 0, 0
L -1054, -1330, -71, -1035, -1324, -70, 0, 0, 0
L -1035, -1324, -70, -1006, -1319, -70, 0, 0, 0
L -1006, -1319, -70, -985, -1314, -68, 0, 0, 0
L -985, -1314, -68, -966, -1308, -70, 0, 0, 0
L -966, -1308, -70, -956, -1298, -68, 0, 0, 0
L -956, -1298, -68, -950, -1286, -70, 0, 0, 0
