L -367, 216, 11, -392, 217, 11, 127, 127, 127
L -366, 243, 11, -367, 216, 11, 127, 127, 127
L -339, 237, 5, -333, 243, 1, 127, 127, 127
L -342, 237, 7, -339, 237, 5, 127, 127, 127
L -387, 189, 5, -393, 182, 1, 127, 127, 127
L -392, 198, 11, -392, 197, 11, 0, 0, 0
L -391, 195, 11, -392, 198, 11, 127, 127, 127
L -386, 192, 7, -391, 195, 11, 127, 127, 127
L -387, 189, 5, -386, 192, 7, 127, 127, 127
L -345, 196, 10, -347, 194, 9, 127, 127, 127
L -338, 198, 5, -333, 192, 3, 127, 127, 127
L -345, 196, 9, -342, 198, 7, 127, 127, 127
L -346, 195, 9, -348, 192, 7, 127, 127, 127
L -345, 186, 3, -348, 188, 5, 127, 127, 127
L -348, 192, 7, -348, 188, 5, 127, 127, 127
L -345, 186, 3, -342, 183, 3, 127, 127, 127
L -342, 198, 7, -338, 198, 5, 127, 127, 127
L -251, 258, 23, -330, 258, 1, 0, 127, 0
L -251, 195, 23, -330, 195, 1, 0, 127, 0
L -251, 258, 23, -251, 195, 23, 0, 127, 0
L 90, 112, -31, 72, 112, -31, 127, 64, 0
L 72, 112, -31, 72, 106, -30, 127, 64, 0
L 72, 132, -26, 90, 132, -26, 127, 64, 0
L 90, 150, -11, 72, 150, -11, 127, 64, 0
L -1068, -333, 77, -1041, -300, 77, 0, 0, 0
L -1091, -333, 77, -1068, -333, 77, 0, 0, 0
L -1118, -300, 77, -1091, -333, 77, 0, 0, 0
L -1118, -279, 77, -1118, -300, 77, 0, 0, 0
L -1163, -279, 77, -1118, -279, 77, 0, 0, 0
L -1178, -267, 77, -1163, -279, 77, 0, 0, 0
L -1178, -246, 77, -1178, -267, 77, 0, 0, 0
L -1163, -231, 77, -1178, -246, 77, 0, 0, 0
L -1134, -231, 77, -1163, -231, 77, 0, 0, 0
L -1092, -237, 77, -1134, -231, 77, 0, 0, 0
L -1068, -237, 77, -1092, -237, 77, 0, 0, 0
L -1106, -665, 77, -1085, -680, 77, 0, 0, 0
L 201, -555, 1, 138, -555, 1, 127, 64, 0
L 201, -565, 5, 201, -545, 1, 0, 0, 0
L 155, -565, 5, 201, -565, 5, 0, 0, 0
L 143, -558, 5, 155, -565, 5, 0, 0, 0
L 138, -555, 1, 143, -558, 5, 0, 0, 0
L 138, -502, 1, 138, -555, 1, 0, 0, 0
L 138, -502, 1, 201, -502, 1, 127, 64, 0
L 153, -491, 5, 138, -502, 1, 0, 0, 0
L 201, -491, 5, 153, -491, 5, 0, 0, 0
L 201, -502, 1, 201, -491, 5, 0, 0, 0
L 201, -516, 1, 201, -502, 1, 0, 0, 0
L 212, -520, 1, 201, -516, 1, 0, 0, 0
L 214, -520, 1, 212, -520, 1, 0, 0, 0
L 214, -437, 1, 214, -520, 1, 0, 0, 0
L 246, -411, 1, 214, -437, 1, 0, 0, 0
L 246, -340, 1, 246, -411, 1, 0, 0, 0
L 244, -336, 1, 246, -340, 1, 0, 0, 0
L 220, -321, 1, 244, -336, 1, 0, 0, 0
L 220, -332, 1, 220, -321, 1, 0, 0, 0
L 193, -331, 1, 220, -332, 1, 0, 0, 0
L 193, -334, 1, 193, -331, 1, 0, 0, 0
L 213, -355, 1, 193, -334, 1, 0, 0, 0
L 213, -376, 1, 213, -355, 1, 0, 0, 0
L 200, -383, 1, 213, -376, 1, 0, 0, 0
L 180, -383, 1, 200, -383, 1, 0, 0, 0
L 182, -380, 1, 180, -383, 1, 0, 0, 0
L 179, -377, 1, 182, -380, 1, 0, 0, 0
L 176, -382, 1, 179, -377, 1, 0, 0, 0
L 177, -383, 1, 176, -382, 1, 0, 0, 0
L 166, -375, 1, 177, -383, 1, 0, 0, 0
L 155, -383, 1, 166, -375, 1, 0, 0, 0
L 136, -383, 1, 155, -383, 1, 0, 0, 0
L 132, -381, 1, 136, -383, 1, 0, 0, 0
L 140, -377, 1, 132, -381, 1, 0, 0, 0
L 137, -371, 1, 140, -377, 1, 0, 0, 0
L 128, -376, 1, 137, -371, 1, 0, 0, 0
L 130, -380, 1, 128, -376, 1, 0, 0, 0
L 123, -376, 1, 130, -380, 1, 0, 0, 0
L 123, -355, 1, 123, -376, 1, 0, 0, 0
L 135, -334, 1, 123, -355, 1, 0, 0, 0
L 135, -332, 1, 135, -334, 1, 0, 0, 0
L 129, -332, 1, 135, -332, 1, 0, 0, 0
L 129, -321, 1, 129, -332, 1, 0, 0, 0
L 126, -320, 1, 129, -321, 1, 0, 0, 0
L 126, -332, 1, 126, -320, 1, 0, 0, 0
L 102, -378, 1, 126, -332, 1, 0, 0, 0
L 85, -434, 1, 102, -378, 1, 0, 0, 0
L 48, -468, 1, 85, -434, 1, 0, 0, 0
L -16, -468, 1, 48, -468, 1, 0, 0, 0
L -30, -486, 1, -16, -468, 1, 0, 0, 0
L -30, -499, 1, -30, -486, 1, 0, 0, 0
L -0, -501, 15, -30, -499, 1, 0, 0, 0
L 18, -506, 18, -0, -501, 15, 0, 0, 0
L 42, -553, 18, 18, -506, 18, 0, 0, 0
L 35, -617, 18, 42, -553, 18, 0, 0, 0
L 18, -659, 18, 35, -617, 18, 0, 0, 0
L -0, -692, 15, 18, -659, 18, 0, 0, 0
L -30, -704, 1, -0, -692, 15, 0, 0, 0
L -117, -704, 16, -30, -704, 1, 0, 0, 0
L -146, -686, 26, -117, -704, 16, 0, 0, 0
L -198, -686, 41, -146, -686, 26, 0, 0, 0
L -257, -745, 56, -198, -686, 41, 0, 0, 0
L -615, -551, 1, -615, -520, 1, 0, 127, 0
L -659, -551, 1, -615, -551, 1, 0, 127, 0
L -671, -551, 1, -658, -551, 1, 0, 0, 0
L -801, -374, -65, -766, -331, -66, 0, 0, 0
L -801, -449, -42, -801, -374, -65, 0, 0, 0
L -766, -480, -41, -801, -449, -42, 0, 0, 0
L -662, -486, 1, -766, -480, -41, 0, 0, 0
L -659, -519, 1, -662, -486, 1, 0, 0, 0
L -670, -519, 1, -659, -519, 1, 0, 0, 0
L -704, -538, 1, -670, -519, 1, 0, 0, 0
L -741, -568, 1, -704, -538, 1, 0, 0, 0
L -741, -602, 1, -741, -568, 1, 0, 0, 0
L -782, -645, 1, -741, -602, 1, 0, 0, 0
L -791, -645, 1, -781, -645, 1, 0, 0, 0
L -742, -728, 1, -740, -730, 1, 0, 0, 0
L -742, -722, 1, -742, -728, 1, 0, 0, 0
L -742, -721, 1, -783, -675, 1, 0, 0, 0
L -671, -644, 1, -671, -676, 1, 0, 0, 0
L -704, -601, 1, -671, -644, 1, 0, 0, 0
L -704, -568, 1, -704, -601, 1, 0, 0, 0
L -671, -552, 1, -704, -568, 1, 0, 0, 0
L -633, -602, 15, -671, -552, 1, 0, 0, 0
L -615, -602, 15, -633, -602, 15, 0, 0, 0
L -545, -684, 29, -615, -602, 15, 0, 0, 0
L -524, -726, 47, -545, -684, 29, 0, 0, 0
L -468, -785, 47, -524, -726, 47, 0, 0, 0
L -302, -784, 47, -468, -785, 47, 0, 0, 0
L -258, -746, 56, -302, -784, 47, 0, 0, 0
L -363, -726, 47, -255, -660, 57, 0, 0, 0
L -417, -684, 29, -363, -726, 47, 0, 0, 0
L -432, -603, 16, -417, -684, 29, 0, 0, 0
L -432, -519, 1, -432, -603, 16, 0, 0, 0
L -444, -486, 1, -432, -519, 1, 0, 0, 0
L -444, -442, 1, -444, -486, 1, 0, 0, 0
L -423, -320, 31, -444, -442, 1, 0, 0, 0
L -357, -258, 57, -423, -320, 31, 0, 0, 0
L -503, -123, 9, -503, -159, 30, 0, 0, 0
L -488, -78, 1, -503, -123, 9, 0, 0, 0
L -437, -33, 1, -488, -78, 1, 0, 0, 0
L -437, 18, 1, -437, -33, 1, 0, 0, 0
L -420, 60, 1, -437, 18, 1, 0, 0, 0
L -395, 105, 17, -420, 60, 1, 0, 0, 0
L -395, 141, 1, -395, 105, 17, 0, 0, 0
L -424, 171, 1, -395, 141, 1, 0, 0, 0
L -424, 186, 1, -424, 171, 1, 0, 0, 0
L -400, -232, 57, -395, -232, 57, 127, 127, 127
L -401, -245, 57, -400, -232, 57, 127, 127, 127
L -361, -249, 57, -401, -245, 57, 127, 127, 127
L -361, -245, 57, -361, -249, 57, 127, 127, 127
L -398, -220, 57, -394, -220, 57, 127, 127, 127
L -397, -207, 57, -398, -220, 57, 127, 127, 127
L -358, -212, 57, -397, -207, 57, 127, 127, 127
L -361, -245, 57, -358, -212, 57, 127, 127, 127
L -393, -212, 57, -394, -220, 57, 127, 127, 127
L -396, -241, 57, -395, -232, 57, 127, 127, 127
L -365, -245, 57, -396, -241, 57, 127, 127, 127
L -362, -215, 57, -365, -245, 57, 127, 127, 127
L -393, -212, 57, -362, -215, 57, 127, 127, 127
L -424, 218, 15, -427, 217, 16, 127, 127, 127
L -424, 215, 14, -424, 218, 15, 127, 127, 127
L -452, 217, 31, -426, 217, 15, 127, 127, 127
L -425, 238, 15, -452, 238, 31, 127, 127, 127
L -402, 216, 14, -425, 238, 15, 127, 127, 127
L -402, 194, 5, -402, 216, 14, 127, 127, 127
L -424, 216, 14, -424, 188, 3, 127, 127, 127
L -402, 194, 5, -424, 194, 5, 127, 127, 127
L -402, 194, 5, -402, 187, 3, 127, 127, 127
L -402, 188, 3, -402, 186, 1, 127, 127, 127
L -424, 189, 3, -402, 189, 3, 127, 127, 127
L -424, 189, 3, -424, 186, 3, 127, 127, 127
L -402, 186, 1, -424, 186, 1, 127, 127, 127
L -401, 188, 1, -402, 186, 1, 127, 127, 127
L -396, 183, 1, -401, 188, 1, 127, 127, 127
L -338, 183, 1, -396, 183, 1, 127, 127, 127
L -333, 189, 1, -338, 183, 1, 127, 127, 127
L -333, 192, 1, -333, 189, 1, 127, 127, 127
L -330, 195, 1, -333, 192, 1, 127, 127, 127
L -330, 243, 1, -330, 195, 1, 127, 127, 127
L -333, 243, 1, -330, 243, 1, 127, 127, 127
L -333, 246, 1, -333, 243, 1, 127, 127, 127
L -339, 252, 1, -333, 246, 1, 127, 127, 127
L -338, 275, 1, -339, 252, 1, 127, 127, 127
L -330, 293, 1, -339, 275, 1, 127, 127, 127
L -251, 283, 24, -330, 293, 1, 127, 127, 127
L -187, 296, 37, -251, 283, 24, 0, 0, 0
L -86, 251, 1, -187, 296, 37, 0, 0, 0
L -36, 273, 1, -86, 251, 1, 0, 0, 0
L -18, 303, 1, -36, 273, 1, 0, 0, 0
L -18, 371, 1, -18, 303, 1, 0, 0, 0
L -18, 371, 1, 10, 371, 1, 0, 0, 0
L 22, 234, 1, 17, 232, 1, 125, 125, 125
L 12, 266, 1, 22, 234, 1, 125, 125, 125
L 3, 264, 1, 2, 263, 1, 125, 125, 125
L 3, 264, 1, 12, 266, 1, 125, 125, 125
L 1, 263, 1, 3, 264, 1, 125, 125, 125
L 2, 259, 1, 1, 263, 1, 125, 125, 125
L 10, 262, 1, 2, 259, 1, 125, 125, 125
L 10, 262, 1, 10, 260, 1, 125, 125, 125
L -8, 257, 1, -9, 260, 1, 125, 125, 125
L -8, 258, 1, -7, 256, 1, 125, 125, 125
L -8, 224, 1, -9, 227, 1, 125, 125, 125
L 21, 234, 1, -8, 224, 1, 125, 125, 125
L -19, 256, 1, -9, 226, 1, 125, 125, 125
L -9, 260, 1, -19, 256, 1, 125, 125, 125
L 18, 236, 1, 10, 261, 1, 125, 125, 125
L -6, 229, 1, 18, 236, 1, 125, 125, 125
L -15, 254, 1, -6, 229, 1, 125, 125, 125
L -7, 256, 1, -15, 254, 1, 125, 125, 125
L -15, 254, 1, -6, 229, 1, 125, 125, 125
L -357, -205, 57, -357, -258, 57, 0, 0, 0
L -330, -159, 30, -357, -205, 57, 0, 0, 0
L -345, -124, 10, -330, -159, 30, 0, 0, 0
L -345, -79, 1, -345, -124, 10, 0, 0, 0
L -354, -34, 1, -345, -79, 1, 0, 0, 0
L -354, 18, 1, -354, -34, 1, 0, 0, 0
L -345, 61, 1, -354, 18, 1, 0, 0, 0
L -345, 102, 12, -345, 61, 1, 0, 0, 0
L -330, 141, 1, -345, 102, 12, 0, 0, 0
L -252, 195, 24, -330, 141, 1, 0, 0, 0
L -189, 209, 36, -252, 195, 24, 0, 0, 0
L -87, 200, 1, -189, 209, 36, 0, 0, 0
L -23, 220, 1, -87, 200, 1, 0, 0, 0
L 19, 220, 1, -24, 220, 1, 0, 0, 0
L 41, 273, 1, 19, 220, 1, 0, 0, 0
L 18, 302, 1, 41, 273, 1, 0, 0, 0
L 18, 330, 1, 18, 302, 1, 0, 0, 0
L 120, 330, 1, 18, 330, 1, 0, 0, 0
L 78, 371, 1, 78, 372, 1, 0, 0, 0
L 78, 371, 1, -18, 371, 1, 0, 0, 0
L 120, 371, 1, 120, 330, 1, 0, 0, 0
L -339, 275, 5, -366, 275, 15, 127, 127, 127
L -340, 275, 5, -338, 275, 1, 127, 127, 127
L -366, 275, 15, -366, 300, 30, 127, 127, 127
L -366, 300, 30, -375, 322, 33, 127, 127, 127
L -375, 322, 33, -375, 343, 35, 127, 127, 127
L -375, 322, 33, -398, 322, 33, 100, 50, 0
L -398, 343, 35, -398, 322, 35, 100, 50, 0
L -398, 322, 33, -388, 301, 33, 127, 127, 127
L -388, 301, 33, -388, 275, 15, 127, 127, 127
L -388, 275, 15, -366, 252, 14, 127, 127, 127
L -366, 252, 14, -338, 252, 1, 127, 127, 127
L -365, 274, 14, -365, 252, 14, 100, 50, 0
L -366, 301, 30, -388, 301, 30, 100, 50, 0
L -398, 322, 33, -415, 332, 38, 127, 127, 127
L -416, 332, 41, -437, 332, 41, 127, 127, 127
L -416, 332, 41, -415, 332, 38, 127, 127, 127
L -415, 332, 38, -415, 353, 38, 100, 50, 0
L -415, 353, 38, -398, 343, 35, 127, 127, 127
L -398, 343, 35, -375, 343, 35, 127, 127, 127
L -375, 343, 35, -375, 322, 33, 127, 127, 127
L -445, 327, 41, -445, 360, 41, 100, 50, 0
L -445, 360, 41, -436, 354, 41, 127, 127, 127
L -436, 354, 41, -416, 353, 40, 127, 127, 127
L -437, 331, 41, -445, 327, 41, 127, 127, 127
L -436, 332, 41, -438, 331, 41, 127, 127, 127
L -452, 237, 31, -452, 217, 31, 100, 50, 0
L -476, 232, 33, -476, 250, 33, 100, 50, 0
L -497, 251, 35, -476, 250, 33, 100, 50, 0
L -504, 269, 38, -484, 269, 38, 100, 50, 0
L -484, 269, 38, -484, 268, 38, 100, 50, 0
L -479, 290, 41, -511, 290, 41, 100, 50, 0
L -446, 326, 43, -480, 289, 41, 100, 50, 0
L -446, 326, 43, -444, 327, 41, 100, 50, 0
L -425, 301, 45, -453, 269, 45, 100, 50, 0
L -445, 269, 47, -422, 296, 47, 100, 50, 0
L -419, 291, 49, -440, 266, 49, 100, 50, 0
L -414, 280, 53, -429, 263, 53, 100, 50, 0
L -433, 265, 51, -416, 284, 51, 100, 50, 0
L -414, 263, 55, -415, 280, 53, 0, 0, 0
L -414, 280, 53, -419, 291, 49, 127, 127, 127
L -419, 291, 49, -426, 301, 45, 127, 127, 127
L -426, 301, 45, -446, 326, 43, 127, 127, 127
L -436, 332, 41, -437, 332, 41, 127, 127, 127
L -452, 238, 31, -476, 250, 33, 127, 127, 127
L -476, 250, 33, -477, 251, 38, 127, 127, 127
L -477, 251, 38, -484, 269, 38, 127, 127, 127
L -484, 269, 38, -479, 290, 41, 127, 127, 127
L -479, 290, 41, -479, 289, 41, 127, 127, 127
L -452, 217, 31, -476, 232, 33, 127, 127, 127
L -476, 232, 33, -497, 232, 35, 127, 127, 127
L -497, 232, 35, -497, 251, 35, 127, 127, 127
L -497, 251, 35, -504, 269, 38, 127, 127, 127
L -504, 269, 38, -511, 290, 41, 127, 127, 127
L -511, 290, 41, -511, 326, 43, 127, 127, 127
L -511, 326, 43, -484, 360, 43, 127, 127, 127
L -484, 360, 43, -446, 360, 43, 127, 127, 127
L -446, 360, 43, -436, 354, 41, 127, 127, 127
L -479, 290, 43, -453, 269, 45, 127, 127, 127
L -453, 269, 45, -445, 269, 47, 127, 127, 127
L -445, 269, 47, -440, 266, 49, 127, 127, 127
L -440, 266, 49, -433, 265, 51, 127, 127, 127
L -433, 265, 51, -429, 263, 53, 127, 127, 127
L -429, 263, 53, -414, 249, 57, 127, 127, 127
L -414, 263, 56, -397, 263, 57, 0, 0, 0
L -397, 263, 57, -414, 280, 53, 127, 127, 127
L -406, 255, 60, -406, 239, 60, 36, 36, 53
L -406, 239, 60, -414, 249, 57, 127, 127, 127
L -388, 255, 60, -407, 255, 60, 49, 56, 56
L -397, 263, 57, -388, 255, 60, 127, 127, 127
L -388, 255, 60, -375, 243, 62, 127, 127, 127
L -375, 243, 62, -392, 243, 62, 49, 56, 56
L -393, 225, 62, -391, 243, 62, 49, 56, 56
L -406, 239, 60, -393, 225, 62, 127, 127, 127
L -387, 192, 64, -392, 198, 64, 127, 127, 127
L -392, 198, 64, -393, 225, 62, 127, 127, 127
L -366, 217, 64, -367, 221, 64, 127, 127, 127
L -367, 221, 64, -371, 221, 64, 127, 127, 127
L -371, 221, 64, -371, 217, 64, 127, 127, 127
L -371, 217, 64, -367, 217, 64, 127, 127, 127
L -342, 237, 64, -342, 198, 64, 127, 127, 127
L -348, 192, 64, -387, 192, 64, 127, 127, 127
L -375, 243, 63, -348, 243, 64, 127, 127, 127
L -348, 243, 64, -342, 237, 64, 127, 127, 127
L -414, 263, 55, -429, 263, 53, 49, 56, 56
L -414, 249, 57, -414, 263, 55, 49, 56, 56
L -503, -159, 30, -524, -201, 56, 0, 0, 0
L -524, -201, 56, -546, -258, 56, 0, 0, 0
L -546, -258, 56, -614, -321, 31, 0, 0, 0
L -485, -466, 1, -456, -455, 1, 127, 127, 127
L -456, -455, 1, -466, -427, 1, 127, 127, 127
L -466, -427, 1, -496, -438, 1, 127, 127, 127
L -496, -438, 1, -493, -446, 1, 127, 127, 127
L -493, -446, 1, -497, -448, 1, 127, 127, 127
L -497, -448, 1, -501, -436, 1, 127, 127, 127
L -501, -436, 1, -464, -422, 1, 127, 127, 127
L -464, -422, 1, -451, -457, 1, 127, 127, 127
L -451, -457, 1, -489, -472, 1, 127, 127, 127
L -489, -472, 1, -493, -459, 1, 127, 127, 127
L -493, -459, 1, -488, -458, 1, 127, 127, 127
L -488, -458, 1, -485, -466, 1, 127, 127, 127
L -516, -518, 2, -494, -533, 3, 127, 127, 127
L -494, -533, 3, -472, -499, 1, 127, 127, 127
L -472, -499, 1, -497, -482, 1, 127, 127, 127
L -497, -482, 1, -502, -490, 1, 127, 127, 127
L -502, -490, 1, -506, -487, 1, 127, 127, 127
L -506, -487, 1, -499, -476, 1, 127, 127, 127
L -499, -476, 1, -465, -498, 1, 127, 127, 127
L -465, -498, 1, -490, -536, 4, 127, 127, 127
L -490, -536, 4, -490, -537, 4, 127, 127, 127
L -490, -537, 4, -493, -539, 4, 127, 127, 127
L -493, -539, 4, -526, -516, 1, 127, 127, 127
L -526, -516, 1, -513, -498, 1, 127, 127, 127
L -513, -498, 1, -509, -500, 1, 127, 127, 127
L -509, -500, 1, -516, -511, 1, 127, 127, 127
L -517, -517, 1, -513, -520, 1, 127, 127, 127
L -513, -520, 1, -509, -519, 1, 127, 127, 127
L -509, -519, 1, -507, -513, 1, 127, 127, 127
L -507, -513, 1, -510, -508, 1, 127, 127, 127
L -510, -508, 1, -516, -511, 1, 127, 127, 127
L -614, -321, 31, -633, -321, 30, 0, 0, 0
L -633, -321, 30, -660, -369, 1, 0, 0, 0
L -615, -369, 1, -671, -369, 1, 0, 0, 0
L -670, -369, 1, -705, -360, 1, 0, 0, 0
L -705, -360, 1, -705, -315, 1, 0, 0, 0
L -705, -315, 1, -663, -285, 1, 0, 0, 0
L -663, -285, 1, -663, -249, 1, 0, 0, 0
L -663, -249, 1, -693, -210, 1, 0, 0, 0
L -693, -210, 1, -693, -203, 1, 0, 0, 0
L -693, -203, 1, -683, -177, 1, 0, 0, 0
L -683, -177, 1, -640, -128, 1, 0, 0, 0
L -640, -128, 1, -639, -9, 1, 0, 0, 0
L -662, -440, 1, -659, -402, 1, 0, 0, 0
L -659, -402, 1, -666, -401, 1, 0, 0, 0
L -666, -401, 1, -671, -401, 1, 0, 0, 0
L -671, -401, 1, -705, -387, 1, 0, 0, 0
L -705, -387, 1, -733, -361, 1, 0, 0, 0
L -733, -361, 1, -734, -315, 1, 0, 0, 0
L -734, -315, 1, -770, -285, 1, 0, 0, 0
L -770, -285, 1, -779, -285, 1, 0, 0, 0
L -779, -285, 1, -779, -249, 1, 0, 0, 0
L -779, -249, 1, -771, -249, 1, 0, 0, 0
L -771, -249, 1, -735, -210, 1, 0, 0, 0
L -735, -210, 1, -734, -203, 1, 0, 0, 0
L -734, -203, 1, -723, -177, 1, 0, 0, 0
L -723, -177, 1, -683, -128, 1, 0, 0, 0
L -683, -128, 1, -682, -35, 1, 0, 0, 0
L -779, -35, 1, -732, 14, 1, 0, 0, 0
L -732, 14, 1, -683, 14, 1, 0, 0, 0
L -683, 14, 1, -639, -9, 1, 0, 0, 0
L -639, -9, 1, -639, -11, 1, 0, 0, 0
L -682, -34, 1, -733, -35, 1, 0, 0, 0
L -733, -35, 1, -779, -35, 1, 127, 64, 0
L -733, -35, 1, -733, -116, 27, 0, 0, 0
L -733, -116, 27, -779, -116, 27, 127, 64, 0
L -779, -35, 1, -779, -116, 27, 0, 0, 0
L -779, -163, 29, -779, -115, 26, 127, 64, 0
L -779, -163, 29, -733, -116, 27, 0, 0, 0
L -811, -116, 33, -780, -116, 33, 0, 0, 0
L -779, -116, 29, -787, -116, 33, 0, 0, 0
L -811, -164, 33, -779, -163, 32, 0, 0, 0
L -811, -164, 33, -811, -116, 33, 127, 64, 0
L -812, -163, 36, -850, -220, 36, 0, 0, 0
L -850, -220, 36, -850, -227, 36, 0, 0, 0
L -850, -227, 36, -766, -332, 36, 0, 0, 0
L -811, -116, 33, -864, -63, 36, 0, 0, 0
L -864, -63, 36, -864, -56, 36, 0, 0, 0
L -864, -56, 36, -886, -56, 36, 0, 0, 0
L -886, -56, 36, -887, -61, 36, 0, 0, 0
L -887, -61, 36, -889, -62, 36, 0, 0, 0
L -889, -62, 36, -891, -61, 36, 0, 0, 0
L -891, -61, 36, -892, -62, 36, 0, 0, 0
L -892, -62, 36, -939, -117, 36, 0, 0, 0
L -939, -117, 36, -939, -164, 36, 0, 0, 0
L -939, -164, 36, -897, -220, 36, 0, 0, 0
L -897, -220, 36, -897, -228, 36, 0, 0, 0
L -897, -228, 36, -839, -332, 36, 0, 0, 0
L -839, -332, 36, -813, -367, 36, 0, 0, 0
L -813, -367, 36, -765, -418, 36, 0, 0, 0
L -765, -418, 36, -728, -432, 36, 0, 0, 0
L -728, -432, 36, -728, -402, 36, 127, 64, 0
L -728, -402, 36, -766, -368, 36, 0, 0, 0
L -766, -368, 36, -766, -332, 36, 0, 0, 0
L -767, -331, 36, -766, -334, 36, 0, 0, 0
L -728, -432, 36, -691, -440, 37, 0, 0, 0
L -691, -440, 37, -681, -440, 37, 0, 0, 0
L -681, -440, 37, -680, -486, 37, 0, 0, 0
L -678, -551, 37, -660, -551, 37, 0, 0, 0
L -660, -551, 37, -660, -519, 37, 0, 0, 0
L -660, -519, 37, -663, -486, 37, 0, 0, 0
L -663, -486, 37, -663, -442, 37, 0, 0, 0
L -663, -442, 37, -660, -401, 37, 0, 0, 0
L -660, -401, 37, -660, -369, 37, 0, 0, 0
L -680, -369, 37, -660, -369, 37, 0, 0, 0
L -680, -369, 37, -680, -402, 37, 0, 0, 0
L -680, -402, 37, -728, -402, 36, 0, 0, 0
L -680, -486, 37, -692, -486, 37, 0, 0, 0
L -692, -486, 37, -728, -493, 37, 0, 0, 0
L -728, -493, 37, -764, -492, 36, 0, 0, 0
L -764, -492, 36, -821, -541, 36, 0, 0, 0
L -821, -541, 36, -821, -581, 36, 0, 0, 0
L -821, -581, 36, -861, -629, 36, 0, 0, 0
L -861, -629, 36, -862, -683, 36, 0, 0, 0
L -862, -683, 36, -894, -749, 36, 0, 0, 0
L -894, -749, 36, -966, -734, 76, 0, 0, 0
L -966, -734, 76, -1020, -731, 77, 0, 0, 0
L -1020, -731, 77, -1014, -713, 77, 0, 0, 0
L -1014, -713, 77, -977, -677, 77, 0, 0, 0
L -977, -677, 77, -960, -663, 77, 0, 0, 0
L -960, -663, 77, -960, -636, 77, 0, 0, 0
L -960, -636, 77, -975, -623, 77, 0, 0, 0
L -975, -623, 77, -1011, -623, 77, 0, 0, 0
L -1011, -623, 77, -1025, -636, 77, 0, 0, 0
L -1025, -636, 77, -1041, -636, 77, 0, 0, 0
L -1041, -636, 77, -1041, -621, 77, 0, 0, 0
L -1041, -621, 77, -1035, -620, 77, 0, 0, 0
L -1035, -620, 77, -962, -602, 77, 0, 0, 0
L -962, -602, 77, -885, -579, 77, 0, 0, 0
L -885, -579, 77, -864, -537, 77, 0, 0, 0
L -895, -787, 36, -966, -796, 76, 0, 0, 0
L -966, -796, 76, -1019, -761, 77, 0, 0, 0
L -1019, -761, 77, -1049, -732, 77, 0, 0, 0
L -1049, -732, 77, -1049, -705, 77, 0, 0, 0
L -1049, -705, 77, -1013, -678, 77, 0, 0, 0
L -1013, -678, 77, -1025, -662, 77, 0, 0, 0
L -1025, -662, 77, -1041, -680, 77, 0, 0, 0
L -1041, -680, 77, -1085, -680, 77, 0, 0, 0
L -1106, -665, 77, -1100, -666, 77, 0, 0, 0
L -1100, -666, 77, -1096, -662, 77, 0, 0, 0
L -1096, -662, 77, -1098, -656, 77, 0, 0, 0
L -1098, -656, 77, -1102, -653, 77, 0, 0, 0
L -1102, -653, 77, -1106, -655, 77, 0, 0, 0
L -1106, -655, 77, -1109, -662, 77, 0, 0, 0
L -1109, -662, 77, -1109, -621, 77, 0, 0, 0
L -1109, -621, 77, -1085, -600, 77, 0, 0, 0
L -1085, -600, 77, -1035, -600, 77, 0, 0, 0
L -1035, -600, 77, -962, -576, 77, 0, 0, 0
L -962, -576, 77, -899, -561, 77, 0, 0, 0
L -899, -561, 77, -887, -537, 77, 0, 0, 0
L -887, -537, 77, -912, -528, 77, 0, 0, 0
L -912, -528, 77, -963, -539, 77, 0, 0, 0
L -864, -537, 77, -834, -527, 77, 0, 0, 0
L -834, -527, 77, -824, -502, 77, 0, 0, 0
L -824, -502, 77, -813, -482, 77, 0, 0, 0
L -895, -787, 36, -862, -839, 36, 0, 0, 0
L -862, -839, 36, -823, -839, 36, 0, 0, 0
L -823, -839, 36, -789, -787, 36, 0, 0, 0
L -789, -787, 36, -780, -787, 35, 0, 0, 0
L -780, -787, 35, -770, -801, 29, 0, 0, 0
L -770, -801, 29, -770, -855, 17, 0, 0, 0
L -770, -855, 17, -731, -908, 13, 0, 0, 0
L -731, -908, 13, -693, -908, 13, 0, 0, 0
L -693, -908, 13, -639, -853, 8, 0, 0, 0
L -639, -853, 8, -639, -795, 8, 0, 0, 0
L -639, -795, 8, -693, -758, 1, 0, 0, 0
L -693, -758, 1, -703, -730, 1, 0, 0, 0
L -703, -730, 1, -704, -722, 1, 0, 0, 0
L -704, -722, 1, -671, -676, 1, 0, 0, 0
L -770, -855, 16, -731, -855, 13, 127, 64, 0
L -692, -908, 11, -692, -855, 11, 127, 64, 0
L -640, -794, 5, -693, -794, 5, 127, 64, 0
L -693, -794, 5, -693, -758, 1, 127, 64, 0
L -692, -854, 8, -639, -854, 8, 127, 64, 0
L -731, -855, 13, -731, -908, 13, 127, 64, 0
L -732, -801, 29, -770, -801, 29, 127, 64, 0
L -732, -798, 29, -732, -855, 16, 0, 0, 0
L -732, -855, 16, -692, -855, 11, 0, 0, 0
L -692, -855, 11, -693, -794, 5, 0, 0, 0
L -693, -794, 5, -725, -758, 1, 0, 0, 0
L -725, -758, 1, -742, -728, 1, 0, 0, 0
L -255, -660, 57, -172, -564, 26, 0, 0, 0
L -172, -564, 26, -146, -552, 26, 0, 0, 0
L -146, -552, 26, -86, -499, 1, 0, 0, 0
L -86, -499, 1, -86, -486, 1, 0, 0, 0
L -86, -486, 1, -98, -469, 1, 0, 0, 0
L -98, -469, 1, -98, -434, 1, 0, 0, 0
L -98, -434, 1, -71, -414, 1, 0, 0, 0
L -71, -414, 1, -71, -409, 1, 0, 0, 0
L -71, -409, 1, -108, -408, 1, 0, 0, 0
L -108, -408, 1, -136, -378, 1, 0, 0, 0
L -136, -378, 1, -136, -350, 1, 0, 0, 0
L -136, -350, 1, -144, -342, -14, 0, 0, 0
L -144, -342, -14, -168, -342, -14, 0, 0, 0
L -186, -318, -14, -144, -318, -14, 0, 0, 0
L -168, -342, -14, -168, -319, -14, 127, 64, 0
L -144, -342, -14, -144, -318, -14, 127, 64, 0
L -144, -318, -14, -108, -316, 1, 0, 0, 0
L -108, -316, 1, -91, -316, 1, 0, 0, 0
L -91, -316, 1, -86, -295, 1, 0, 0, 0
L -86, -295, 1, -106, -296, 1, 0, 0, 0
L -106, -296, 1, -126, -276, 1, 0, 0, 0
L -126, -276, 1, -126, -252, 1, 0, 0, 0
L -126, -252, 1, -106, -230, 1, 0, 0, 0
L -106, -230, 1, -90, -230, 1, 0, 0, 0
L -50, -316, 1, -64, -316, 1, 0, 0, 0
L -64, -316, 1, -68, -296, 1, 0, 0, 0
L -68, -296, 1, -76, -276, 1, 0, 0, 0
L -76, -276, 1, -106, -276, 1, 0, 0, 0
L -106, -276, 1, -106, -252, 1, 0, 0, 0
L -106, -252, 1, -90, -252, 1, 0, 0, 0
L -90, -252, 1, -72, -230, 1, 0, 0, 0
L -50, -316, 1, -50, -350, 1, 127, 64, 0
L -50, -350, 1, -108, -350, 1, 0, 0, 0
L -108, -350, 1, -108, -378, 1, 0, 0, 0
L -108, -378, 1, -71, -378, 1, 0, 0, 0
L -71, -378, 1, -44, -409, 1, 0, 0, 0
L -44, -409, 1, -44, -414, 1, 0, 0, 0
L -44, -413, 1, -16, -434, 1, 0, 0, 0
L -16, -434, 1, 48, -434, 1, 0, 0, 0
L 48, -434, 1, 68, -379, 1, 0, 0, 0
L 68, -379, 1, 92, -332, 1, 0, 0, 0
L -186, -318, -14, -210, -342, 1, 127, 64, 0
L -156, -276, -26, -171, -300, -14, 0, 0, 0
L -171, -300, -14, -186, -317, 0, 0, 0, 0
L -186, -317, 0, -186, -318, -14, 0, 0, 0
L -168, -342, -14, -210, -342, 1, 0, 0, 0
L -210, -342, 1, -231, -350, 10, 0, 0, 0
L -231, -350, 10, -267, -392, 10, 0, 0, 0
L -267, -392, 10, -336, -393, 49, 0, 0, 0
L -336, -393, 49, -336, -435, 57, 0, 0, 0
L -336, -435, 57, -336, -465, 58, 0, 0, 0
L -336, -465, 58, -374, -482, 58, 0, 0, 0
L -374, -482, 58, -374, -435, 57, 127, 64, 0
L -374, -435, 57, -374, -393, 49, 0, 0, 0
L -374, -435, 57, -423, -402, 60, 0, 0, 0
L -423, -402, 60, -435, -402, 60, 0, 0, 0
L -435, -402, 60, -443, -441, 60, 0, 0, 0
L -443, -441, 60, -443, -485, 60, 0, 0, 0
L -443, -485, 60, -432, -518, 60, 0, 0, 0
L -432, -518, 60, -423, -512, 60, 0, 0, 0
L -423, -512, 60, -414, -509, 60, 0, 0, 0
L -414, -509, 60, -374, -482, 58, 0, 0, 0
L -374, -393, 49, -363, -351, 49, 0, 0, 0
L -363, -351, 49, -336, -351, 49, 0, 0, 0
L -336, -351, 49, -336, -393, 49, 127, 64, 0
L -336, -351, 49, -266, -351, 10, 0, 0, 0
L -266, -351, 10, -231, -312, 10, 0, 0, 0
L -231, -312, 10, -209, -318, 0, 0, 0, 0
L -209, -318, 0, -231, -299, -15, 0, 0, 0
L -231, -299, -15, -249, -276, -26, 0, 0, 0
L -249, -276, -26, -248, -249, -26, 0, 0, 0
L -248, -249, -26, -242, -234, -17, 0, 0, 0
L -242, -234, -17, -233, -222, -11, 0, 0, 0
L -233, -222, -11, -237, -212, -12, 0, 0, 0
L -237, -212, -12, -258, -213, -29, 0, 0, 0
L -238, -213, -29, -246, -204, -29, 127, 64, 0
L -246, -204, -29, -264, -192, -29, 127, 64, 0
L -255, -132, -29, -291, -132, -36, 0, 0, 0
L -291, -132, -36, -339, -102, -56, 0, 0, 0
L -339, -102, -56, -427, -102, -56, 0, 0, 0
L -427, -102, -56, -567, -102, -35, 0, 0, 0
L -567, -102, -35, -605, -155, -36, 0, 0, 0
L -605, -155, -36, -605, -299, -86, 0, 0, 0
L -605, -299, -86, -606, -331, -86, 0, 0, 0
L -606, -331, -86, -766, -332, -65, 0, 0, 0
L -662, -441, 1, -747, -445, -35, 0, 0, 0
L -747, -445, -35, -766, -449, -41, 0, 0, 0
L -766, -449, -41, -766, -412, -53, 0, 0, 0
L -766, -412, -53, -765, -373, -66, 0, 0, 0
L -765, -373, -66, -655, -373, -74, 0, 0, 0
L -655, -373, -74, -607, -373, -86, 0, 0, 0
L -607, -373, -86, -565, -331, -86, 0, 0, 0
L -565, -331, -86, -567, -297, -86, 0, 0, 0
L -567, -297, -86, -567, -153, -35, 0, 0, 0
L -567, -153, -35, -427, -153, -57, 0, 0, 0
L -427, -153, -57, -339, -144, -56, 0, 0, 0
L -339, -144, -56, -290, -160, -35, 0, 0, 0
L -290, -160, -35, -291, -192, -35, 0, 0, 0
L -291, -192, -35, -264, -192, -29, 127, 64, 0
L -291, -192, -35, -258, -213, -29, 0, 0, 0
L -258, -213, -29, -238, -213, -29, 0, 0, 0
L -238, -213, -29, -246, -204, -29, 0, 0, 0
L -255, -132, -29, -264, -158, -30, 127, 64, 0
L -264, -158, -30, -264, -177, -30, 127, 64, 0
L -264, -177, -30, -264, -192, -29, 127, 64, 0
L -255, -132, -29, -237, -120, 7, 0, 0, 0
L -237, -120, 7, -242, -105, 12, 0, 0, 0
L -242, -105, 12, -243, -87, 19, 0, 0, 0
L -243, -87, 19, -255, -66, 28, 0, 0, 0
L -255, -66, 28, -255, -42, 37, 0, 0, 0
L -255, -42, 37, -264, -18, 49, 0, 0, 0
L -288, -18, 60, -288, 12, 60, 127, 64, 0
L -288, 12, 60, -263, 11, 49, 0, 0, 0
L -263, 11, 49, -231, 3, 49, 0, 0, 0
L -288, 12, 60, -324, 12, 61, 0, 0, 0
L -324, 12, 61, -330, 18, 60, 0, 0, 0
L -330, 18, 60, -330, 140, 61, 0, 0, 0
L -330, 140, 61, -345, 105, 61, 0, 0, 0
L -345, 105, 61, -345, 61, 57, 0, 0, 0
L -345, 61, 57, -354, 19, 52, 0, 0, 0
L -354, 19, 52, -353, -33, 52, 0, 0, 0
L -353, -33, 52, -345, -78, 57, 0, 0, 0
L -345, -78, 57, -345, -123, 61, 0, 0, 0
L -345, -123, 61, -330, -157, 61, 0, 0, 0
L -330, -157, 61, -330, -121, 60, 0, 0, 0
L -330, -121, 60, -330, -33, 52, 0, 0, 0
L -330, -33, 52, -352, -33, 52, 0, 0, 0
L -330, -33, 52, -324, -24, 61, 0, 0, 0
L -324, -24, 61, -311, -23, 61, 0, 0, 0
L -311, -23, 61, -288, -18, 60, 0, 0, 0
L -288, -18, 60, -265, -18, 49, 0, 0, 0
L -264, -18, 49, -260, -27, 44, 0, 0, 0
L -232, 3, 49, -204, 18, 28, 0, 0, 0
L -204, 18, 28, -198, 18, 28, 0, 0, 0
L -198, 18, 28, -198, -18, 28, 0, 0, 0
L -198, -18, 28, -231, -18, 48, 0, 0, 0
L -231, -18, 48, -222, -42, 37, 0, 0, 0
L -222, -42, 37, -255, -42, 37, 127, 64, 0
L -222, -42, 37, -222, -66, 28, 0, 0, 0
L -222, -66, 28, -216, -88, 18, 0, 0, 0
L -216, -88, 18, -210, -106, 12, 0, 0, 0
L -210, -106, 12, -201, -121, 7, 0, 0, 0
L -201, -121, 7, -180, -132, 6, 0, 0, 0
L -180, -132, 6, -168, -159, -12, 0, 0, 0
L -168, -159, -12, -168, -177, -29, 0, 0, 0
L -168, -177, -29, -183, -192, -26, 0, 0, 0
L -183, -192, -26, -198, -204, -19, 0, 0, 0
L -198, -204, -19, -198, -213, -11, 0, 0, 0
L -198, -213, -11, -189, -222, -12, 0, 0, 0
L -189, -222, -12, -162, -234, -17, 0, 0, 0
L -162, -234, -17, -156, -249, -26, 0, 0, 0
L -156, -249, -26, -157, -276, -26, 0, 0, 0
L -50, -350, 1, -48, -342, 2, 0, 0, 0
L -48, -342, 2, -45, -343, 2, 0, 0, 0
L -45, -343, 2, -25, -376, 1, 0, 0, 0
L -25, -376, 1, -8, -421, 1, 0, 0, 0
L -8, -421, 1, -7, -405, 1, 127, 127, 127
L -7, -405, 1, 8, -406, 1, 127, 127, 127
L 8, -406, 1, 8, -421, 1, 127, 127, 127
L 8, -421, 1, 16, -412, 1, 0, 0, 0
L 16, -412, 1, 32, -408, 1, 0, 0, 0
L 32, -408, 1, 50, -388, 1, 0, 0, 0
L 50, -388, 1, 70, -349, 1, 0, 0, 0
L 70, -349, 1, 60, -360, 1, 127, 127, 127
L 60, -360, 1, 49, -366, 1, 127, 127, 127
L 49, -366, 1, 36, -366, 1, 127, 127, 127
L 36, -366, 1, 15, -376, 1, 127, 127, 127
L 15, -376, 1, -25, -376, 1, 127, 64, 0
L 50, -382, 1, 50, -366, 1, 127, 127, 127
L 50, -366, 1, 36, -366, 1, 127, 127, 127
L 36, -366, 1, 36, -382, 1, 127, 127, 127
L 44, -382, 1, 36, -382, 1, 127, 127, 127
L 44, -382, 1, 50, -382, 1, 127, 127, 127
L 48, -382, 1, 50, -382, 1, 127, 127, 127
L 16, -292, 1, 36, -301, 1, 127, 127, 127
L 36, -301, 1, 16, -292, 1, 0, 0, 0
L 16, -292, 1, 16, -376, 1, 127, 127, 127
L 24, -296, 5, 23, -373, 1, 127, 127, 127
L 32, -300, 9, 32, -368, 9, 127, 127, 127
L 36, -366, 11, 36, -301, 1, 127, 127, 127
L 28, -298, 7, 28, -370, 1, 127, 127, 127
L 36, -366, 11, 50, -366, 13, 127, 127, 127
L 50, -366, 13, 62, -358, 13, 127, 127, 127
L 62, -358, 13, 72, -346, 13, 127, 127, 127
L 72, -346, 13, 72, -322, 13, 0, 0, 0
L 71, -321, 13, 62, -310, 13, 127, 127, 127
L 62, -310, 13, 50, -302, 13, 127, 127, 127
L 50, -302, 13, 37, -302, 13, 127, 127, 127
L 72, -322, 13, 71, -320, 13, 127, 127, 127
L 70, -319, 1, 50, -279, 1, 0, 0, 0
L 50, -279, 1, 32, -258, 1, 0, 0, 0
L 32, -258, 1, 8, -245, 1, 0, 0, 0
L 8, -245, 1, -8, -244, 1, 127, 127, 127
L -8, -244, 1, -25, -292, 1, 0, 0, 0
L -25, -292, 1, 16, -291, 1, 127, 64, 0
L -25, -292, 1, -47, -323, 2, 0, 0, 0
L -47, -323, 2, -49, -323, 2, 0, 0, 0
L -49, -323, 2, -50, -316, 1, 0, 0, 0
L -8, -260, 1, 8, -260, 1, 127, 127, 127
L 8, -260, 1, 8, -244, 1, 127, 127, 127
L 8, -244, 1, -8, -244, 1, 0, 0, 0
L -8, -244, 1, -8, -260, 1, 127, 127, 127
L 16, -262, 1, 16, -278, 1, 127, 127, 127
L 16, -278, 1, 32, -278, 1, 127, 127, 127
L 32, -278, 1, 31, -262, 1, 127, 127, 127
L 31, -262, 1, 16, -262, 1, 127, 127, 127
L 37, -301, 1, 50, -301, 1, 127, 127, 127
L 50, -301, 1, 50, -284, 1, 127, 127, 127
L 36, -284, 1, 36, -301, 1, 127, 127, 127
L 50, -284, 1, 36, -284, 1, 127, 127, 127
L 16, -326, 2, -26, -326, 2, 127, 127, 127
L -45, -343, 2, -27, -340, 2, 127, 127, 127
L -27, -340, 2, 16, -340, 2, 127, 127, 127
L -46, -343, 2, -46, -323, 2, 127, 127, 127
L -26, -326, 2, -47, -323, 2, 127, 127, 127
L -8, -421, 1, 8, -421, 1, 0, 0, 0
L 16, -403, 1, 17, -388, 1, 127, 127, 127
L 17, -388, 1, 32, -388, 1, 127, 127, 127
L 32, -388, 1, 32, -404, 1, 127, 127, 127
L 32, -404, 1, 16, -403, 1, 127, 127, 127
L -90, -230, 0, -90, -201, -10, 0, 0, 0
L -90, -201, -10, -112, -201, -10, 0, 0, 0
L -112, -201, -10, -192, -112, -10, 0, 0, 0
L -192, -112, -10, -198, -18, -10, 0, 0, 0
L -198, -18, -10, -198, 18, -10, 0, 0, 0
L -198, 18, -10, -194, 74, -10, 0, 0, 0
L -194, 74, -10, -194, 112, -10, 0, 0, 0
L -194, 112, -10, -112, 182, -10, 0, 0, 0
L -112, 182, -10, -17, 194, -10, 0, 0, 0
L -17, 194, -10, 19, 193, -10, 0, 0, 0
L 19, 193, -10, 73, 186, -10, 0, 0, 0
L 73, 186, -10, 112, 186, -10, 0, 0, 0
L 112, 186, -10, 200, 112, -10, 0, 0, 0
L 200, 112, -10, 208, 18, -10, 0, 0, 0
L 208, 18, -10, 210, 10, -10, 0, 0, 0
L 210, -8, -10, 198, -72, -10, 0, 0, 0
L 198, -72, -10, 215, -72, -3, 0, 0, 0
L 215, -72, -3, 240, -73, 1, 0, 0, 0
L 240, -73, 1, 239, -91, 1, 0, 0, 0
L 239, -91, 1, 218, -118, 1, 0, 0, 0
L 218, -118, 1, 211, -145, 1, 0, 0, 0
L 211, -145, 1, 227, -145, 1, 0, 0, 0
L 227, -145, 1, 245, -131, 1, 0, 0, 0
L 245, -131, 1, 245, -133, 1, 0, 0, 0
L 245, -133, 1, 248, -134, 1, 0, 0, 0
L 248, -134, 1, 250, -133, 1, 0, 0, 0
L 250, -133, 1, 250, -129, 1, 0, 0, 0
L 250, -129, 1, 268, -129, 1, 0, 0, 0
L 268, -129, 1, 286, -145, 1, 0, 0, 0
L 286, -145, 1, 286, -190, 1, 0, 0, 0
L 286, -190, 1, 312, -190, 1, 0, 0, 0
L 312, -190, 1, 312, -194, 1, 0, 0, 0
L 312, -194, 1, 314, -195, 1, 0, 0, 0
L 314, -195, 1, 317, -194, 1, 0, 0, 0
L 317, -194, 1, 317, -210, 1, 0, 0, 0
L 317, -210, 1, 333, -239, 1, 0, 0, 0
L 333, -239, 1, 348, -242, 1, 0, 0, 0
L 348, -242, 1, 350, -242, 1, 0, 0, 0
L 350, -242, 1, 368, -203, 1, 0, 0, 0
L 368, -203, 1, 392, -203, 1, 0, 0, 0
L 392, -203, 1, 409, -242, 1, 0, 0, 0
L 409, -242, 1, 409, -260, 1, 0, 0, 0
L 367, -301, 1, 350, -260, 1, 0, 0, 0
L 392, -305, 6, 367, -305, 6, 0, 0, 0
L 367, -305, 6, 367, -301, 6, 0, 0, 0
L 367, -301, 6, 392, -301, 6, 0, 0, 0
L 392, -301, 6, 392, -304, 6, 0, 0, 0
L 367, -301, 1, 367, -301, 6, 0, 0, 0
L 393, -301, 1, 409, -260, 1, 0, 0, 0
L 393, -300, 1, 392, -301, 6, 0, 0, 0
L 349, -259, 1, 332, -268, 1, 0, 0, 0
L 350, -260, 1, 349, -260, 1, 0, 0, 0
L 350, -260, 1, 349, -259, 1, 0, 0, 0
L 333, -268, 1, 330, -296, 1, 0, 0, 0
L 330, -296, 1, 317, -317, 1, 0, 0, 0
L 317, -317, 1, 289, -321, 1, 0, 0, 0
L 289, -321, 1, 268, -337, 1, 0, 0, 0
L 268, -337, 1, 266, -340, 1, 0, 0, 0
L 266, -340, 1, 266, -411, 1, 0, 0, 0
L 266, -411, 1, 245, -437, 1, 0, 0, 0
L 245, -437, 1, 246, -630, 1, 0, 0, 0
L 246, -630, 1, 331, -630, 1, 0, 0, 0
L 331, -630, 1, 330, -744, 1, 0, 0, 0
L 330, -744, 1, 278, -745, 1, 0, 0, 0
L 278, -745, 1, 278, -803, 1, 0, 0, 0
L 278, -803, 1, 246, -803, 1, 0, 0, 0
L 246, -803, 1, 246, -716, 1, 0, 0, 0
L 246, -716, 1, 297, -716, 1, 0, 0, 0
L 297, -716, 1, 297, -663, 1, 0, 0, 0
L 297, -663, 1, 246, -663, 1, 0, 0, 0
L 246, -663, 1, 214, -630, 1, 0, 0, 0
L 214, -630, 1, 214, -540, 1, 0, 0, 0
L 214, -540, 1, 212, -539, 1, 0, 0, 0
L 212, -539, 1, 200, -545, 1, 0, 0, 0
L 201, -546, 1, 200, -545, 1, 0, 0, 0
L 245, -278, 1, 268, -278, 1, 0, 0, 0
L 268, -278, 1, 289, -296, 1, 0, 0, 0
L 289, -296, 1, 298, -296, 1, 0, 0, 0
L 298, -296, 1, 304, -269, 1, 0, 0, 0
L 304, -269, 1, 304, -238, 1, 0, 0, 0
L 304, -238, 1, 297, -210, 1, 0, 0, 0
L 297, -210, 1, 285, -210, 1, 0, 0, 0
L 285, -210, 1, 286, -254, 1, 0, 0, 0
L 286, -254, 1, 268, -269, 1, 0, 0, 0
L 268, -269, 1, 247, -269, 1, 0, 0, 0
L 247, -269, 1, 228, -254, 1, 0, 0, 0
L 228, -254, 1, 228, -234, 1, 0, 0, 0
L 228, -234, 1, 235, -209, 1, 0, 0, 0
L 235, -209, 1, 235, -198, 1, 0, 0, 0
L 235, -198, 1, 227, -165, 1, 0, 0, 0
L 227, -165, 1, 201, -165, 1, 0, 0, 0
L 180, -145, 1, 213, -91, -3, 0, 0, 0
L 180, -145, 1, 201, -165, 1, 0, 0, 0
L 202, -165, 1, 201, -164, 1, 0, 0, 0
L 213, -91, -3, 201, -90, -10, 0, 0, 0
L 201, -90, -10, 198, -90, -10, 0, 0, 0
L 198, -90, -10, 192, -112, -10, 0, 0, 0
L 192, -112, -10, 112, -188, -10, 0, 0, 0
L 112, -188, -10, 98, -206, -10, 0, 0, 0
L 98, -206, -10, 98, -212, -10, 0, 0, 0
L 98, -212, -10, 102, -237, -4, 0, 0, 0
L 102, -237, -4, 126, -279, 1, 0, 0, 0
L 126, -279, 1, 126, -296, 1, 0, 0, 0
L 126, -296, 1, 129, -296, 1, 0, 0, 0
L 129, -296, 1, 129, -281, 1, 0, 0, 0
L 129, -281, 1, 135, -281, 1, 0, 0, 0
L 135, -281, 1, 135, -279, 1, 0, 0, 0
L 135, -279, 1, 123, -270, 1, 0, 0, 0
L 123, -270, 1, 123, -251, 1, 0, 0, 0
L 123, -251, 1, 136, -237, 1, 0, 0, 0
L 136, -237, 1, 156, -237, 1, 0, 0, 0
L 156, -237, 1, 167, -251, 1, 0, 0, 0
L 167, -251, 1, 177, -231, 1, 0, 0, 0
L 177, -231, 1, 200, -231, 1, 0, 0, 0
L 200, -231, 1, 217, -251, 1, 0, 0, 0
L 217, -251, 1, 221, -251, 1, 0, 0, 0
L 221, -251, 1, 221, -270, 1, 0, 0, 0
L 221, -270, 1, 217, -270, 1, 0, 0, 0
L 217, -270, 1, 197, -278, 1, 0, 0, 0
L 197, -278, 1, 197, -281, 1, 0, 0, 0
L 197, -281, 1, 220, -281, 1, 0, 0, 0
L 220, -281, 1, 220, -296, 1, 0, 0, 0
L 220, -296, 1, 244, -278, 1, 0, 0, 0
L 244, -278, 1, 260, -278, 1, 0, 0, 0
L 92, -332, 1, 92, -279, 1, 0, 0, 0
L 92, -279, 1, 70, -237, -4, 0, 0, 0
L 70, -237, -4, 61, -212, -10, 0, 0, 0
L 61, -212, -10, 61, -206, -10, 0, 0, 0
L 61, -206, -10, -18, -206, -10, 0, 0, 0
L -18, -206, -10, -72, -202, -10, 0, 0, 0
L -72, -202, -10, -72, -230, 1, 0, 0, 0
L -72, -225, -1, -73, -230, 1, 0, 0, 0
L -73, -230, 1, -73, -231, 1, 0, 0, 0
L -164, -113, -10, -180, -19, -10, 0, 0, 0
L -180, -19, -10, -180, 18, -10, 127, 64, 0
L -180, 18, -10, -172, 72, -10, 0, 0, 0
L -172, 90, -10, -164, 112, -10, 0, 0, 0
L -164, 112, -10, -112, 160, -10, 0, 0, 0
L -112, 160, -10, -18, 174, -10, 0, 0, 0
L -18, 174, -10, 18, 174, -10, 127, 64, 0
L 18, 174, -10, 72, 166, -10, 0, 0, 0
L 72, 166, -10, 90, 166, -10, 127, 64, 0
L 90, 166, -10, 112, 160, -10, 0, 0, 0
L 112, 160, -10, 170, 112, -10, 0, 0, 0
L 170, 112, -10, 186, 18, -10, 0, 0, 0
L 186, 18, -10, 186, -18, -10, 127, 64, 0
L 186, -18, -10, 176, -70, -10, 0, 0, 0
L 176, -89, -10, 166, -112, -10, 0, 0, 0
L 166, -112, -10, 112, -166, -10, 0, 0, 0
L 112, -166, -10, 18, -184, -10, 0, 0, 0
L 18, -184, -10, -17, -184, -10, 127, 64, 0
L -17, -184, -10, -72, -178, -10, 0, 0, 0
L -91, -178, -10, -113, -172, -10, 0, 0, 0
L -112, -172, -10, -164, -111, -10, 0, 0, 0
L -161, 114, -142, -112, 160, -142, 0, 0, 255
L -112, 160, -142, -18, 174, -142, 0, 0, 255
L -18, 174, -142, -18, 134, -142, 0, 0, 255
L -18, 134, -142, 18, 134, -142, 0, 0, 255
L 18, 174, -142, 18, 134, -142, 0, 0, 255
L 18, 174, -142, 72, 166, -142, 0, 0, 255
L 90, 166, -142, 112, 160, -142, 0, 0, 255
L 112, 160, -142, 170, 112, -142, 0, 0, 255
L 170, 112, -142, 185, 18, -142, 0, 0, 255
L 185, 18, -142, 142, 18, -142, 0, 0, 255
L 141, 18, -142, 142, -18, -142, 0, 0, 255
L 142, -18, -142, 185, -18, -142, 0, 0, 255
L 185, -18, -142, 175, -72, -142, 0, 0, 255
L 175, -72, -142, 176, -90, -142, 127, 64, 0
L 176, -90, -142, 166, -112, -142, 0, 0, 255
L 166, -112, -142, 112, -166, -142, 0, 0, 255
L 112, -166, -142, 18, -183, -142, 0, 0, 255
L 18, -183, -142, 18, -139, -142, 0, 0, 255
L 18, -139, -142, -18, -140, -142, 0, 0, 255
L -18, -140, -142, -18, -184, -142, 0, 0, 255
L -18, -184, -142, -73, -178, -142, 0, 0, 255
L -73, -178, -142, -90, -178, -142, 127, 64, 0
L -90, -178, -142, -112, -172, -142, 0, 0, 255
L -112, -172, -142, -164, -112, -142, 0, 0, 255
L -164, -112, -142, -179, -18, -142, 0, 0, 255
L -179, -18, -142, -138, -18, -142, 0, 0, 255
L -138, -18, -142, -138, 18, -142, 0, 0, 255
L -138, 18, -142, -180, 18, -142, 0, 0, 255
L -180, 18, -142, -172, 72, -142, 0, 0, 255
L -172, 72, -142, -172, 90, -142, 127, 64, 0
L -164, 112, -142, -172, 90, -142, 0, 0, 255
L -732, -798, 31, -728, -788, 39, 0, 0, 0
L -728, -788, 39, -760, -751, 38, 0, 0, 0
L -760, -751, 38, -790, -751, 39, 0, 0, 0
L -790, -751, 39, -823, -685, 39, 0, 0, 0
L -823, -685, 39, -824, -628, 39, 0, 0, 0
L -824, -628, 39, -766, -580, 39, 0, 0, 0
L -766, -580, 39, -765, -539, 39, 0, 0, 0
L -765, -539, 39, -727, -517, 40, 0, 0, 0
L -727, -517, 40, -679, -517, 40, 0, 0, 0
L -678, -551, 40, -679, -517, 40, 0, 0, 0
L -701, -551, 76, -689, -552, 76, 0, 0, 0
L -689, -552, 76, -689, -579, 76, 0, 0, 0
L -689, -579, 76, -669, -602, 76, 0, 0, 0
L -669, -602, 76, -633, -602, 76, 0, 0, 0
L -633, -602, 76, -660, -552, 76, 0, 0, 0
L -660, -552, 76, -680, -552, 76, 0, 0, 0
L -680, -552, 76, -681, -369, 76, 0, 0, 0
L -681, -369, 76, -701, -369, 76, 0, 0, 0
L -701, -369, 76, -704, -402, 76, 0, 0, 0
L -704, -402, 76, -704, -441, 76, 0, 0, 0
L -704, -441, 76, -711, -441, 77, 0, 0, 0
L -813, -483, 77, -705, -485, 76, 0, 0, 0
L -705, -485, 76, -701, -551, 76, 0, 0, 0
L -710, -485, 76, -710, -441, 76, 127, 64, 0
L -711, -441, 76, -813, -450, 77, 0, 0, 0
L -813, -450, 77, -843, -411, 77, 0, 0, 0
L -843, -411, 77, -858, -402, 77, 0, 0, 0
L -858, -402, 77, -858, -354, 77, 0, 0, 0
L -858, -354, 77, -903, -321, 77, 0, 0, 0
L -903, -321, 77, -965, -311, 77, 0, 0, 0
L -965, -311, 77, -1034, -279, 77, 0, 0, 0
L -1034, -279, 77, -1041, -279, 77, 0, 0, 0
L -1041, -279, 77, -1068, -237, 77, 0, 0, 0
L -1041, -279, 77, -1041, -299, 77, 127, 64, 0
L -1041, -299, 77, -1035, -300, 78, 0, 0, 0
L -1035, -300, 78, -962, -339, 77, 0, 0, 0
L -962, -339, 77, -902, -354, 77, 0, 0, 0
L -902, -354, 77, -887, -402, 77, 0, 0, 0
L -887, -402, 77, -905, -411, 77, 0, 0, 0
L -905, -411, 77, -1035, -357, 77, 0, 0, 0
L -1035, -357, 77, -1041, -357, 77, 0, 0, 0
L -1041, -357, 77, -1068, -342, 77, 0, 0, 0
L -1068, -342, 77, -1091, -342, 77, 0, 0, 0
L -1091, -342, 77, -1113, -378, 77, 0, 0, 0
L -1113, -378, 77, -1113, -342, 77, 0, 0, 0
L -1113, -342, 77, -1119, -324, 77, 0, 0, 0
L -1119, -324, 77, -1122, -324, 77, 0, 0, 0
L -1122, -324, 77, -1123, -345, 77, 0, 0, 0
L -1123, -345, 77, -1129, -346, 77, 0, 0, 0
L -1129, -347, 77, -1134, -344, 77, 0, 0, 0
L -1134, -344, 77, -1135, -325, 77, 0, 0, 0
L -1135, -325, 77, -1139, -324, 77, 0, 0, 0
L -1139, -324, 77, -1151, -342, 77, 0, 0, 0
L -1151, -378, 77, -1112, -402, 77, 0, 0, 0
L -1151, -378, 77, -1151, -342, 77, 0, 0, 0
L -1113, -401, 77, -1091, -422, 77, 0, 0, 0
L -1091, -422, 77, -1068, -422, 77, 0, 0, 0
L -1068, -422, 77, -1040, -377, 77, 0, 0, 0
L -1040, -377, 77, -1035, -377, 77, 0, 0, 0
L -1035, -377, 77, -920, -435, 77, 0, 0, 0
L -920, -435, 77, -926, -449, 77, 0, 0, 0
L -926, -449, 77, -936, -459, 77, 0, 0, 0
L -936, -459, 77, -963, -459, 77, 0, 0, 0
L -963, -459, 77, -1035, -441, 77, 0, 0, 0
L -1035, -441, 77, -1095, -441, 77, 0, 0, 0
L -1095, -441, 77, -1122, -420, 77, 0, 0, 0
L -1122, -420, 77, -1139, -420, 77, 0, 0, 0
L -1139, -420, 77, -1163, -441, 77, 0, 0, 0
L -1163, -441, 77, -1163, -459, 77, 0, 0, 0
L -1163, -459, 77, -1139, -473, 77, 0, 0, 0
L -1139, -473, 77, -1122, -473, 77, 0, 0, 0
L -1122, -473, 77, -1094, -459, 77, 0, 0, 0
L -1094, -459, 77, -1082, -488, 77, 0, 0, 0
L -1082, -488, 77, -1068, -488, 77, 0, 0, 0
L -1068, -488, 77, -1052, -458, 77, 0, 0, 0
L -1052, -458, 77, -1033, -459, 77, 0, 0, 0
L -1035, -458, 77, -963, -485, 77, 0, 0, 0
L -963, -485, 77, -936, -485, 77, 0, 0, 0
L -936, -485, 77, -926, -483, 77, 0, 0, 0
L -926, -483, 77, -924, -489, 77, 0, 0, 0
L -924, -489, 77, -921, -486, 77, 0, 0, 0
L -921, -486, 77, -916, -487, 77, 0, 0, 0
L -916, -487, 77, -914, -492, 77, 0, 0, 0
L -914, -492, 77, -917, -497, 77, 0, 0, 0
L -917, -497, 77, -921, -498, 77, 0, 0, 0
L -921, -498, 77, -922, -497, 77, 0, 0, 0
L -922, -497, 77, -920, -504, 77, 0, 0, 0
L -920, -504, 77, -963, -522, 77, 0, 0, 0
L -963, -522, 77, -1041, -522, 77, 0, 0, 0
L -1041, -522, 77, -1068, -501, 77, 0, 0, 0
L -1068, -501, 77, -1091, -501, 77, 0, 0, 0
L -1091, -501, 77, -1129, -540, 77, 0, 0, 0
L -1129, -540, 77, -1143, -513, 77, 0, 0, 0
L -1143, -513, 77, -1166, -513, 77, 0, 0, 0
L -1163, -513, 77, -1166, -513, 77, 0, 0, 0
L -1166, -513, 77, -1178, -540, 77, 0, 0, 0
L -1178, -540, 77, -1178, -564, 77, 0, 0, 0
L -1178, -564, 77, -1166, -578, 77, 0, 0, 0
L -1166, -578, 77, -1143, -578, 77, 0, 0, 0
L -1143, -578, 77, -1127, -563, 77, 0, 0, 0
L -1127, -563, 77, -1092, -569, 77, 0, 0, 0
L -1092, -569, 77, -1068, -569, 77, 0, 0, 0
L -1068, -569, 77, -1040, -539, 77, 0, 0, 0
L -1040, -539, 77, -963, -539, 77, 0, 0, 0
L -791, -645, 1, -791, -675, 1, 0, 0, 0
L -783, -675, 1, -791, -675, 1, 0, 0, 0
L 72, 127, -30, 72, 166, -10, 127, 64, 0
L 90, 108, -30, 90, 166, -10, 127, 64, 0
L 72, 112, -31, 72, 127, -30, 127, 64, 0
L 90, 108, -30, 89, 107, -30, 0, 0, 0
L 89, 107, -30, 89, 56, -30, 0, 0, 0
L 89, 56, -30, 81, 56, -30, 0, 0, 0
L 81, 56, -30, 79, 51, -30, 0, 0, 0
L 79, 52, -30, 89, 9, -30, 0, 0, 0
L 89, 9, -30, 89, -9, -30, 0, 0, 0
L 89, -9, -30, 77, -56, -30, 0, 0, 0
L 77, -56, -30, 89, -56, -30, 0, 0, 0
L 57, -89, -30, 57, -79, -30, 0, 0, 0
L 57, -79, -30, 9, -89, -30, 0, 0, 0
L 9, -89, -30, -9, -89, -30, 0, 0, 0
L -9, -89, -30, -52, -79, -30, 0, 0, 0
L -52, -79, -30, -57, -82, -30, 0, 0, 0
L -57, -82, -30, -57, -90, -30, 0, 0, 0
L -57, -90, -30, -73, -107, -30, 0, 0, 0
L -89, -56, -30, -76, -56, -30, 0, 0, 0
L -76, -56, -30, -89, -9, -30, 0, 0, 0
L -89, -9, -30, -89, 9, -30, 0, 0, 0
L -89, 9, -30, -80, 52, -30, 0, 0, 0
L -80, 52, -30, -80, 57, -30, 0, 0, 0
L -80, 57, -30, -89, 57, -30, 0, 0, 0
L -89, 57, -30, -107, 73, -30, 0, 0, 0
L -56, 89, -30, -56, 78, -30, 0, 0, 0
L -56, 78, -30, -9, 89, -30, 0, 0, 0
L -9, 89, -30, 9, 89, -30, 0, 0, 0
L 9, 89, -30, 51, 79, -30, 0, 0, 0
L 51, 79, -30, 55, 80, -30, 0, 0, 0
L 55, 80, -30, 55, 89, -30, 0, 0, 0
L 55, 89, -30, 72, 106, -30, 0, 0, 0
L 9, 51, -30, -9, 51, -30, 0, 0, 0
L -9, 51, -30, -37, 37, -30, 0, 0, 0
L -37, 37, -30, -50, 9, -30, 0, 0, 0
L -50, 9, -30, -50, -9, -30, 0, 0, 0
L -50, -9, -30, -37, -37, -30, 0, 0, 0
L -37, -37, -30, -9, -51, -30, 0, 0, 0
L -9, -51, -30, 9, -51, -30, 0, 0, 0
L 9, -51, -30, 36, -37, -30, 0, 0, 0
L 36, -37, -30, 50, -9, -30, 0, 0, 0
L 50, -9, -30, 50, 9, -30, 0, 0, 0
L 50, 9, -30, 37, 37, -30, 0, 0, 0
L 37, 37, -30, 9, 51, -30, 0, 0, 0
L -9, 35, -30, -9, 9, 1, 0, 0, 0
L 9, 9, 1, 9, 51, -30, 0, 0, 0
L 9, 35, -17, 34, 9, -17, 0, 0, 0
L 9, 9, 1, -9, 9, 1, 0, 0, 0
L -9, 9, 1, -50, 9, -30, 0, 0, 0
L -51, -9, -30, -8, -9, 1, 0, 0, 0
L -8, -9, 1, 50, -9, -30, 0, 0, 0
L 9, 9, 1, 50, 9, -30, 0, 0, 0
L 9, 9, 1, 9, -51, -30, 0, 0, 0
L -9, -51, -30, -9, 11, 0, 0, 0, 0
L 34, -9, -17, 9, -35, -17, 0, 0, 0
L -9, -35, -17, -32, -9, -17, 0, 0, 0
L -32, 9, -17, -9, 35, -17, 0, 0, 0
L -9, 36, -18, -9, 51, -29, 0, 0, 0
L 108, -72, -30, 176, -72, -12, 127, 64, 0
L 108, -72, -30, 107, -73, -30, 0, 0, 0
L 107, -73, -30, 89, -56, -30, 0, 0, 0
L 108, -90, -30, 175, -90, -12, 127, 64, 0
L 154, -90, -12, 153, -72, -12, 127, 64, 0
L 134, -90, -26, 134, -72, -26, 127, 64, 0
L 112, -90, -31, 112, -73, -31, 127, 64, 0
L 108, -90, -30, 107, -89, -30, 0, 0, 0
L 107, -89, -30, 57, -89, -30, 0, 0, 0
L -72, -108, -30, -72, -178, -10, 127, 64, 0
L -90, -108, -30, -90, -178, -10, 127, 64, 0
L -72, -136, -26, -90, -136, -26, 127, 64, 0
L -72, -108, -30, -73, -107, -30, 0, 0, 0
L -90, -108, -30, -89, -107, -30, 0, 0, 0
L -89, -107, -30, -89, -56, -30, 0, 0, 0
L -56, 89, -30, -106, 89, -30, 0, 0, 0
L -106, 89, -30, -108, 90, -30, 0, 0, 0
L -108, 90, -30, -172, 90, -10, 127, 64, 0
L -108, 72, -30, -172, 72, -10, 127, 64, 0
L -151, 90, -12, -152, 73, -11, 127, 64, 0
L -134, 89, -26, -134, 72, -26, 127, 64, 0
L -112, 90, -31, -112, 72, -31, 127, 64, 0
L -108, 72, -30, -107, 73, -30, 0, 0, 0
L 368, -242, 1, 386, -242, 1, 0, 0, 0
L 386, -242, 1, 386, -260, 1, 0, 0, 0
L 386, -260, 1, 369, -260, 1, 0, 0, 0
L 369, -260, 1, 368, -242, 1, 0, 0, 0
L 209, 10, -10, 212, 10, -10, 0, 0, 0
L 244, 25, -10, 228, 25, -10, 0, 0, 0
L 228, 25, -10, 221, 16, -10, 0, 0, 0
L 221, 16, -10, 212, 10, -10, 0, 0, 0
L 212, 10, -10, 210, 10, -10, 0, 0, 0
L 244, 25, -10, 249, 17, -10, 0, 0, 0
L 249, 17, -10, 249, 3, -10, 127, 64, 0
L 249, 3, -10, 261, 3, -10, 127, 64, 0
L 261, 5, -10, 252, 5, -10, 127, 64, 0
L 252, 5, -10, 252, 20, -10, 127, 64, 0
L 252, 20, -10, 249, 24, -10, 0, 0, 0
L 249, 24, -10, 249, 39, -10, 0, 0, 0
L 249, 39, -10, 271, 39, -10, 0, 0, 0
L 271, 24, -10, 271, 39, -10, 0, 0, 0
L 271, 39, -10, 270, 39, -10, 0, 0, 0
L 271, 24, -10, 266, 19, -10, 0, 0, 0
L 266, 19, -10, 266, 17, -10, 0, 0, 0
L 266, 17, -10, 274, 13, -10, 0, 0, 0
L 274, 13, -10, 274, -19, -10, 0, 0, 0
L 274, -19, -10, 261, -22, -10, 0, 0, 0
L 261, -22, -10, 248, -19, -10, 0, 0, 0
L 248, -19, -10, 244, -27, -10, 0, 0, 0
L 244, -27, -10, 228, -27, -10, 0, 0, 0
L 228, -27, -10, 222, -19, -10, 0, 0, 0
L 222, -19, -10, 210, -8, -10, 0, 0, 0
L 252, 42, -7, 265, 42, -7, 0, 0, 0
L 265, 42, -7, 270, 39, -7, 0, 0, 0
L 252, 42, -7, 249, 39, -10, 0, 0, 0
L 249, 17, -6, 252, 17, -6, 0, 0, 0
L 261, 3, -10, 261, 5, -10, 127, 64, 0
L 119, 371, 1, 119, 376, 1, 0, 0, 0
L 119, 376, 1, 78, 376, 1, 150, 0, 200
L 78, 376, 1, 78, 372, 1, 0, 0, 0
