L -486, -179, 1, -482, -188, 1, 0, 0, 0
L -486, -188, 1, -482, -178, 1, 0, 0, 0
L -1099, -1394, 1, 1099, -1388, 1, 100, 0, 200
L -324, -203, -25, -330, -176, -28, 150, 100, 0
L -359, -205, -26, -324, -203, -25, 150, 100, 0
L -357, -176, -28, -359, -205, -26, 150, 100, 0
L -330, -176, -28, -357, -176, -28, 150, 100, 0
L -352, -198, -30, -352, -180, -30, 0, 0, 255
L -334, -198, -30, -352, -198, -30, 0, 0, 255
L -334, -180, -30, -334, -198, -30, 0, 0, 255
L -352, -180, -30, -334, -180, -30, 0, 0, 255
L -100, -1139, 4, -106, -1145, 4, 150, 100, 0
L -53, -1150, 4, -51, -1154, 4, 150, 100, 0
L -59, -1131, 4, -49, -1160, 4, 150, 100, 0
L -61, -1114, 4, -59, -1131, 4, 150, 100, 0
L -47, -1093, 4, -61, -1114, 4, 150, 100, 0
L -44, -1074, 4, -47, -1093, 4, 150, 100, 0
L -47, -1059, 4, -44, -1074, 4, 150, 100, 0
L -44, -1042, 4, -47, -1059, 4, 150, 100, 0
L -51, -1022, 4, -44, -1042, 4, 150, 100, 0
L -57, -999, 4, -51, -1022, 4, 150, 100, 0
L -45, -975, 4, -57, -999, 4, 150, 100, 0
L -49, -959, 4, -45, -975, 4, 150, 100, 0
L -61, -922, 4, -49, -959, 4, 150, 100, 0
L -55, -907, 4, -61, -922, 4, 150, 100, 0
L -46, -892, 4, -55, -907, 4, 150, 100, 0
L -44, -867, 4, -46, -892, 4, 150, 100, 0
L -43, -843, 4, -44, -867, 4, 150, 100, 0
L -52, -817, 4, -43, -843, 4, 150, 100, 0
L -59, -806, 4, -52, -817, 4, 150, 100, 0
L -91, -791, 4, -59, -806, 4, 150, 100, 0
L -95, -772, 4, -91, -791, 4, 150, 100, 0
L -93, -751, 4, -95, -772, 4, 150, 100, 0
L -93, -743, 4, -93, -751, 4, 150, 100, 0
L -102, -718, 4, -93, -743, 4, 150, 100, 0
L -105, -703, 4, -102, -718, 4, 150, 100, 0
L -102, -688, 4, -105, -703, 4, 150, 100, 0
L -100, -639, 4, -102, -688, 4, 150, 100, 0
L -99, -628, 4, -100, -639, 4, 150, 100, 0
L -96, -613, 4, -99, -628, 4, 150, 100, 0
L -93, -558, 4, -96, -613, 4, 150, 100, 0
L -103, -525, 4, -93, -558, 4, 150, 100, 0
L -165, -530, 4, -166, -517, 4, 150, 100, 0
L -166, -543, 4, -165, -530, 4, 150, 100, 0
L -165, -562, 4, -166, -543, 4, 150, 100, 0
L -151, -598, 4, -165, -562, 4, 150, 100, 0
L -164, -619, 4, -151, -598, 4, 150, 100, 0
L -156, -651, 4, -164, -619, 4, 150, 100, 0
L -156, -693, 4, -156, -651, 4, 150, 100, 0
L -165, -730, 4, -156, -693, 4, 150, 100, 0
L -167, -759, 4, -165, -730, 4, 150, 100, 0
L -162, -766, 4, -167, -759, 4, 150, 100, 0
L -157, -782, 4, -162, -766, 4, 150, 100, 0
L -148, -792, 4, -157, -782, 4, 150, 100, 0
L -115, -793, 4, -148, -792, 4, 150, 100, 0
L -115, -813, 4, -115, -793, 4, 150, 100, 0
L -114, -830, 4, -115, -813, 4, 150, 100, 0
L -116, -845, 4, -114, -830, 4, 150, 100, 0
L -107, -912, 4, -116, -845, 4, 150, 100, 0
L -104, -927, 4, -107, -912, 4, 150, 100, 0
L -108, -941, 4, -104, -927, 4, 150, 100, 0
L -109, -962, 4, -108, -941, 4, 150, 100, 0
L -114, -986, 4, -109, -962, 4, 150, 100, 0
L -110, -1013, 4, -114, -986, 4, 150, 100, 0
L -106, -1025, 4, -110, -1013, 4, 150, 100, 0
L -117, -1042, 4, -106, -1025, 4, 150, 100, 0
L -114, -1060, 4, -117, -1042, 4, 150, 100, 0
L -104, -1093, 4, -114, -1060, 4, 150, 100, 0
L -102, -1126, 4, -104, -1093, 4, 150, 100, 0
L -100, -1139, 4, -102, -1126, 4, 150, 100, 0
L -50, -1383, 4, -61, -1396, 4, 150, 100, 0
L -42, -1371, 4, -50, -1383, 4, 150, 100, 0
L -50, -1353, 4, -42, -1371, 4, 150, 100, 0
L -56, -1323, 4, -50, -1353, 4, 150, 100, 0
L -55, -1308, 4, -56, -1323, 4, 150, 100, 0
L -51, -1301, 4, -55, -1308, 4, 150, 100, 0
L -47, -1253, 4, -51, -1301, 4, 150, 100, 0
L -50, -1227, 4, -47, -1253, 4, 150, 100, 0
L -57, -1208, 4, -50, -1227, 4, 150, 100, 0
L 0, 155, -0, 14, 154, -0, 150, 0, 200
L 686, 223, 0, 743, 208, 0, 64, 64, 64
L 686, 210, -9, 686, 223, 0, 64, 64, 64
L 671, 223, 0, 671, 210, -9, 64, 64, 64
L 614, 208, 0, 671, 223, 0, 64, 64, 64
L 588, 140, 0, 604, 197, 0, 64, 64, 64
L 602, 140, -9, 588, 140, 0, 64, 64, 64
L 588, 126, 0, 602, 126, -14, 64, 64, 64
L 588, 126, 0, 604, 68, 0, 64, 64, 64
L 671, 42, 0, 614, 58, 0, 64, 64, 64
L 671, 56, -9, 671, 42, 0, 64, 64, 64
L 686, 42, 0, 686, 56, -9, 64, 64, 64
L 743, 58, 0, 686, 42, 0, 64, 64, 64
L 753, 68, 0, 741, 84, -14, 64, 64, 64
L 769, 126, 0, 753, 68, 0, 64, 64, 64
L 756, 126, -9, 769, 126, 0, 64, 64, 64
L 769, 140, 0, 756, 140, -9, 64, 64, 64
L 769, 140, 0, 753, 198, 0, 64, 64, 64
L 686, 154, -14, 686, 209, -14, 0, 150, 255
L 671, 154, -14, 671, 209, -14, 0, 150, 255
L 658, 140, -14, 602, 140, -14, 0, 150, 255
L 658, 126, -14, 602, 126, -14, 0, 150, 255
L 671, 112, -14, 671, 56, -14, 0, 150, 255
L 686, 112, -14, 686, 56, -14, 0, 150, 255
L 700, 126, -14, 755, 126, -14, 0, 150, 255
L 755, 140, -14, 700, 140, -14, 0, 150, 255
L 671, 154, -14, 686, 154, -14, 150, 0, 200
L 658, 140, -14, 671, 154, -14, 150, 0, 200
L 658, 126, -14, 658, 140, -14, 150, 0, 200
L 671, 112, -14, 658, 126, -14, 150, 0, 200
L 686, 112, -14, 671, 112, -14, 150, 0, 200
L 700, 126, -14, 686, 112, -14, 150, 0, 200
L 700, 140, -14, 700, 126, -14, 150, 0, 200
L 686, 154, -14, 700, 140, -14, 150, 0, 200
L 672, 140, -390, 686, 141, -390, 150, 0, 200
L 671, 126, -390, 672, 140, -390, 150, 0, 200
L 686, 126, -390, 671, 126, -390, 150, 0, 200
L 686, 140, -390, 686, 126, -390, 150, 0, 200
L 672, 154, -390, 686, 154, -390, 150, 0, 200
L 658, 140, -390, 672, 154, -390, 150, 0, 200
L 658, 126, -390, 658, 140, -390, 150, 0, 200
L 672, 112, -390, 658, 126, -390, 150, 0, 200
L 686, 112, -390, 672, 112, -390, 150, 0, 200
L 699, 126, -390, 686, 112, -390, 150, 0, 200
L 699, 140, -390, 699, 126, -390, 150, 0, 200
L 686, 154, -390, 699, 140, -390, 150, 0, 200
L 614, 207, -13, 629, 196, -13, 64, 64, 64
L 604, 198, -13, 614, 207, -13, 64, 64, 64
L 616, 182, -13, 604, 198, -13, 64, 64, 64
L 604, 68, -13, 616, 84, -13, 64, 64, 64
L 614, 58, -13, 604, 68, -13, 64, 64, 64
L 630, 70, -13, 614, 58, -13, 64, 64, 64
L 744, 58, -13, 728, 70, -13, 64, 64, 64
L 753, 68, -13, 741, 84, -13, 64, 64, 64
L 744, 58, -13, 753, 68, -13, 64, 64, 64
L 744, 207, -13, 728, 196, -13, 64, 64, 64
L 753, 198, -13, 744, 207, -13, 64, 64, 64
L 753, 198, -13, 741, 182, -13, 64, 64, 64
L 728, 196, -14, 741, 182, -14, 150, 0, 200
L 686, 209, -14, 728, 196, -14, 64, 64, 64
L 686, 210, -13, 686, 209, -14, 64, 64, 64
L 672, 210, -13, 686, 210, -13, 64, 64, 64
L 671, 209, -14, 672, 210, -13, 64, 64, 64
L 630, 196, -14, 671, 209, -14, 64, 64, 64
L 616, 182, -14, 630, 196, -14, 150, 0, 200
L 602, 140, -14, 616, 182, -14, 64, 64, 64
L 602, 140, -13, 602, 140, -14, 64, 64, 64
L 602, 126, -13, 602, 140, -13, 64, 64, 64
L 602, 126, -14, 602, 126, -13, 64, 64, 64
L 616, 84, -14, 602, 126, -14, 64, 64, 64
L 630, 70, -14, 616, 84, -14, 150, 0, 200
L 671, 56, -14, 630, 70, -14, 64, 64, 64
L 672, 56, -13, 671, 56, -14, 64, 64, 64
L 686, 56, -13, 672, 56, -13, 64, 64, 64
L 686, 56, -14, 686, 56, -13, 64, 64, 64
L 728, 70, -14, 686, 56, -14, 64, 64, 64
L 741, 84, -14, 728, 70, -14, 150, 0, 200
L 755, 126, -14, 741, 84, -14, 64, 64, 64
L 755, 126, -13, 755, 126, -14, 64, 64, 64
L 755, 140, -13, 755, 126, -13, 64, 64, 64
L 755, 140, -14, 755, 140, -13, 64, 64, 64
L 741, 182, -14, 755, 140, -14, 64, 64, 64
L 250, 112, -0, 250, 98, -0, 0, 127, 0
L 254, 114, -0, 250, 112, -0, 0, 127, 0
L 260, 114, -0, 254, 114, -0, 0, 127, 0
L 260, 118, -1, 280, 140, -1, 0, 127, 0
L 260, 114, -1, 260, 118, -1, 0, 127, 0
L 308, 98, -1, 260, 114, -1, 0, 127, 0
L 308, 126, -1, 308, 98, -1, 0, 127, 0
L 294, 140, -1, 308, 126, -1, 0, 127, 0
L 280, 139, -1, 294, 140, -1, 0, 127, 0
L 266, 153, 1, 280, 139, -1, 0, 127, 0
L 266, 168, 1, 266, 153, 1, 0, 127, 0
L 280, 182, 1, 266, 168, 1, 0, 127, 0
L 280, 238, 1, 280, 182, 1, 0, 127, 0
L -349, -182, -321, -350, -196, -321, 0, 0, 255
L -336, -182, -321, -349, -182, -321, 0, 0, 255
L -336, -196, -321, -336, -182, -321, 0, 0, 255
L -350, -196, -321, -336, -196, -321, 0, 0, 255
L 182, 112, 1, 182, 154, 1, 100, 50, 0
L 182, 56, -0, 126, 56, -0, 150, 100, 0
L 224, 126, 1, 210, 112, 1, 150, 100, 0
L 240, 126, 1, 224, 126, 1, 150, 100, 0
L 232, 142, 1, 240, 126, 1, 150, 100, 0
L 224, 140, 1, 232, 142, 1, 150, 100, 0
L 210, 154, 1, 224, 140, 1, 150, 100, 0
L 477, 166, 32, 481, 162, 32, 150, 0, 200
L 475, 156, 32, 470, 160, 32, 150, 0, 200
L 481, 160, 32, 477, 156, 32, 150, 0, 200
L 471, 162, 33, 474, 166, 33, 150, 0, 200
L 470, 162, 32, 469, 168, 31, 64, 64, 64
L 470, 160, 32, 470, 162, 32, 64, 64, 64
L 468, 154, 31, 470, 160, 32, 64, 64, 64
L 475, 156, 32, 468, 154, 31, 64, 64, 64
L 477, 156, 32, 475, 156, 32, 64, 64, 64
L 483, 154, 31, 477, 156, 32, 64, 64, 64
L 481, 160, 32, 483, 154, 31, 64, 64, 64
L 481, 162, 32, 481, 160, 32, 64, 64, 64
L 483, 168, 31, 481, 162, 32, 64, 64, 64
L 477, 166, 32, 483, 168, 31, 64, 64, 64
L 475, 166, 32, 477, 166, 32, 64, 64, 64
L 469, 168, 31, 475, 166, 32, 64, 64, 64
L 448, 154, 30, 448, 168, 30, 0, 0, 255
L 419, 196, 20, 406, 196, 20, 0, 0, 255
L 378, 154, 10, 378, 168, 10, 0, 0, 255
L 336, 154, 11, 308, 154, 1, 64, 64, 64
L 350, 140, 11, 336, 154, 11, 64, 64, 64
L 364, 140, 11, 350, 140, 11, 64, 64, 64
L 378, 154, 10, 364, 140, 11, 64, 64, 64
L 364, 154, 10, 378, 154, 10, 64, 64, 64
L 364, 168, 10, 364, 154, 10, 64, 64, 64
L 378, 168, 11, 364, 168, 10, 64, 64, 64
L 406, 196, 20, 378, 168, 11, 64, 64, 64
L 406, 210, 20, 406, 196, 20, 64, 64, 64
L 419, 210, 20, 406, 210, 20, 64, 64, 64
L 420, 196, 21, 419, 210, 20, 64, 64, 64
L 448, 168, 31, 420, 196, 21, 64, 64, 64
L 462, 168, 31, 448, 168, 31, 64, 64, 64
L 462, 154, 31, 462, 168, 31, 64, 64, 64
L 448, 154, 31, 462, 154, 31, 64, 64, 64
L 462, 140, 31, 448, 154, 31, 64, 64, 64
L 476, 140, 31, 462, 140, 31, 64, 64, 64
L 490, 154, 31, 476, 140, 31, 64, 64, 64
L 490, 168, 31, 490, 154, 31, 64, 64, 64
L 476, 182, 31, 490, 168, 31, 64, 64, 64
L 462, 182, 31, 476, 182, 31, 64, 64, 64
L 434, 210, 21, 462, 182, 31, 64, 64, 64
L 434, 224, 21, 434, 210, 21, 64, 64, 64
L 420, 238, 21, 434, 224, 21, 64, 64, 64
L 406, 238, 21, 420, 238, 21, 64, 64, 64
L 392, 224, 21, 406, 238, 21, 64, 64, 64
L 392, 210, 21, 392, 224, 21, 64, 64, 64
L 364, 182, 11, 392, 210, 21, 64, 64, 64
L 350, 181, 11, 364, 182, 11, 64, 64, 64
L 336, 168, 11, 350, 181, 11, 64, 64, 64
L 308, 168, 2, 336, 168, 11, 64, 64, 64
L 308, 154, -15, 322, 140, -15, 0, 0, 255
L 308, 168, -15, 308, 154, -15, 0, 0, 255
L 294, 182, -15, 308, 168, -15, 0, 0, 255
L 294, 224, -15, 294, 182, -15, 0, 0, 255
L 322, 224, -15, 294, 224, -15, 0, 0, 255
L 336, 238, -15, 322, 224, -15, 0, 0, 255
L 490, 238, -15, 336, 238, -15, 0, 0, 255
L 503, 224, -15, 490, 238, -15, 0, 0, 255
L 503, 56, -15, 503, 224, -15, 0, 0, 255
L 490, 42, -15, 503, 56, -15, 0, 0, 255
L 336, 42, -15, 490, 42, -15, 0, 0, 255
L 336, 98, 2, 336, 42, 2, 0, 0, 255
L 322, 112, 1, 336, 98, 2, 0, 0, 255
L 322, 112, -0, 322, 112, 1, 0, 0, 255
L 322, 139, -0, 322, 112, -0, 0, 0, 255
L 322, 140, 1, 322, 139, -0, 0, 0, 255
L 308, 154, 1, 322, 140, 1, 0, 0, 255
L 294, 182, 2, 308, 168, 2, 0, 0, 255
L 294, 224, 2, 294, 182, 2, 0, 0, 255
L 322, 224, 2, 294, 224, 2, 0, 0, 255
L 336, 238, 2, 322, 224, 2, 0, 0, 255
L 490, 238, 2, 336, 238, 2, 0, 0, 255
L 504, 224, 2, 490, 238, 2, 0, 0, 255
L 504, 56, 2, 504, 224, 2, 0, 0, 255
L 490, 42, 2, 504, 56, 2, 0, 0, 255
L 337, 42, 2, 490, 42, 2, 0, 0, 255
L 210, 154, 2, 182, 154, 2, 64, 64, 64
L 224, 168, 1, 210, 154, 1, 64, 64, 64
L 224, 238, 1, 224, 168, 1, 64, 64, 64
L 280, 238, 1, 224, 238, 1, 64, 64, 64
L 280, 238, 2, 280, 238, 1, 64, 64, 64
L 308, 238, 2, 280, 238, 2, 64, 64, 64
L 322, 252, 2, 308, 238, 2, 64, 64, 64
L 504, 252, 2, 322, 252, 2, 64, 64, 64
L 517, 238, 2, 504, 252, 2, 64, 64, 64
L 517, 42, 2, 517, 238, 2, 64, 64, 64
L 504, 28, 2, 517, 42, 2, 64, 64, 64
L 322, 28, 2, 504, 28, 2, 64, 64, 64
L 322, 84, 2, 322, 28, 2, 64, 64, 64
L 322, 84, 1, 322, 84, 2, 64, 64, 64
L 308, 98, 1, 322, 84, 1, 64, 64, 64
L 308, 98, -0, 308, 98, 1, 64, 64, 64
L 250, 98, -0, 308, 98, -0, 64, 64, 64
L 224, 98, 1, 250, 98, -0, 64, 64, 64
L 210, 112, 1, 224, 98, 1, 64, 64, 64
L 210, 112, 2, 210, 112, 1, 64, 64, 64
L 182, 112, 2, 210, 112, 2, 64, 64, 64
L 168, 99, 1, 182, 112, 1, 64, 64, 64
L 154, 98, 1, 168, 99, 1, 64, 64, 64
L 154, 96, 1, 154, 98, 1, 64, 64, 64
L 168, 96, 1, 154, 96, 1, 64, 64, 64
L 168, 70, 1, 168, 96, 1, 64, 64, 64
L 181, 56, 1, 168, 70, 1, 64, 64, 64
L 168, 167, 1, 182, 154, 1, 64, 64, 64
L 168, 138, 1, 168, 167, 1, 64, 64, 64
L 166, 138, 1, 168, 138, 1, 64, 64, 64
L 166, 166, 1, 166, 138, 1, 64, 64, 64
L 156, 166, 1, 166, 166, 1, 64, 64, 64
L 156, 152, 1, 156, 166, 1, 64, 64, 64
L 142, 152, 1, 156, 152, 1, 64, 64, 64
L 142, 142, 1, 142, 152, 1, 64, 64, 64
L 156, 142, 1, 142, 142, 1, 64, 64, 64
L 156, 138, 1, 156, 142, 1, 64, 64, 64
L 154, 138, 1, 156, 138, 1, 64, 64, 64
L 154, 140, 1, 154, 138, 1, 64, 64, 64
L 140, 140, 1, 154, 140, 1, 64, 64, 64
L 140, 126, 1, 140, 140, 1, 64, 64, 64
L 142, 126, 1, 140, 126, 1, 64, 64, 64
L 142, 124, 1, 142, 126, 1, 64, 64, 64
L 138, 124, 1, 142, 124, 1, 64, 64, 64
L 138, 156, 1, 138, 124, 1, 64, 64, 64
L 152, 156, 1, 138, 156, 1, 64, 64, 64
L 152, 166, 1, 152, 156, 1, 64, 64, 64
L 126, 166, 1, 152, 166, 1, 64, 64, 64
L 126, 156, 1, 126, 166, 1, 64, 64, 64
L 128, 156, 1, 126, 156, 1, 64, 64, 64
L 128, 154, 1, 128, 156, 1, 64, 64, 64
L 114, 154, 1, 128, 154, 1, 64, 64, 64
L 114, 114, 1, 114, 154, 1, 64, 64, 64
L 142, 114, 1, 114, 114, 1, 64, 64, 64
L 142, 112, 1, 142, 114, 1, 64, 64, 64
L 112, 112, 1, 142, 112, 1, 64, 64, 64
L 112, 88, 1, 112, 112, 1, 64, 64, 64
L 130, 88, 1, 112, 88, 1, 64, 64, 64
L 130, 98, 1, 130, 88, 1, 64, 64, 64
L 142, 98, 1, 130, 98, 1, 64, 64, 64
L 142, 96, 1, 142, 98, 1, 64, 64, 64
L 132, 96, 1, 142, 96, 1, 64, 64, 64
L 132, 86, 1, 132, 96, 1, 64, 64, 64
L 112, 86, 1, 132, 86, 1, 64, 64, 64
L 112, 70, 1, 112, 86, 1, 64, 64, 64
L 126, 56, 1, 112, 70, 1, 64, 64, 64
L 152, 23, 7, 147, 28, 7, 64, 64, 64
L 161, 28, 7, 156, 23, 7, 64, 64, 64
L 156, 37, 7, 161, 32, 7, 64, 64, 64
L 147, 32, 7, 152, 37, 7, 64, 64, 64
L 152, 23, 1, 140, 16, -0, 64, 64, 64
L 156, 23, 1, 152, 23, 1, 64, 64, 64
L 168, 16, -0, 156, 23, 1, 64, 64, 64
L 161, 28, 1, 168, 16, -0, 64, 64, 64
L 161, 32, 1, 161, 28, 1, 64, 64, 64
L 168, 44, -0, 161, 32, 1, 64, 64, 64
L 156, 37, 1, 168, 44, -0, 64, 64, 64
L 152, 37, 1, 156, 37, 1, 64, 64, 64
L 140, 44, -0, 152, 37, 1, 64, 64, 64
L 147, 32, 1, 140, 44, -0, 64, 64, 64
L 147, 28, 1, 147, 32, 1, 64, 64, 64
L 139, 16, -0, 147, 28, 1, 64, 64, 64
L 168, 16, -0, 140, 16, -0, 64, 64, 64
L 168, 44, -0, 168, 16, -0, 64, 64, 64
L 140, 44, -0, 168, 44, -0, 64, 64, 64
L 140, 16, -0, 140, 44, -0, 64, 64, 64
L 98, 28, 1, 126, 28, -0, 64, 64, 64
L 90, 30, 1, 90, 26, 1, 100, 50, 0
L 92, 30, 1, 90, 30, 1, 100, 50, 0
L 92, 28, 1, 92, 30, 1, 100, 50, 0
L 126, 15, -0, 126, 28, -0, 64, 64, 64
L 140, 0, -0, 126, 15, -0, 64, 64, 64
L 168, 0, -0, 140, 0, -0, 64, 64, 64
L 182, 14, -0, 168, 0, -0, 64, 64, 64
L 182, 56, -0, 182, 14, -0, 64, 64, 64
L 126, 56, -0, 182, 56, -0, 100, 50, 0
L 126, 42, -0, 126, 56, -0, 64, 64, 64
L 126, 28, -0, 126, 42, -0, 0, 127, 0
L 98, 42, 1, 126, 42, 1, 64, 64, 64
L 14, 140, -0, 7, 140, -0, 64, 64, 64
L 14, 157, -0, 14, 140, -0, 64, 64, 64
L 0, 154, -0, 0, 156, -0, 64, 64, 64
L -28, 154, -0, 0, 154, -0, 64, 64, 64
L -28, 126, -0, -28, 154, -0, 64, 64, 64
L -14, 140, -0, -14, 126, -0, 64, 64, 64
L 14, 140, -0, -14, 140, -0, 64, 64, 64
L -40, -86, 1, -42, -86, 1, 100, 50, 0
L -40, -82, 1, -40, -86, 1, 100, 50, 0
L -54, -82, 1, -40, -82, 1, 100, 50, 0
L -54, -68, 1, -54, -82, 1, 100, 50, 0
L -92, -68, 1, -54, -68, 1, 100, 50, 0
L -92, -46, 1, -92, -68, 1, 100, 50, 0
L -78, -46, 1, -92, -46, 1, 100, 50, 0
L -78, -42, 1, -78, -46, 1, 100, 50, 0
L -96, -42, 1, -78, -42, 1, 100, 50, 0
L -96, -16, 0, -96, -42, 1, 100, 50, 0
L -82, -16, 1, -96, -16, 0, 100, 50, 0
L -82, -12, 1, -82, -16, 1, 100, 50, 0
L -84, -12, 1, -82, -12, 1, 100, 50, 0
L -84, -14, 1, -84, -12, 1, 100, 50, 0
L -98, -13, 1, -84, -14, 1, 100, 50, 0
L -126, -14, -0, -126, -28, -0, 0, 127, 0
L -98, -14, -0, -126, -14, -0, 0, 127, 0
L 26, -138, 1, 44, -138, 1, 100, 50, 0
L 40, -128, 1, 44, -128, 1, 100, 50, 0
L 40, -98, 1, 40, -128, 1, 100, 50, 0
L 10, -98, 1, 40, -98, 1, 100, 50, 0
L 10, -100, 1, 10, -98, 1, 100, 50, 0
L 8, -100, 1, 10, -100, 1, 100, 50, 0
L 8, -96, 1, 8, -100, 1, 100, 50, 0
L 14, -96, 1, 8, -96, 1, 100, 50, 0
L 14, -72, 1, 14, -96, 1, 100, 50, 0
L -26, -72, 1, 14, -72, 1, 100, 50, 0
L -26, -112, 1, -26, -72, 1, 100, 50, 0
L 8, -112, 1, -26, -112, 1, 100, 50, 0
L 8, -110, 1, 8, -112, 1, 100, 50, 0
L 10, -110, 1, 8, -110, 1, 100, 50, 0
L 10, -140, 1, 10, -110, 1, 100, 50, 0
L 8, -140, 1, 10, -140, 1, 100, 50, 0
L 8, -114, 1, 8, -140, 1, 100, 50, 0
L -2, -114, 1, 8, -114, 1, 100, 50, 0
L -2, -126, 1, -2, -114, 1, 100, 50, 0
L -16, -126, 1, -2, -126, 1, 100, 50, 0
L -16, -114, 1, -16, -126, 1, 100, 50, 0
L -26, -114, 1, -16, -114, 1, 100, 50, 0
L -26, -152, 1, -26, -114, 1, 100, 50, 0
L 8, -152, 1, -26, -152, 1, 100, 50, 0
L 8, -150, 1, 8, -152, 1, 100, 50, 0
L 10, -150, 1, 8, -150, 1, 100, 50, 0
L 10, -152, 1, 10, -150, 1, 100, 50, 0
L 26, -152, 1, 10, -152, 1, 100, 50, 0
L 26, -138, 1, 26, -152, 1, 100, 50, 0
L 27, -137, 1, 26, -138, 1, 100, 50, 0
L 28, -154, 1, 42, -153, -0, 100, 50, 0
L 28, -140, 1, 28, -154, 1, 100, 50, 0
L 42, -140, 1, 28, -140, 1, 100, 50, 0
L -28, -42, -0, 28, -42, -0, 100, 50, 0
L 28, -44, -0, -28, -44, -0, 100, 50, 0
L 28, -42, -0, 28, -40, -0, 64, 64, 64
L 26, -42, -0, 28, -42, -0, 100, 50, 0
L 26, -44, -0, 26, -42, -0, 100, 50, 0
L 28, -44, -0, 26, -44, -0, 100, 50, 0
L 28, -70, -0, 28, -44, -0, 64, 64, 64
L 42, -84, -0, 28, -70, -0, 64, 64, 64
L 84, -84, -0, 42, -84, -0, 64, 64, 64
L 98, -98, -0, 84, -84, -0, 64, 64, 64
L 98, -140, -0, 98, -98, -0, 64, 64, 64
L 56, -140, -0, 98, -140, -0, 64, 64, 64
L 42, -153, -0, 56, -140, -0, 64, 64, 64
L 42, -140, -0, 42, -153, -0, 64, 64, 64
L 44, -140, -0, 42, -140, -0, 100, 50, 0
L 44, -126, -0, 44, -140, -0, 100, 50, 0
L 42, -126, -0, 44, -126, -0, 100, 50, 0
L 42, -96, -0, 42, -126, -0, 100, 50, 0
L 16, -96, -0, 42, -96, -0, 100, 50, 0
L 16, -70, -0, 16, -96, -0, 64, 64, 64
L -28, -70, -0, 16, -70, -0, 100, 50, 0
L -28, -44, -0, -28, -70, -0, 100, 50, 0
L -26, -44, -0, -28, -44, -0, 100, 50, 0
L -26, -42, -0, -26, -44, -0, 100, 50, 0
L -28, -42, -0, -26, -42, -0, 100, 50, 0
L -28, -40, -0, -28, -42, -0, 64, 64, 64
L 28, -28, 1, 56, -28, 1, 64, 64, 64
L 28, -40, 1, 28, -28, 1, 64, 64, 64
L -30, -40, 1, 28, -40, 1, 64, 64, 64
L -30, -54, 1, -30, -40, 1, 100, 50, 0
L -50, -54, 1, -30, -54, 1, 100, 50, 0
L -50, -44, 1, -50, -54, 1, 100, 50, 0
L -40, -44, 1, -50, -44, 1, 100, 50, 0
L -40, -40, 1, -40, -44, 1, 100, 50, 0
L -42, -40, 1, -40, -40, 1, 100, 50, 0
L -42, -14, 1, -42, -40, 1, 100, 50, 0
L -70, -14, 1, -42, -14, 1, 100, 50, 0
L -70, -12, 1, -70, -14, 1, 100, 50, 0
L -72, -12, 1, -70, -12, 1, 100, 50, 0
L -72, -16, 1, -72, -12, 1, 100, 50, 0
L -44, -16, 1, -72, -16, 1, 100, 50, 0
L -44, -42, 1, -44, -16, 1, 100, 50, 0
L -68, -42, 1, -44, -42, 1, 100, 50, 0
L -68, -56, 1, -68, -42, 1, 100, 50, 0
L -66, -56, 1, -68, -56, 1, 100, 50, 0
L -66, -44, 1, -66, -56, 1, 100, 50, 0
L -64, -44, 1, -66, -44, 1, 100, 50, 0
L -64, -48, 1, -64, -44, 1, 100, 50, 0
L -56, -48, 1, -64, -48, 1, 100, 50, 0
L -56, -44, 1, -56, -48, 1, 100, 50, 0
L -54, -44, 1, -56, -44, 1, 100, 50, 0
L -54, -58, 1, -54, -44, 1, 100, 50, 0
L -30, -58, 1, -54, -58, 1, 100, 50, 0
L -30, -68, 1, -30, -58, 1, 100, 50, 0
L -44, -68, 1, -30, -68, 1, 100, 50, 0
L -44, -70, 1, -44, -68, 1, 100, 50, 0
L -30, -70, 1, -44, -70, 1, 100, 50, 0
L -30, -86, 1, -30, -70, 1, 100, 50, 0
L -28, -86, 1, -30, -86, 1, 100, 50, 0
L -28, -112, 1, -28, -86, 1, 100, 50, 0
L -42, -112, 1, -28, -112, 1, 64, 64, 64
L -98, -70, -0, -98, -14, -0, 100, 50, 0
L -56, -70, -0, -98, -70, -0, 100, 50, 0
L -56, -84, -0, -56, -70, -0, 100, 50, 0
L -42, -84, -0, -56, -84, -0, 100, 50, 0
L -42, -126, -0, -42, -84, -0, 64, 64, 64
L -42, -153, -0, -42, -126, -0, 100, 50, 0
L -56, -140, -0, -42, -153, -0, 64, 64, 64
L -112, -140, -0, -56, -140, -0, 64, 64, 64
L -126, -126, -0, -112, -140, -0, 64, 64, 64
L -126, -98, -0, -126, -126, -0, 64, 64, 64
L -112, -84, -0, -126, -98, -0, 64, 64, 64
L -112, -42, -0, -112, -84, -0, 64, 64, 64
L -126, -28, -0, -112, -42, -0, 64, 64, 64
L -699, -800, 1, -699, -198, 1, 64, 64, 64
L -1099, -800, 1, -699, -800, 1, 64, 64, 64
L -1099, -1104, 1, -1099, -800, 1, 64, 64, 64
L 1099, -800, 1, 1099, -873, 1, 64, 64, 64
L 499, -800, 1, 1099, -800, 1, 64, 64, 64
L 499, -333, 1, 499, -800, 1, 64, 64, 64
L 499, -239, 1, 499, -292, 1, 64, 64, 64
L 499, -290, 1, 499, -368, 1, 64, 64, 64
L -150, -392, 1, -149, -391, -0, 150, 100, 0
L -152, -392, 3, -150, -392, 1, 150, 100, 0
L -154, -395, 3, -152, -392, 3, 150, 100, 0
L -153, -404, 3, -154, -395, 3, 150, 100, 0
L -155, -413, 3, -153, -404, 3, 150, 100, 0
L -163, -418, 3, -155, -413, 3, 150, 100, 0
L -165, -426, 3, -163, -418, 3, 150, 100, 0
L -164, -437, 3, -165, -426, 3, 150, 100, 0
L -153, -462, 3, -164, -437, 3, 150, 100, 0
L -152, -469, 3, -153, -462, 3, 150, 100, 0
L -149, -481, 3, -152, -469, 3, 150, 100, 0
L -148, -484, 3, -149, -481, 3, 150, 100, 0
L -157, -491, 3, -148, -484, 3, 150, 100, 0
L -161, -498, 3, -157, -491, 3, 150, 100, 0
L -165, -507, 3, -161, -498, 3, 150, 100, 0
L -166, -517, 3, -165, -507, 3, 150, 100, 0
L -110, -1150, 3, -106, -1145, 3, 150, 100, 0
L -107, -1167, 3, -110, -1150, 3, 150, 100, 0
L -110, -1172, 3, -107, -1167, 3, 150, 100, 0
L -113, -1178, 3, -110, -1172, 3, 150, 100, 0
L -114, -1183, 3, -113, -1178, 3, 150, 100, 0
L -58, -1206, 3, -57, -1208, 3, 150, 100, 0
L -61, -1201, 3, -58, -1206, 3, 150, 100, 0
L -61, -1197, 3, -61, -1201, 3, 150, 100, 0
L -60, -1185, 3, -61, -1197, 3, 150, 100, 0
L -59, -1184, 3, -60, -1185, 3, 150, 100, 0
L -51, -1182, 3, -59, -1184, 3, 150, 100, 0
L -45, -1180, 3, -51, -1182, 3, 150, 100, 0
L -45, -1176, 3, -45, -1180, 3, 150, 100, 0
L -47, -1171, 3, -45, -1176, 3, 150, 100, 0
L -49, -1160, 3, -47, -1171, 3, 150, 100, 0
L -110, -498, 3, -110, -509, 3, 150, 100, 0
L -105, -493, 3, -110, -498, 3, 150, 100, 0
L -107, -481, 3, -105, -493, 3, 150, 100, 0
L -113, -472, 3, -107, -481, 3, 150, 100, 0
L -112, -459, 3, -113, -472, 3, 150, 100, 0
L -103, -455, 3, -112, -459, 3, 150, 100, 0
L -105, -435, 3, -103, -455, 3, 150, 100, 0
L -103, -429, 3, -105, -435, 3, 150, 100, 0
L -103, -429, 1, -103, -429, 3, 150, 100, 0
L -99, -425, 1, -103, -429, 1, 150, 100, 0
L -95, -402, 1, -99, -425, 1, 150, 100, 0
L -84, -391, -0, -14, -391, -0, 0, 127, 0
L -128, -392, -0, -224, -391, -0, 0, 127, 0
L -130, -386, -0, -128, -392, -0, 64, 64, 64
L -130, -385, -0, -130, -386, -0, 64, 64, 64
L -122, -380, -0, -130, -385, -0, 64, 64, 64
L -122, -379, -0, -122, -380, -0, 64, 64, 64
L -118, -379, -0, -122, -379, -0, 64, 64, 64
L -112, -383, -0, -118, -379, -0, 64, 64, 64
L -96, -380, -0, -112, -383, -0, 64, 64, 64
L -90, -381, -0, -96, -380, -0, 64, 64, 64
L -90, -382, -0, -90, -381, -0, 64, 64, 64
L -84, -392, -0, -90, -382, -0, 64, 64, 64
L -84, -308, 1, -84, -322, 1, 64, 64, 64
L -125, -361, -0, -125, -360, -0, 64, 64, 64
L -124, -362, -0, -125, -361, -0, 64, 64, 64
L -118, -366, -0, -124, -362, -0, 64, 64, 64
L -84, -336, -0, -84, -322, -0, 64, 64, 64
L -90, -348, -0, -84, -336, -0, 64, 64, 64
L -95, -354, -0, -90, -348, -0, 64, 64, 64
L -104, -354, -0, -95, -354, -0, 64, 64, 64
L -106, -360, -0, -104, -354, -0, 64, 64, 64
L -114, -366, -0, -106, -360, -0, 64, 64, 64
L -119, -366, -0, -114, -366, -0, 64, 64, 64
L -154, -320, 1, -154, -322, 1, 64, 64, 64
L -154, -308, 1, -154, -322, 1, 64, 64, 64
L -72, -276, 43, -72, -266, 43, 100, 50, 0
L -71, -276, 42, -71, -266, 42, 100, 50, 0
L -70, -276, 41, -70, -266, 41, 100, 50, 0
L -69, -276, 40, -69, -266, 40, 100, 50, 0
L -68, -276, 39, -68, -266, 39, 100, 50, 0
L -67, -276, 38, -67, -266, 38, 100, 50, 0
L -66, -276, 37, -66, -266, 37, 100, 50, 0
L -65, -276, 36, -65, -266, 36, 100, 50, 0
L -64, -276, 35, -64, -266, 35, 100, 50, 0
L -63, -276, 34, -63, -266, 34, 100, 50, 0
L -62, -276, 33, -62, -266, 33, 100, 50, 0
L -61, -276, 32, -61, -266, 32, 100, 50, 0
L -60, -276, 31, -60, -266, 31, 100, 50, 0
L -59, -276, 30, -59, -266, 30, 100, 50, 0
L -58, -276, 29, -58, -266, 29, 100, 50, 0
L -48, -266, 28, -58, -266, 28, 100, 50, 0
L -48, -265, 27, -58, -265, 27, 100, 50, 0
L -48, -264, 26, -58, -264, 26, 100, 50, 0
L -48, -263, 25, -58, -263, 25, 100, 50, 0
L -48, -262, 24, -58, -262, 24, 100, 50, 0
L -48, -261, 23, -58, -261, 23, 100, 50, 0
L -48, -260, 22, -58, -260, 22, 100, 50, 0
L -48, -259, 21, -58, -259, 21, 100, 50, 0
L -48, -258, 20, -58, -258, 20, 100, 50, 0
L -48, -257, 19, -58, -257, 19, 100, 50, 0
L -48, -256, 18, -58, -256, 18, 100, 50, 0
L -48, -255, 17, -58, -255, 17, 100, 50, 0
L -48, -254, 16, -58, -254, 16, 100, 50, 0
L -48, -253, 15, -58, -253, 15, 100, 50, 0
L -48, -252, 14, -58, -252, 14, 100, 50, 0
L -48, -251, 13, -58, -251, 13, 100, 50, 0
L -48, -250, 12, -58, -250, 12, 100, 50, 0
L -48, -249, 11, -58, -249, 11, 100, 50, 0
L -48, -248, 10, -58, -248, 10, 100, 50, 0
L -48, -247, 9, -58, -247, 9, 100, 50, 0
L -48, -246, 8, -58, -246, 8, 100, 50, 0
L -48, -245, 7, -58, -245, 7, 100, 50, 0
L -48, -244, 6, -58, -244, 6, 100, 50, 0
L -48, -243, 5, -58, -243, 5, 100, 50, 0
L -48, -242, 4, -58, -242, 4, 100, 50, 0
L -48, -241, 3, -58, -241, 3, 100, 50, 0
L -48, -240, 3, -58, -240, 2, 100, 50, 0
L -58, -238, 1, -58, -236, 1, 64, 64, 64
L -58, -266, 30, -58, -238, 1, 64, 64, 64
L -73, -266, 45, -58, -266, 30, 64, 64, 64
L -82, -266, 45, -73, -266, 45, 64, 64, 64
L -82, -282, 45, -82, -266, 45, 64, 64, 64
L -156, -282, 45, -82, -282, 45, 64, 64, 64
L -156, -268, 45, -156, -282, 45, 64, 64, 64
L -184, -268, 45, -156, -268, 45, 64, 64, 64
L -184, -266, 45, -184, -268, 45, 64, 64, 64
L -156, -266, 45, -184, -266, 45, 64, 64, 64
L -156, -226, 45, -156, -266, 45, 64, 64, 64
L -198, -226, 45, -156, -226, 45, 64, 64, 64
L -198, -266, 45, -198, -226, 45, 64, 64, 64
L -194, -266, 45, -198, -266, 45, 64, 64, 64
L -193, -268, 45, -194, -266, 45, 64, 64, 64
L -204, -268, 45, -193, -268, 45, 64, 64, 64
L -204, -266, 45, -204, -268, 45, 64, 64, 64
L -200, -266, 45, -204, -266, 45, 64, 64, 64
L -200, -226, 45, -200, -266, 45, 64, 64, 64
L -222, -226, 45, -200, -226, 45, 64, 64, 64
L -222, -266, 45, -222, -226, 45, 64, 64, 64
L -214, -266, 45, -222, -266, 45, 64, 64, 64
L -214, -268, 45, -214, -266, 45, 64, 64, 64
L -222, -268, 45, -214, -268, 45, 64, 64, 64
L -222, -278, 45, -222, -268, 45, 64, 64, 64
L -166, -278, 45, -222, -278, 45, 64, 64, 64
L -166, -282, 45, -166, -278, 45, 64, 64, 64
L -210, -282, 45, -166, -282, 45, 64, 64, 64
L -210, -320, 45, -210, -282, 45, 64, 64, 64
L -156, -320, 45, -210, -320, 45, 64, 64, 64
L -156, -308, 45, -156, -320, 45, 64, 64, 64
L -154, -306, 45, -156, -308, 45, 64, 64, 64
L -137, -306, 45, -154, -306, 45, 64, 64, 64
L -137, -308, 45, -137, -306, 45, 64, 64, 64
L -101, -308, 45, -137, -308, 45, 64, 64, 64
L -101, -306, 45, -101, -308, 45, 64, 64, 64
L -84, -306, 45, -101, -306, 45, 64, 64, 64
L -82, -308, 45, -84, -306, 45, 64, 64, 64
L -82, -320, 45, -82, -308, 45, 64, 64, 64
L -28, -320, 45, -82, -320, 45, 64, 64, 64
L -28, -282, 45, -28, -320, 45, 64, 64, 64
L -72, -282, 45, -28, -282, 45, 64, 64, 64
L -72, -275, 45, -72, -282, 45, 64, 64, 64
L -72, -276, 44, -72, -275, 45, 64, 64, 64
L -58, -275, 30, -72, -276, 44, 64, 64, 64
L -48, -276, 30, -58, -275, 30, 64, 64, 64
L -48, -266, 30, -48, -276, 30, 64, 64, 64
L -48, -266, 29, -48, -266, 30, 64, 64, 64
L -48, -237, 0, -48, -266, 29, 64, 64, 64
L -48, -236, 0, -48, -237, 0, 64, 64, 64
L -112, -222, -33, -112, -207, -38, 64, 64, 64
L -263, -88, -32, -241, -88, -32, 64, 64, 64
L -272, -88, -32, -262, -88, -32, 64, 64, 64
L -272, -110, -32, -272, -88, -32, 64, 64, 64
L -232, -110, -32, -272, -110, -32, 64, 64, 64
L -232, -88, -32, -232, -110, -32, 64, 64, 64
L -242, -88, -32, -232, -88, -32, 64, 64, 64
L -242, -88, -31, -242, -81, -31, 64, 64, 64
L -252, -81, -31, -252, -88, -31, 64, 64, 64
L -242, -88, -71, -262, -88, -71, 240, 0, 0
L -242, -98, -71, -242, -88, -71, 240, 0, 0
L -262, -98, -71, -242, -98, -71, 240, 0, 0
L -262, -88, -71, -262, -98, -71, 240, 0, 0
L -142, -38, -67, -142, -36, -67, 64, 64, 64
L -152, -36, -67, -152, -38, -67, 64, 64, 64
L -152, -32, -67, -152, -34, -67, 64, 64, 64
L -154, -34, -69, -140, -34, -69, 64, 64, 64
L -154, -36, -69, -154, -34, -69, 64, 64, 64
L -140, -36, -69, -154, -36, -69, 64, 64, 64
L -140, -34, -69, -140, -36, -69, 64, 64, 64
L -142, -35, -69, -140, -34, -69, 64, 64, 64
L -142, -32, -67, -142, -35, -69, 64, 64, 64
L -154, -56, -69, -154, -38, -69, 64, 64, 64
L -196, -56, -69, -154, -56, -69, 64, 64, 64
L -196, -84, -69, -196, -56, -69, 64, 64, 64
L -224, -85, -69, -196, -84, -69, 64, 64, 64
L -224, -70, -69, -224, -85, -69, 64, 64, 64
L -280, -70, -69, -224, -70, -69, 64, 64, 64
L -280, -112, -69, -280, -70, -69, 64, 64, 64
L -224, -112, -69, -280, -112, -69, 64, 64, 64
L -224, -98, -69, -224, -112, -69, 64, 64, 64
L -182, -98, -69, -224, -98, -69, 64, 64, 64
L -182, -70, -69, -182, -98, -69, 64, 64, 64
L -140, -70, -69, -182, -70, -69, 64, 64, 64
L -140, -38, -69, -140, -70, -69, 64, 64, 64
L -154, -38, -69, -140, -38, -69, 64, 64, 64
L -55, -84, -33, -55, -72, -33, 240, 0, 0
L -55, -96, -33, -55, -84, -33, 64, 64, 64
L -55, -108, -33, -55, -96, -33, 240, 0, 0
L -126, -84, -33, -136, -84, -33, 240, 0, 0
L -150, -84, -33, -140, -84, -33, 240, 0, 0
L -126, -94, -33, -136, -94, -33, 240, 0, 0
L -150, -94, -33, -140, -94, -33, 240, 0, 0
L -163, -66, -32, -166, -66, -32, 64, 64, 64
L -163, -72, -32, -163, -66, -32, 64, 64, 64
L -166, -72, -32, -163, -72, -32, 64, 64, 64
L -166, -66, -32, -166, -72, -32, 64, 64, 64
L -182, -54, -32, -182, -56, -32, 64, 64, 64
L -182, -55, -32, -182, -54, -32, 64, 64, 64
L -194, -56, -32, -182, -56, -32, 64, 64, 64
L -194, -64, -32, -194, -56, -32, 64, 64, 64
L -257, -64, -32, -194, -64, -32, 64, 64, 64
L -257, -81, -32, -257, -64, -32, 64, 64, 64
L -237, -81, -32, -257, -81, -32, 64, 64, 64
L -237, -74, -32, -237, -81, -32, 64, 64, 64
L -216, -74, -32, -237, -74, -32, 64, 64, 64
L -216, -120, -32, -216, -74, -32, 64, 64, 64
L -192, -120, -32, -216, -120, -32, 64, 64, 64
L -192, -124, -32, -192, -120, -32, 64, 64, 64
L -191, -124, -32, -192, -124, -32, 64, 64, 64
L -191, -126, -32, -191, -124, -32, 64, 64, 64
L -192, -126, -32, -191, -126, -32, 64, 64, 64
L -192, -128, -32, -192, -126, -32, 64, 64, 64
L -191, -128, -32, -192, -128, -32, 64, 64, 64
L -191, -130, -32, -191, -128, -32, 64, 64, 64
L -192, -130, -32, -191, -130, -32, 64, 64, 64
L -192, -132, -32, -192, -130, -32, 64, 64, 64
L -204, -132, -32, -192, -132, -32, 64, 64, 64
L -216, -144, -32, -204, -132, -32, 64, 64, 64
L -216, -156, -32, -216, -144, -32, 64, 64, 64
L -204, -168, -32, -216, -156, -32, 64, 64, 64
L -168, -168, -32, -204, -168, -32, 64, 64, 64
L -156, -156, -32, -168, -168, -32, 64, 64, 64
L -156, -144, -32, -156, -156, -32, 64, 64, 64
L -168, -132, -32, -156, -144, -32, 64, 64, 64
L -180, -132, -32, -168, -132, -32, 64, 64, 64
L -180, -130, -32, -180, -132, -32, 64, 64, 64
L -181, -130, -32, -180, -130, -32, 64, 64, 64
L -181, -128, -32, -181, -130, -32, 64, 64, 64
L -180, -128, -32, -181, -128, -32, 64, 64, 64
L -180, -126, -32, -180, -128, -32, 64, 64, 64
L -181, -126, -32, -180, -126, -32, 64, 64, 64
L -181, -124, -32, -181, -126, -32, 64, 64, 64
L -180, -124, -32, -181, -124, -32, 64, 64, 64
L -180, -120, -32, -180, -124, -32, 64, 64, 64
L -144, -120, -32, -180, -120, -32, 64, 64, 64
L -144, -180, -32, -144, -120, -32, 64, 64, 64
L -162, -180, -32, -144, -180, -32, 64, 64, 64
L -162, -204, -32, -162, -180, -32, 64, 64, 64
L -140, -204, -32, -162, -204, -32, 64, 64, 64
L -140, -238, -32, -140, -204, -32, 64, 64, 64
L -98, -238, -32, -140, -238, -32, 64, 64, 64
L -98, -224, -32, -98, -238, -32, 64, 64, 64
L -98, -195, -41, -98, -224, -32, 64, 64, 64
L -98, -182, -41, -98, -195, -41, 64, 64, 64
L -56, -182, -41, -98, -182, -41, 64, 64, 64
L -56, -196, -41, -56, -182, -41, 64, 64, 64
L -42, -196, -41, -56, -196, -41, 64, 64, 64
L -42, -168, -41, -42, -196, -41, 64, 64, 64
L -112, -168, -41, -42, -168, -41, 64, 64, 64
L -112, -196, -41, -112, -168, -41, 64, 64, 64
L -112, -214, -36, -112, -196, -41, 64, 64, 64
L -112, -224, -32, -112, -215, -35, 64, 64, 64
L -126, -224, -32, -112, -224, -32, 64, 64, 64
L -126, -204, -32, -126, -224, -32, 64, 64, 64
L -120, -204, -32, -126, -204, -32, 64, 64, 64
L -120, -180, -32, -120, -204, -32, 64, 64, 64
L -132, -180, -32, -120, -180, -32, 64, 64, 64
L -132, -108, -32, -132, -180, -32, 64, 64, 64
L -204, -108, -32, -132, -108, -32, 64, 64, 64
L -204, -74, -32, -204, -108, -32, 64, 64, 64
L -194, -74, -32, -204, -74, -32, 64, 64, 64
L -194, -82, -32, -194, -74, -32, 64, 64, 64
L -182, -82, -32, -194, -82, -32, 64, 64, 64
L -182, -94, -32, -182, -82, -32, 64, 64, 64
L -150, -94, -32, -182, -94, -32, 64, 64, 64
L -150, -94, -33, -150, -94, -32, 64, 64, 64
L -150, -104, -33, -150, -94, -33, 64, 64, 64
L -140, -104, -33, -150, -104, -33, 64, 64, 64
L -140, -94, -33, -140, -104, -33, 64, 64, 64
L -140, -94, -32, -140, -94, -33, 64, 64, 64
L -136, -94, -32, -140, -94, -32, 64, 64, 64
L -136, -94, -33, -136, -94, -32, 64, 64, 64
L -136, -104, -33, -136, -94, -33, 64, 64, 64
L -126, -104, -33, -136, -104, -33, 64, 64, 64
L -126, -94, -33, -126, -104, -33, 64, 64, 64
L -126, -94, -32, -126, -94, -33, 64, 64, 64
L -91, -94, -32, -126, -94, -32, 64, 64, 64
L -91, -112, -32, -91, -94, -32, 64, 64, 64
L -90, -112, -32, -91, -112, -32, 64, 64, 64
L -90, -114, -32, -90, -112, -32, 64, 64, 64
L -91, -114, -32, -90, -114, -32, 64, 64, 64
L -91, -120, -32, -91, -114, -32, 64, 64, 64
L -91, -120, -33, -79, -120, -33, 240, 0, 0
L -103, -132, -33, -91, -120, -33, 64, 64, 64
L -103, -144, -33, -103, -132, -33, 64, 64, 64
L -91, -156, -33, -103, -144, -33, 64, 64, 64
L -79, -156, -33, -91, -156, -33, 64, 64, 64
L -67, -144, -33, -79, -156, -33, 64, 64, 64
L -67, -132, -33, -67, -144, -33, 64, 64, 64
L -79, -120, -33, -67, -132, -33, 64, 64, 64
L -79, -120, -32, -79, -120, -33, 64, 64, 64
L -79, -114, -32, -79, -120, -32, 64, 64, 64
L -80, -114, -32, -79, -114, -32, 64, 64, 64
L -80, -112, -32, -80, -114, -32, 64, 64, 64
L -79, -112, -32, -80, -112, -32, 64, 64, 64
L -79, -108, -32, -79, -112, -32, 64, 64, 64
L -63, -108, -32, -79, -108, -32, 64, 64, 64
L -63, -107, -32, -63, -108, -32, 64, 64, 64
L -61, -107, -32, -63, -107, -32, 64, 64, 64
L -61, -108, -32, -61, -107, -32, 64, 64, 64
L -55, -108, -32, -61, -108, -32, 64, 64, 64
L -61, -96, -32, -55, -96, -32, 64, 64, 64
L -61, -97, -32, -61, -96, -32, 64, 64, 64
L -63, -97, -32, -61, -97, -32, 64, 64, 64
L -63, -96, -32, -63, -97, -32, 64, 64, 64
L -67, -96, -32, -63, -96, -32, 64, 64, 64
L -67, -84, -32, -67, -96, -32, 64, 64, 64
L -63, -84, -32, -67, -84, -32, 64, 64, 64
L -63, -83, -32, -63, -84, -32, 64, 64, 64
L -61, -83, -32, -63, -83, -32, 64, 64, 64
L -61, -84, -32, -61, -83, -32, 64, 64, 64
L -55, -84, -32, -61, -84, -32, 64, 64, 64
L -43, -60, -33, -31, -60, -33, 64, 64, 64
L -31, -60, -33, -19, -72, -33, 64, 64, 64
L -43, -120, -33, -55, -108, -33, 64, 64, 64
L -31, -120, -33, -43, -120, -33, 64, 64, 64
L -19, -108, -33, -31, -120, -33, 64, 64, 64
L -19, -72, -33, -19, -108, -33, 64, 64, 64
L -31, -60, -33, -19, -72, -33, 64, 64, 64
L -55, -72, -33, -43, -60, -33, 64, 64, 64
L -55, -72, -32, -55, -72, -33, 64, 64, 64
L -61, -72, -32, -55, -72, -32, 64, 64, 64
L -61, -73, -32, -61, -72, -32, 64, 64, 64
L -63, -73, -32, -61, -73, -32, 64, 64, 64
L -63, -72, -32, -63, -73, -32, 64, 64, 64
L -79, -72, -32, -63, -72, -32, 64, 64, 64
L -79, -68, -32, -79, -72, -32, 64, 64, 64
L -80, -68, -32, -79, -68, -32, 64, 64, 64
L -80, -66, -32, -80, -68, -32, 64, 64, 64
L -79, -66, -32, -80, -66, -32, 64, 64, 64
L -79, -60, -32, -79, -66, -32, 64, 64, 64
L -79, -60, -33, -91, -60, -33, 240, 0, 0
L -67, -48, -33, -79, -60, -33, 64, 64, 64
L -67, -36, -33, -67, -48, -33, 64, 64, 64
L -79, -24, -33, -67, -36, -33, 64, 64, 64
L -91, -24, -33, -79, -24, -33, 64, 64, 64
L -103, -36, -33, -91, -24, -33, 64, 64, 64
L -103, -48, -33, -103, -36, -33, 64, 64, 64
L -91, -60, -33, -103, -48, -33, 64, 64, 64
L -91, -60, -32, -91, -60, -33, 64, 64, 64
L -91, -66, -32, -91, -60, -32, 64, 64, 64
L -90, -66, -32, -91, -66, -32, 64, 64, 64
L -90, -68, -32, -90, -66, -32, 64, 64, 64
L -91, -68, -32, -90, -68, -32, 64, 64, 64
L -91, -84, -32, -91, -68, -32, 64, 64, 64
L -98, -84, -32, -91, -84, -32, 64, 64, 64
L -98, -70, -41, -98, -84, -32, 64, 64, 64
L -112, -70, -41, -98, -70, -41, 64, 64, 64
L -98, -56, -41, -98, -69, -41, 64, 64, 64
L -112, -56, -41, -98, -56, -41, 64, 64, 64
L -112, -14, -69, -112, -56, -41, 64, 64, 64
L -112, -14, -70, -125, -14, -70, 64, 64, 64
L -112, -0, -69, -112, -14, -70, 64, 64, 64
L -154, -0, -69, -112, -0, -69, 64, 64, 64
L -154, -32, -69, -154, -0, -69, 64, 64, 64
L -140, -32, -69, -154, -32, -69, 64, 64, 64
L -140, -14, -69, -140, -32, -69, 64, 64, 64
L -126, -14, -69, -140, -14, -69, 64, 64, 64
L -126, -56, -41, -126, -14, -69, 64, 64, 64
L -126, -70, -41, -126, -56, -41, 64, 64, 64
L -112, -70, -41, -126, -70, -41, 64, 64, 64
L -112, -84, -32, -112, -70, -41, 64, 64, 64
L -126, -84, -32, -112, -84, -32, 64, 64, 64
L -126, -84, -33, -126, -84, -32, 64, 64, 64
L -126, -74, -33, -126, -84, -33, 64, 64, 64
L -136, -74, -33, -126, -74, -33, 64, 64, 64
L -136, -84, -33, -136, -74, -33, 64, 64, 64
L -136, -84, -32, -136, -84, -33, 64, 64, 64
L -140, -84, -32, -136, -84, -32, 64, 64, 64
L -140, -84, -33, -140, -84, -32, 64, 64, 64
L -140, -74, -33, -140, -84, -33, 64, 64, 64
L -150, -74, -33, -140, -74, -33, 64, 64, 64
L -150, -84, -33, -150, -74, -33, 64, 64, 64
L -150, -84, -32, -150, -84, -33, 64, 64, 64
L -172, -84, -32, -150, -84, -32, 64, 64, 64
L -172, -82, -32, -172, -84, -32, 64, 64, 64
L -153, -82, -32, -172, -82, -32, 64, 64, 64
L -153, -56, -32, -153, -82, -32, 64, 64, 64
L -172, -56, -32, -153, -56, -32, 64, 64, 64
L -172, -54, -32, -172, -56, -32, 64, 64, 64
L -154, -32, -31, -156, -32, -31, 100, 50, 0
L -144, -50, -31, -154, -32, -31, 64, 64, 64
L -144, -50, -31, -154, -54, -31, 64, 64, 64
L -144, -49, -30, -144, -13, -30, 64, 64, 64
L -154, -30, -31, -156, -30, -31, 100, 50, 0
L -144, -12, -31, -154, -30, -31, 64, 64, 64
L -154, -8, -31, -144, -12, -31, 64, 64, 64
L -156, -30, -32, -160, -26, -32, 64, 64, 64
L -156, -32, -32, -156, -30, -32, 100, 50, 0
L -160, -36, -32, -156, -32, -32, 64, 64, 64
L -160, -36, -33, -198, -36, -33, 150, 100, 0
L -154, -54, -33, -160, -36, -33, 64, 64, 64
L -194, -54, -33, -154, -54, -33, 64, 64, 64
L -197, -50, -33, -194, -54, -33, 64, 64, 64
L -198, -36, -33, -197, -50, -33, 64, 64, 64
L -160, -26, -33, -198, -26, -33, 150, 100, 0
L -154, -8, -33, -160, -26, -33, 64, 64, 64
L -194, -8, -33, -154, -8, -33, 64, 64, 64
L -198, -12, -33, -194, -8, -33, 64, 64, 64
L -198, -26, -33, -198, -12, -33, 64, 64, 64
L -219, -26, -33, -210, -36, -33, 64, 64, 64
L -198, -26, -33, -198, -36, -33, 64, 64, 64
L -219, -26, -33, -198, -26, -33, 64, 64, 64
L -220, -26, -32, -219, -26, -33, 64, 64, 64
L -220, -60, -32, -220, -26, -32, 64, 64, 64
L -210, -36, -33, -198, -36, -33, 64, 64, 64
L -210, -36, -32, -210, -36, -33, 64, 64, 64
L -210, -60, -32, -210, -36, -32, 64, 64, 64
L -220, -60, -32, -210, -60, -32, 64, 64, 64
L -238, -60, -26, -220, -60, -32, 64, 64, 64
L -248, -60, -26, -238, -60, -26, 64, 64, 64
L -248, -60, -25, -248, -60, -26, 64, 64, 64
L -262, -60, -19, -248, -60, -25, 64, 64, 64
L -262, -88, -19, -262, -60, -19, 64, 64, 64
L -248, -50, -26, -248, -60, -26, 64, 64, 64
L -220, -50, -31, -220, -50, -33, 64, 64, 64
L -238, -50, -27, -220, -50, -31, 64, 64, 64
L -248, -50, -27, -238, -50, -27, 64, 64, 64
L -248, -50, -25, -248, -50, -27, 64, 64, 64
L -262, -50, -20, -248, -50, -25, 64, 64, 64
L -272, -50, -20, -262, -50, -20, 64, 64, 64
L -272, -88, -20, -272, -50, -20, 64, 64, 64
L -282, -61, -20, -292, -61, -20, 64, 64, 64
L -282, -60, -19, -292, -60, -19, 64, 64, 64
L -282, -59, -18, -292, -59, -18, 64, 64, 64
L -282, -58, -17, -292, -58, -17, 64, 64, 64
L -282, -57, -16, -292, -57, -16, 64, 64, 64
L -282, -56, -15, -292, -56, -15, 64, 64, 64
L -282, -55, -14, -292, -55, -14, 64, 64, 64
L -282, -54, -13, -292, -54, -13, 64, 64, 64
L -282, -53, -12, -292, -53, -12, 64, 64, 64
L -282, -52, -11, -292, -52, -11, 64, 64, 64
L -282, -51, -10, -292, -51, -10, 64, 64, 64
L -282, -50, -9, -292, -50, -9, 64, 64, 64
L -282, -49, -8, -292, -49, -8, 64, 64, 64
L -282, -48, -7, -292, -48, -7, 64, 64, 64
L -282, -47, -6, -292, -47, -6, 64, 64, 64
L -282, -46, -5, -292, -46, -5, 64, 64, 64
L -282, -45, -4, -292, -45, -4, 64, 64, 64
L -282, -44, -3, -292, -44, -3, 64, 64, 64
L -282, -43, -2, -292, -43, -2, 64, 64, 64
L -282, -42, -1, -292, -42, -1, 64, 64, 64
L -292, -41, 1, -294, -41, 1, 64, 64, 64
L -291, -42, 1, -292, -41, 1, 64, 64, 64
L -292, -42, -0, -291, -42, 1, 64, 64, 64
L -291, -61, -19, -292, -42, -0, 64, 64, 64
L -292, -98, -19, -291, -61, -19, 64, 64, 64
L -228, -98, -19, -292, -98, -19, 64, 64, 64
L -228, -110, -19, -228, -98, -19, 64, 64, 64
L -218, -110, -19, -228, -110, -19, 64, 64, 64
L -218, -76, -19, -218, -110, -19, 64, 64, 64
L -228, -76, -19, -218, -76, -19, 64, 64, 64
L -228, -88, -19, -228, -76, -19, 64, 64, 64
L -282, -88, -19, -228, -88, -19, 64, 64, 64
L -282, -61, -19, -282, -88, -19, 64, 64, 64
L -282, -41, 1, -282, -61, -19, 64, 64, 64
L -282, -30, 1, -282, -41, 1, 64, 64, 64
L -292, -30, 1, -282, -30, 1, 64, 64, 64
L -292, -31, 1, -292, -30, 1, 64, 64, 64
L -294, -31, 1, -292, -31, 1, 64, 64, 64
L -344, -58, 15, -373, -58, 15, 100, 50, 0
L -344, -76, 15, -344, -58, 15, 100, 50, 0
L -342, -76, 15, -344, -76, 15, 100, 50, 0
L -342, -78, 14, -342, -76, 14, 100, 50, 0
L -322, -78, 14, -342, -78, 14, 100, 50, 0
L -350, -98, 4, -354, -98, 4, 100, 50, 0
L -320, -77, 13, -310, -77, 13, 100, 50, 0
L -320, -78, 12, -310, -78, 12, 100, 50, 0
L -320, -79, 11, -310, -79, 11, 100, 50, 0
L -320, -80, 10, -310, -80, 10, 100, 50, 0
L -320, -81, 9, -310, -81, 9, 100, 50, 0
L -320, -82, 8, -310, -82, 8, 100, 50, 0
L -320, -83, 7, -310, -83, 7, 100, 50, 0
L -310, -84, 6, -320, -84, 6, 100, 50, 0
L -310, -85, 5, -320, -85, 5, 100, 50, 0
L -342, -58, 15, -344, -58, 15, 100, 50, 0
L -344, -56, 15, -344, -58, 15, 100, 50, 0
L -373, -56, 15, -373, -58, 15, 100, 50, 0
L -374, -32, 14, -374, -30, 14, 100, 50, 0
L -376, -32, 14, -374, -32, 14, 100, 50, 0
L -376, -56, 14, -376, -32, 14, 100, 50, 0
L -342, -56, 14, -376, -56, 14, 100, 50, 0
L -341, -76, 14, -342, -56, 14, 100, 50, 0
L -320, -76, 14, -341, -76, 14, 100, 50, 0
L -320, -82, 8, -320, -76, 14, 100, 50, 0
L -320, -84, 7, -320, -82, 8, 100, 50, 0
L -320, -84, 6, -320, -84, 7, 100, 50, 0
L -320, -86, 4, -320, -84, 6, 100, 50, 0
L -320, -88, 3, -320, -86, 4, 100, 50, 0
L -320, -88, 2, -320, -88, 3, 100, 50, 0
L -320, -89, 1, -320, -88, 2, 100, 50, 0
L -320, -89, 1, -320, -90, 0, 100, 50, 0
L -312, -58, 15, -312, -30, 15, 100, 50, 0
L -310, -58, 14, -312, -58, 15, 100, 50, 0
L -310, -77, 14, -310, -58, 14, 100, 50, 0
L -310, -77, 13, -310, -77, 14, 100, 50, 0
L -310, -83, 7, -310, -77, 13, 100, 50, 0
L -310, -84, 7, -310, -83, 7, 100, 50, 0
L -310, -85, 6, -310, -84, 7, 100, 50, 0
L -310, -86, 6, -310, -85, 6, 100, 50, 0
L -310, -86, 5, -310, -86, 6, 100, 50, 0
L -310, -89, 2, -310, -86, 5, 100, 50, 0
L -310, -90, 0, -310, -89, 2, 100, 50, 0
L -320, -87, 3, -310, -87, 3, 100, 50, 0
L -310, -86, 4, -320, -86, 4, 100, 50, 0
L -320, -89, 1, -310, -89, 1, 100, 50, 0
L -320, -88, 2, -310, -88, 2, 100, 50, 0
L -392, 14, -0, -387, 14, -0, 64, 64, 64
L -392, 0, -0, -392, 14, -0, 64, 64, 64
L -405, 0, -0, -405, 28, -0, 64, 64, 64
L 26, 67, 1, 15, 67, 1, 100, 50, 0
L -14, 126, 1, 28, 126, 1, 64, 64, 64
L -28, 126, -0, -14, 126, -0, 0, 127, 0
L -42, 126, 1, -28, 126, 1, 64, 64, 64
L -42, 70, 1, -42, 126, 1, 64, 64, 64
L -28, 57, 1, -42, 70, 1, 64, 64, 64
L -28, 84, 1, -28, 57, 1, 100, 50, 0
L -2, 84, 1, -28, 84, 1, 100, 50, 0
L -2, 86, 1, -2, 84, 1, 100, 50, 0
L 2, 86, 1, -2, 86, 1, 100, 50, 0
L 2, 80, 1, 2, 86, 1, 100, 50, 0
L -2, 80, 1, 2, 80, 1, 100, 50, 0
L -2, 82, 1, -2, 80, 1, 100, 50, 0
L -26, 82, 1, -2, 82, 1, 100, 50, 0
L -26, 58, 1, -26, 82, 1, 100, 50, 0
L -2, 58, 1, -26, 58, 1, 100, 50, 0
L -2, 60, 1, -2, 58, 1, 100, 50, 0
L 2, 60, 1, -2, 60, 1, 100, 50, 0
L 2, 58, 1, 2, 60, 1, 100, 50, 0
L 26, 58, 1, 2, 58, 1, 100, 50, 0
L 26, 67, 1, 26, 58, 1, 100, 50, 0
L 15, 81, 1, 15, 67, 1, 100, 50, 0
L 26, 81, 1, 15, 81, 1, 100, 50, 0
L 26, 96, 1, 26, 81, 1, 100, 50, 0
L -2, 96, 1, 26, 96, 1, 100, 50, 0
L -2, 98, 1, -2, 96, 1, 100, 50, 0
L 28, 98, 1, -2, 98, 1, 100, 50, 0
L 42, 152, -0, 42, 56, -0, 0, 127, 0
L 28, 126, -0, 42, 152, -0, 64, 64, 64
L 28, 98, -0, 28, 126, -0, 150, 100, 0
L 28, 56, -0, 28, 98, -0, 100, 50, 0
L 42, 56, -0, 28, 56, -0, 64, 64, 64
L 56, 42, -1, 56, 42, 1, 64, 64, 64
L 56, 56, -0, 56, 43, -0, 0, 127, 0
L 43, 56, -0, 56, 56, -0, 0, 127, 0
L 56, 42, -0, 42, 56, -0, 64, 64, 64
L 56, -14, 1, 56, 42, 1, 64, 64, 64
L 28, -14, 1, 56, -14, 1, 64, 64, 64
L 28, 28, 1, 28, -14, 1, 64, 64, 64
L 28, 28, 1, -28, 27, 1, 64, 64, 64
L -28, 27, 1, -42, 14, 1, 64, 64, 64
L -42, 14, 1, -70, 14, 1, 64, 64, 64
L -70, 14, 1, -84, 28, 1, 64, 64, 64
L -84, 28, 1, -98, 28, 1, 64, 64, 64
L -98, 28, 1, -125, 0, -0, 64, 64, 64
L -125, 0, -0, -98, 0, -0, 0, 127, 0
L -98, 0, -0, -98, 27, -0, 0, 127, 0
L -98, 27, -0, -98, 27, -1, 0, 127, 0
L -98, 27, -1, -98, 28, -1, 0, 127, 0
L -140, -1, 1, -97, -1, 1, 64, 64, 64
L -97, -1, 1, -97, 28, 1, 64, 64, 64
L -140, -0, 1, -154, -14, 1, 64, 64, 64
L -154, -14, 1, -154, -42, 1, 64, 64, 64
L -154, -42, 1, -168, -42, 1, 64, 64, 64
L -168, -42, 1, -168, -70, 1, 64, 64, 64
L -168, -70, 1, -182, -70, 1, 64, 64, 64
L -182, -70, 1, -182, -14, -0, 64, 64, 64
L -182, -14, -0, -196, -0, -0, 64, 64, 64
L -196, -0, -0, -392, -0, 1, 64, 64, 64
L -392, -0, 1, -392, 1, -0, 64, 64, 64
L -405, 0, -0, -392, 0, -0, 0, 127, 0
L -406, -1, -0, -419, -14, -0, 64, 64, 64
L -419, -14, -0, -419, -140, -0, 64, 64, 64
L -419, -140, -0, -406, -154, -0, 64, 64, 64
L -406, -154, -0, -405, -250, 5, 64, 64, 64
L -405, -250, 5, -336, -250, 1, 64, 64, 64
L -336, -250, 1, -336, -237, 1, 64, 64, 64
L -336, -237, 1, -266, -238, 1, 64, 64, 64
L -252, -182, -0, -225, -154, -0, 64, 64, 64
L -406, -0, -1, -406, -14, -1, 0, 127, 0
L -406, -14, -1, -392, -14, -1, 0, 127, 0
L -392, -14, -1, -392, -154, -1, 0, 127, 0
L -392, -154, -1, -280, -154, -1, 0, 127, 0
L -280, -154, -1, -225, -154, -1, 100, 50, 0
L -280, -196, -1, -336, -168, -1, 0, 0, 255
L -336, -168, -1, -350, -168, -1, 0, 0, 255
L -350, -168, -1, -392, -182, -0, 0, 0, 255
L -392, -182, -0, -392, -195, -0, 0, 0, 255
L -392, -195, -0, -350, -224, 1, 0, 0, 255
L -350, -224, 1, -336, -224, 1, 0, 0, 255
L -336, -224, 1, -280, -210, 1, 0, 0, 255
L -280, -210, 1, -280, -196, 1, 0, 0, 255
L -252, -182, -0, -280, -196, -1, 0, 127, 0
L -406, -250, -1, -392, -196, -1, 0, 127, 0
L -252, -210, 0, -266, -210, 1, 0, 127, 0
L -252, -182, 1, -252, -322, 15, 64, 64, 64
L -252, -322, 15, -280, -322, 15, 64, 64, 64
L -265, -210, 1, -266, -210, 1, 0, 127, 0
L -266, -210, 1, -266, -238, 1, 0, 127, 0
L -252, -224, 6, -266, -224, 6, 0, 127, 0
L -252, -230, 7, -266, -230, 7, 0, 127, 0
L -252, -268, 8, -266, -268, 8, 0, 127, 0
L -336, -250, 15, -336, -252, 15, 64, 64, 64
L -266, -238, 8, -266, -308, 15, 0, 127, 0
L -280, -322, 15, -280, -280, 15, 100, 50, 0
L -280, -266, 14, -280, -252, 15, 100, 50, 0
L -280, -252, 15, -336, -252, 15, 100, 50, 0
L -306, -254, 15, -305, -308, 15, 100, 50, 0
L -305, -308, 15, -308, -308, 15, 100, 50, 0
L -308, -308, 15, -308, -254, 15, 100, 50, 0
L -308, -254, 15, -334, -254, 14, 100, 50, 0
L -334, -254, 14, -334, -282, 14, 100, 50, 0
L -282, -277, 15, -282, -320, 15, 100, 50, 0
L -282, -320, 15, -334, -320, 15, 100, 50, 0
L -334, -320, 15, -334, -292, 15, 100, 50, 0
L -308, -350, 1, -280, -350, 1, 100, 50, 0
L -280, -350, 1, -280, -336, 0, 100, 50, 0
L -282, -324, 1, -306, -324, 1, 100, 50, 0
L -306, -324, 1, -306, -348, 1, 100, 50, 0
L -306, -348, 1, -282, -348, 1, 100, 50, 0
L -282, -348, 1, -282, -335, 1, 100, 50, 0
L -282, -335, 1, -278, -335, 0, 64, 64, 64
L -278, -335, 0, -278, -336, 0, 64, 64, 64
L -278, -336, 0, -280, -336, 0, 64, 64, 64
L -278, -324, 0, -278, -325, 0, 64, 64, 64
L -278, -325, 0, -282, -325, 0, 64, 64, 64
L -282, -325, 0, -282, -324, 0, 64, 64, 64
L -278, -324, 0, -252, -324, 0, 64, 64, 64
L -252, -324, 0, -252, -350, 1, 64, 64, 64
L -252, -350, 1, -280, -377, 1, 64, 64, 64
L -280, -377, 1, -320, -377, 1, 64, 64, 64
L -320, -377, 1, -319, -372, 1, 64, 64, 64
L -319, -372, 1, -322, -371, 1, 64, 64, 64
L -322, -371, 1, -322, -377, 1, 64, 64, 64
L -322, -377, 1, -378, -377, 1, 64, 64, 64
L -378, -377, 1, -405, -350, 1, 64, 64, 64
L -405, -350, 1, -405, -252, 1, 64, 64, 64
L -405, -252, 1, -364, -252, 1, 64, 64, 64
L -336, -252, 15, -364, -252, 15, 64, 64, 64
L -308, -350, 1, -320, -350, 1, 64, 64, 64
L -320, -350, 1, -320, -362, 1, 64, 64, 64
L -320, -362, 1, -322, -362, 1, 64, 64, 64
L -322, -362, 1, -322, -346, 1, 64, 64, 64
L -322, -346, 1, -336, -322, 1, 64, 64, 64
L -336, -322, 1, -364, -322, 1, 64, 64, 64
L -364, -322, 1, -364, -294, 1, 64, 64, 64
L -364, -252, 1, -364, -280, 1, 64, 64, 64
L -364, -280, 1, -364, -294, 1, 0, 127, 0
L -364, -294, 2, -338, -294, 14, 0, 127, 0
L -364, -280, 2, -338, -280, 15, 0, 127, 0
L -338, -280, 15, -364, -280, 15, 0, 127, 0
L -364, -280, 15, -364, -252, 15, 0, 127, 0
L -336, -280, 14, -338, -280, 14, 64, 64, 64
L -338, -280, 14, -338, -282, 14, 64, 64, 64
L -338, -282, 14, -334, -282, 14, 64, 64, 64
L -334, -292, 14, -338, -292, 14, 64, 64, 64
L -338, -292, 14, -338, -294, 14, 64, 64, 64
L -338, -294, 14, -336, -294, 14, 64, 64, 64
L -336, -294, 14, -336, -322, 15, 100, 50, 0
L -322, -322, 15, -336, -322, 15, 100, 50, 0
L -322, -345, 14, -335, -322, 14, 0, 127, 0
L -322, -322, 14, -322, -345, 14, 64, 64, 64
L -334, -282, 14, -334, -292, 14, 0, 127, 0
L -364, -294, 15, -364, -321, 15, 0, 127, 0
L -364, -321, 15, -336, -322, 15, 0, 127, 0
L -280, -280, 14, -278, -280, 14, 64, 64, 64
L -278, -280, 14, -278, -278, 14, 64, 64, 64
L -278, -278, 14, -282, -278, 14, 64, 64, 64
L -282, -268, 14, -278, -268, 14, 64, 64, 64
L -278, -268, 14, -278, -266, 14, 64, 64, 64
L -278, -266, 14, -280, -266, 14, 64, 64, 64
L -266, -238, 15, -336, -238, 15, 0, 127, 0
L -336, -238, 15, -336, -252, 15, 0, 127, 0
L -266, -240, 8, -266, -230, 7, 0, 127, 0
L -266, -230, 7, -266, -217, 5, 0, 127, 0
L -266, -217, 5, -266, -210, 2, 0, 127, 0
L -280, -210, -22, -336, -224, -22, 0, 0, 255
L -336, -224, -22, -350, -224, -22, 0, 0, 255
L -350, -224, -22, -391, -196, -22, 0, 0, 255
L -391, -196, -22, -391, -182, -22, 0, 0, 255
L -391, -182, -22, -350, -168, -22, 0, 0, 255
L -350, -168, -22, -336, -168, -22, 0, 0, 255
L -336, -168, -22, -280, -196, -22, 0, 0, 255
L -280, -196, -22, -280, -210, -22, 0, 0, 255
L -280, -154, 1, -280, -98, 1, 100, 50, 0
L -280, -98, 1, -266, -98, 1, 100, 50, 0
L -266, -98, 1, -266, -96, 1, 100, 50, 0
L -266, -96, 1, -264, -96, 1, 100, 50, 0
L -264, -96, 1, -264, -100, 1, 100, 50, 0
L -264, -100, 1, -277, -100, 1, 100, 50, 0
L -277, -100, 1, -276, -152, 0, 100, 50, 0
L -276, -152, 0, -252, -152, 1, 100, 50, 0
L -252, -152, 1, -252, -126, 1, 100, 50, 0
L -252, -126, 1, -225, -126, 1, 100, 50, 0
L -225, -126, 1, -226, -128, 1, 100, 50, 0
L -226, -128, 1, -250, -128, 1, 100, 50, 0
L -250, -128, 1, -250, -152, 1, 100, 50, 0
L -250, -152, 1, -228, -152, 0, 100, 50, 0
L -228, -152, 0, -228, -140, 0, 100, 50, 0
L -228, -140, 0, -184, -140, 1, 100, 50, 0
L -184, -140, 1, -184, -86, 1, 100, 50, 0
L -184, -86, 1, -198, -86, 1, 100, 50, 0
L -198, -86, 1, -198, -82, 1, 100, 50, 0
L -198, -82, 1, -196, -82, 1, 100, 50, 0
L -196, -82, 1, -196, -84, 1, 100, 50, 0
L -196, -84, 1, -182, -84, 1, 100, 50, 0
L -182, -84, 1, -182, -154, 1, 100, 50, 0
L -222, -86, 1, -208, -86, 1, 100, 50, 0
L -208, -86, 1, -208, -82, 1, 100, 50, 0
L -208, -82, 1, -210, -82, 1, 100, 50, 0
L -210, -82, 1, -210, -84, 1, 100, 50, 0
L -210, -84, 1, -224, -84, 1, 100, 50, 0
L -224, -84, 1, -224, -98, 1, 100, 50, 0
L -224, -98, 1, -252, -98, 1, 100, 50, 0
L -252, -98, 1, -252, -96, 1, 100, 50, 0
L -252, -96, 1, -254, -96, 1, 100, 50, 0
L -254, -96, 1, -254, -100, 1, 100, 50, 0
L -254, -100, 1, -222, -100, 1, 100, 50, 0
L -222, -100, 1, -222, -86, 1, 100, 50, 0
L -182, -154, 1, -168, -154, 1, 64, 64, 64
L -168, -154, 1, -154, -168, 1, 64, 64, 64
L -154, -168, 1, -140, -168, -0, 64, 64, 64
L -140, -168, -0, -126, -168, -0, 64, 64, 64
L -126, -168, -0, -126, -196, -0, 64, 64, 64
L -126, -196, -0, -126, -196, 1, 64, 64, 64
L -126, -196, 1, -154, -196, 1, 64, 64, 64
L -154, -196, 1, -168, -210, 1, 64, 64, 64
L -168, -210, 1, -210, -210, 1, 64, 64, 64
L -210, -210, 1, -223, -224, 1, 64, 64, 64
L -223, -224, 1, -154, -224, 1, 64, 64, 64
L -154, -224, 1, -154, -238, 1, 64, 64, 64
L -154, -238, 1, -152, -238, 1, 64, 64, 64
L -152, -238, 1, -152, -240, 1, 64, 64, 64
L -152, -240, 1, -156, -240, 1, 64, 64, 64
L -156, -240, 1, -156, -226, 1, 64, 64, 64
L -156, -226, 1, -222, -226, 0, 64, 64, 64
L -222, -226, 0, -222, -278, 0, 64, 64, 64
L -222, -278, 0, -194, -278, 0, 64, 64, 64
L -194, -278, 0, -194, -252, 1, 64, 64, 64
L -194, -252, 1, -172, -252, 1, 64, 64, 64
L -172, -252, 1, -172, -254, 1, 64, 64, 64
L -172, -254, 1, -192, -254, 1, 64, 64, 64
L -192, -254, 1, -192, -278, 0, 64, 64, 64
L -192, -278, 0, -156, -278, 1, 64, 64, 64
L -156, -278, 1, -156, -254, 1, 64, 64, 64
L -156, -254, 1, -162, -254, 1, 64, 64, 64
L -162, -254, 1, -162, -252, 1, 64, 64, 64
L -162, -252, 1, -156, -252, 1, 64, 64, 64
L -156, -252, 1, -156, -250, 1, 64, 64, 64
L -156, -250, 1, -152, -250, 1, 64, 64, 64
L -152, -250, 1, -152, -252, 1, 64, 64, 64
L -152, -252, 1, -129, -252, 1, 64, 64, 64
L -129, -252, 1, -125, -256, 1, 64, 64, 64
L -125, -256, 1, -125, -262, 1, 64, 64, 64
L -125, -262, 1, -129, -266, 1, 64, 64, 64
L -129, -266, 1, -154, -266, 1, 64, 64, 64
L -154, -266, 1, -154, -306, 0, 64, 64, 64
L -154, -306, 0, -129, -306, 1, 64, 64, 64
L -129, -306, 1, -129, -308, 1, 64, 64, 64
L -129, -308, 1, -154, -308, 1, 64, 64, 64
L -154, -308, 1, -154, -308, 3, 64, 64, 64
L -154, -308, 3, -156, -308, 3, 64, 64, 64
L -156, -308, 3, -156, -308, 1, 64, 64, 64
L -156, -308, 1, -210, -308, 1, 64, 64, 64
L -210, -308, 1, -210, -308, 3, 64, 64, 64
L -210, -308, 3, -210, -282, 3, 64, 64, 64
L -210, -282, 3, -212, -282, 3, 64, 64, 64
L -212, -282, 3, -212, -282, -0, 64, 64, 64
L -212, -282, -0, -224, -280, -0, 64, 64, 64
L -224, -280, -0, -224, -391, -0, 64, 64, 64
L -224, -391, -0, -224, -392, 1, 64, 64, 64
L -224, -392, 1, -238, -406, 1, 64, 64, 64
L -238, -406, 1, -406, -406, 1, 64, 64, 64
L -406, -406, 1, -420, -420, 1, 64, 64, 64
L -420, -420, 1, -434, -420, 1, 64, 64, 64
L -434, -420, 1, -448, -406, 1, 64, 64, 64
L -448, -406, 1, -448, -392, 1, 64, 64, 64
L -448, -392, 1, -434, -378, 1, 64, 64, 64
L -434, -378, 1, -434, -210, 1, 64, 64, 64
L -434, -210, 1, -441, -182, 1, 64, 64, 64
L -441, -182, 1, -462, -161, 1, 64, 64, 64
L -462, -161, 1, -699, -161, 1, 64, 64, 64
L -699, -161, 1, -699, -267, 1, 64, 64, 64
L -212, -282, -0, -212, -322, -0, 64, 64, 64
L -212, -322, -0, -154, -322, -0, 64, 64, 64
L -154, -322, -0, -154, -336, -1, 64, 64, 64
L -154, -336, -1, -144, -350, -0, 64, 64, 64
L -144, -350, -0, -130, -358, -0, 64, 64, 64
L -130, -358, -0, -126, -358, -0, 64, 64, 64
L -126, -358, -0, -124, -362, -0, 64, 64, 64
L -156, -308, 1, -156, -320, 1, 0, 127, 0
L -156, -320, 1, -210, -320, 1, 0, 127, 0
L -210, -320, 1, -210, -308, 1, 0, 127, 0
L -82, -308, 1, -82, -320, 1, 0, 127, 0
L -82, -320, 1, -28, -320, 1, 0, 127, 0
L -28, -320, 1, -28, -308, 1, 0, 127, 0
L -14, -280, -0, -14, -391, -0, 64, 64, 64
L -14, -391, -0, -14, -392, 1, 64, 64, 64
L -14, -392, 1, -0, -406, 1, 64, 64, 64
L -0, -406, 1, 98, -406, 1, 64, 64, 64
L 98, -406, 1, 112, -420, 1, 64, 64, 64
L 112, -420, 1, 126, -420, 1, 64, 64, 64
L 126, -420, 1, 140, -406, 1, 64, 64, 64
L 140, -406, 1, 140, -392, 1, 64, 64, 64
L 140, -392, 1, 126, -378, 1, 64, 64, 64
L 126, -378, 1, 126, -350, 1, 64, 64, 64
L 126, -350, 1, 140, -336, 1, 64, 64, 64
L 140, -336, 1, 196, -336, 1, 64, 64, 64
L 196, -336, 1, 210, -322, 1, 64, 64, 64
L 210, -322, 1, 210, -147, 1, 64, 64, 64
L 210, -147, 1, 499, -147, 1, 64, 64, 64
L 499, -147, 1, 499, -276, 1, 64, 64, 64
L 168, -336, 1, 168, -322, 1, 64, 64, 64
L 168, -322, 1, 182, -308, 1, 64, 64, 64
L 182, -308, 1, 182, -294, 1, 64, 64, 64
L 182, -294, 1, 168, -280, 1, 64, 64, 64
L 168, -280, 1, 154, -280, 1, 64, 64, 64
L 154, -280, 1, 140, -294, 1, 64, 64, 64
L 140, -294, 1, 140, -308, 1, 64, 64, 64
L 140, -308, 1, 154, -322, 1, 64, 64, 64
L 154, -322, 1, 154, -336, 1, 64, 64, 64
L 168, -310, 1, 152, -310, 1, 64, 64, 64
L 152, -310, 1, 152, -292, 1, 64, 64, 64
L 152, -292, 1, 170, -292, 1, 64, 64, 64
L 170, -292, 1, 170, -310, 1, 64, 64, 64
L 154, -307, 3, 154, -294, 3, 0, 0, 255
L 154, -294, 3, 168, -294, 3, 0, 0, 255
L 168, -294, 3, 168, -308, 3, 0, 0, 255
L 168, -308, 3, 154, -308, 3, 0, 0, 255
L -14, -280, -0, -26, -282, -0, 64, 64, 64
L -26, -282, -0, -26, -322, -0, 64, 64, 64
L -26, -322, -0, -84, -322, -0, 64, 64, 64
L -28, -308, 1, -82, -308, 1, 64, 64, 64
L -82, -308, 1, -82, -308, 3, 64, 64, 64
L -82, -308, 3, -84, -308, 3, 64, 64, 64
L -84, -308, 3, -84, -308, 1, 64, 64, 64
L -84, -308, 1, -109, -308, 1, 64, 64, 64
L -109, -308, 1, -109, -306, 1, 64, 64, 64
L -109, -306, 1, -84, -306, 1, 64, 64, 64
L -84, -306, 1, -84, -266, 0, 64, 64, 64
L -84, -266, 0, -109, -266, 1, 64, 64, 64
L -109, -266, 1, -113, -262, 1, 64, 64, 64
L -113, -262, 1, -113, -256, 1, 64, 64, 64
L -113, -256, 1, -109, -252, 1, 64, 64, 64
L -109, -252, 1, -86, -252, 1, 64, 64, 64
L -86, -252, 1, -86, -250, 1, 64, 64, 64
L -86, -250, 1, -82, -250, 1, 64, 64, 64
L -82, -250, 1, -82, -264, 1, 64, 64, 64
L -82, -264, 1, -60, -264, 0, 64, 64, 64
L -60, -264, 0, -60, -236, 1, 64, 64, 64
L -60, -236, 1, -58, -236, 1, 64, 64, 64
L -58, -236, 1, -58, -238, 1, 64, 64, 64
L -58, -238, 1, -48, -238, 1, 100, 50, 0
L -48, -238, 1, -48, -236, 1, 64, 64, 64
L -48, -236, 1, -46, -236, 1, 64, 64, 64
L -46, -236, 1, -46, -280, 1, 64, 64, 64
L -46, -280, 1, -26, -280, 1, 64, 64, 64
L -26, -280, 1, -26, -278, 1, 64, 64, 64
L -26, -278, 1, -16, -278, 1, 64, 64, 64
L -16, -278, 1, -16, -228, 1, 64, 64, 64
L -16, -228, 1, -26, -228, 1, 64, 64, 64
L -26, -228, 1, -26, -226, 1, 64, 64, 64
L -26, -226, 1, -82, -226, 1, 64, 64, 64
L -82, -226, 1, -82, -240, 1, 64, 64, 64
L -82, -240, 1, -86, -240, 1, 64, 64, 64
L -86, -240, 1, -86, -238, 1, 64, 64, 64
L -86, -238, 1, -84, -238, 1, 64, 64, 64
L -84, -238, 1, -84, -224, 1, 64, 64, 64
L -84, -224, 1, -15, -224, 1, 64, 64, 64
L -15, -224, 1, -28, -210, 1, 64, 64, 64
L -28, -210, 1, -70, -210, 1, 64, 64, 64
L -70, -210, 1, -84, -196, 1, 64, 64, 64
L -84, -196, 1, -112, -196, 1, 64, 64, 64
L -112, -196, 1, -112, -196, -0, 64, 64, 64
L -112, -196, -0, -112, -154, -0, 64, 64, 64
L -112, -154, -0, -140, -154, -0, 64, 64, 64
L -140, -154, -0, -140, -154, 1, 64, 64, 64
L -140, -154, 1, -154, -140, 1, 64, 64, 64
L -154, -140, 1, -154, -56, 1, 64, 64, 64
L -154, -56, 1, -140, -56, 1, 64, 64, 64
L -140, -56, 1, -140, -28, -0, 64, 64, 64
L -140, -28, -0, -140, -28, 1, 64, 64, 64
L -140, -28, 1, -126, -28, 1, 64, 64, 64
L -154, -28, -0, -140, -28, -0, 0, 127, 0
L -140, -35, -0, -154, -35, -0, 0, 127, 0
L -182, -69, -0, -196, -56, -0, 0, 127, 0
L -196, -56, -0, -224, -56, -0, 0, 127, 0
L -224, -56, -0, -238, -42, -0, 0, 127, 0
L -238, -42, -0, -251, -0, -0, 0, 127, 0
L -280, -28, 1, -378, -28, 1, 100, 50, 0
L -378, -28, 1, -378, -126, 1, 100, 50, 0
L -378, -126, 1, -350, -126, 1, 100, 50, 0
L -350, -126, 1, -350, -128, 1, 100, 50, 0
L -350, -128, 1, -348, -128, 1, 100, 50, 0
L -348, -128, 1, -348, -124, 1, 100, 50, 0
L -348, -124, 1, -350, -124, 1, 100, 50, 0
L -350, -124, 1, -350, -112, 1, 100, 50, 0
L -350, -112, 1, -328, -112, 1, 100, 50, 0
L -328, -112, 1, -328, -110, 1, 100, 50, 0
L -328, -110, 1, -350, -110, 1, 100, 50, 0
L -350, -110, 1, -350, -66, 1, 100, 50, 0
L -350, -66, 1, -366, -66, 1, 100, 50, 0
L -366, -66, 1, -366, -70, 1, 100, 50, 0
L -366, -70, 1, -354, -70, 1, 100, 50, 0
L -354, -70, 1, -354, -98, 1, 100, 50, 0
L -354, -98, 1, -366, -98, 1, 100, 50, 0
L -366, -98, 1, -366, -100, 1, 100, 50, 0
L -366, -100, 1, -352, -100, 1, 100, 50, 0
L -352, -100, 1, -352, -124, 1, 100, 50, 0
L -352, -124, 1, -375, -124, 1, 100, 50, 0
L -375, -124, 1, -375, -58, 1, 100, 50, 0
L -375, -58, 1, -374, -58, 1, 100, 50, 0
L -374, -58, 1, -374, -56, 1, 100, 50, 0
L -374, -56, 1, -375, -56, 1, 100, 50, 0
L -375, -56, 1, -375, -32, 1, 100, 50, 0
L -375, -32, 1, -374, -32, 1, 100, 50, 0
L -374, -32, 1, -373, -30, 1, 100, 50, 0
L -373, -30, 1, -312, -30, 1, 100, 50, 0
L -312, -30, 1, -312, -32, 1, 100, 50, 0
L -312, -32, 1, -310, -32, 1, 100, 50, 0
L -310, -32, 1, -310, -40, 1, 100, 50, 0
L -310, -40, 1, -308, -40, 1, 100, 50, 0
L -308, -40, 1, -308, -30, 1, 100, 50, 0
L -308, -30, 1, -294, -30, 1, 100, 50, 0
L -294, -30, 1, -294, -68, 1, 100, 50, 0
L -294, -68, 1, -308, -68, 1, 100, 50, 0
L -308, -68, 1, -308, -50, 1, 100, 50, 0
L -308, -50, 1, -310, -50, 1, 100, 50, 0
L -310, -50, 1, -310, -56, 1, 100, 50, 0
L -310, -56, 1, -312, -56, 1, 100, 50, 0
L -312, -56, 1, -312, -58, 1, 100, 50, 0
L -312, -58, 1, -310, -58, 1, 100, 50, 0
L -310, -58, 1, -310, -76, 1, 100, 50, 0
L -310, -76, 1, -322, -76, 1, 100, 50, 0
L -322, -76, 1, -322, -78, 1, 100, 50, 0
L -322, -78, 1, -320, -78, 1, 100, 50, 0
L -320, -78, 1, -322, -78, 1, 100, 50, 0
L -322, -78, 1, -320, -78, 1, 100, 50, 0
L -320, -78, 1, -320, -88, 1, 100, 50, 0
L -320, -88, 1, -322, -88, 1, 100, 50, 0
L -322, -88, 1, -322, -90, 1, 100, 50, 0
L -322, -90, 1, -310, -90, 1, 100, 50, 0
L -310, -90, 1, -310, -110, 1, 100, 50, 0
L -310, -110, 1, -318, -110, 1, 100, 50, 0
L -318, -110, 1, -318, -112, 1, 100, 50, 0
L -318, -112, 1, -310, -112, 1, 100, 50, 0
L -310, -112, 1, -310, -124, 0, 100, 50, 0
L -310, -124, 0, -338, -124, 1, 100, 50, 0
L -338, -124, 1, -338, -128, 1, 100, 50, 0
L -338, -128, 1, -336, -128, 1, 100, 50, 0
L -336, -128, 1, -336, -126, 1, 100, 50, 0
L -336, -126, 1, -308, -126, 1, 100, 50, 0
L -308, -126, 1, -308, -70, 1, 100, 50, 0
L -308, -70, 1, -280, -70, 1, 100, 50, 0
L -280, -70, 1, -280, -28, 1, 100, 50, 0
L -140, -154, -0, -140, -168, -0, 0, 127, 0
L -126, -196, -0, -112, -196, -0, 0, 127, 0
L -58, -239, 2, -48, -239, 2, 100, 50, 0
L -42, -126, 2, -28, -126, 2, 100, 50, 0
L -28, -112, 2, -28, -126, 2, 100, 50, 0
L -28, -126, 2, -28, -140, 16, 100, 50, 0
L -28, -140, 16, -42, -140, 16, 100, 50, 0
L -40, -140, 17, -40, -142, 17, 100, 50, 0
L -40, -142, 17, -42, -142, 17, 100, 50, 0
L -42, -142, 17, -42, -152, 17, 100, 50, 0
L -42, -152, 17, -40, -152, 17, 100, 50, 0
L -40, -152, 17, -40, -154, 17, 100, 50, 0
L -40, -154, 17, -30, -154, 17, 100, 50, 0
L -30, -154, 17, -30, -151, 17, 100, 50, 0
L -30, -151, 17, -30, -152, 16, 100, 50, 0
L -30, -152, 16, -30, -142, 16, 100, 50, 0
L -30, -142, 16, -26, -142, 16, 100, 50, 0
L -26, -142, 16, -26, -124, 16, 100, 50, 0
L -26, -124, 16, -26, -124, 15, 100, 50, 0
L -26, -124, 15, -26, -114, 15, 100, 50, 0
L -26, -114, 15, -26, -114, 16, 100, 50, 0
L -26, -114, 16, -26, -72, 16, 100, 50, 0
L -26, -72, 16, -2, -72, 15, 100, 50, 0
L -2, -72, 15, -2, -112, 16, 100, 50, 0
L -2, -112, 16, -16, -112, 16, 100, 50, 0
L -16, -112, 16, -16, -114, 16, 100, 50, 0
L -16, -114, 16, -16, -115, 15, 100, 50, 0
L -16, -115, 15, -26, -114, 15, 100, 50, 0
L -26, -124, 15, -15, -124, 15, 100, 50, 0
L -30, -152, 16, -16, -152, 16, 100, 50, 0
L -16, -152, 16, -16, -136, 16, 100, 50, 0
L -16, -136, 16, -14, -136, 16, 100, 50, 0
L -14, -136, 16, -14, -152, 16, 100, 50, 0
L -14, -152, 16, 26, -152, 15, 100, 50, 0
L 26, -152, 15, 26, -138, 16, 100, 50, 0
L 26, -138, 16, 30, -138, 16, 100, 50, 0
L 30, -138, 16, 30, -128, 16, 100, 50, 0
L 30, -128, 16, 26, -128, 16, 100, 50, 0
L 26, -128, 16, 26, -114, 16, 100, 50, 0
L 26, -114, 16, 10, -114, 16, 100, 50, 0
L 10, -114, 16, 10, -142, 16, 100, 50, 0
L 10, -142, 16, 8, -142, 16, 100, 50, 0
L 8, -142, 16, 8, -126, 16, 100, 50, 0
L 8, -126, 16, -16, -126, 16, 100, 50, 0
L -16, -126, 16, -16, -124, 16, 100, 50, 0
L -28, -127, 3, -42, -127, 3, 100, 50, 0
L -42, -128, 4, -28, -128, 4, 100, 50, 0
L -42, -129, 5, -28, -129, 5, 100, 50, 0
L -42, -130, 6, -28, -130, 6, 100, 50, 0
L -42, -131, 7, -28, -131, 7, 100, 50, 0
L -42, -132, 8, -28, -132, 8, 100, 50, 0
L -42, -133, 9, -28, -133, 9, 100, 50, 0
L -42, -134, 10, -28, -134, 10, 100, 50, 0
L -42, -135, 11, -28, -135, 11, 100, 50, 0
L -42, -136, 12, -28, -136, 12, 100, 50, 0
L -42, -137, 13, -28, -137, 13, 100, 50, 0
L -42, -138, 14, -28, -138, 14, 100, 50, 0
L -42, -139, 15, -28, -139, 15, 100, 50, 0
L -30, -142, 16, -26, -142, 16, 100, 50, 0
L -30, -140, 17, -30, -142, 17, 100, 50, 0
L -30, -142, 17, -30, -142, 16, 100, 50, 0
L 30, -138, 17, 42, -138, 17, 100, 50, 0
L 14, -98, 17, 14, -70, 17, 100, 50, 0
L 0, -72, 17, 0, -112, 17, 100, 50, 0
L 0, -112, 17, 28, -112, 17, 100, 50, 0
L 28, -112, 17, 28, -126, 17, 100, 50, 0
L 28, -126, 17, 30, -126, 17, 100, 50, 0
L 30, -126, 17, 30, -140, 17, 100, 50, 0
L 30, -140, 17, 40, -140, 17, 100, 50, 0
L 40, -140, 17, 40, -96, 17, 100, 50, 0
L 42, -138, 17, 42, -128, 17, 100, 50, 0
L 42, -128, 17, 40, -128, 17, 100, 50, 0
L 40, -128, 17, 40, -126, 17, 100, 50, 0
L 40, -126, 17, 42, -126, 17, 100, 50, 0
L 42, -126, 17, 42, -98, 17, 100, 50, 0
L 42, -98, 17, 14, -98, 17, 100, 50, 0
L 40, -96, 17, 16, -96, 17, 100, 50, 0
L 16, -96, 17, 16, -98, 17, 100, 50, 0
L 16, -98, 17, 14, -98, 17, 100, 50, 0
L 14, -98, 17, 14, -96, 17, 100, 50, 0
L 14, -96, 17, 16, -96, 17, 100, 50, 0
L 16, -96, 17, 16, -72, 17, 100, 50, 0
L 16, -72, 17, 0, -72, 17, 100, 50, 0
L 14, -70, 17, 2, -70, 17, 100, 50, 0
L 2, -70, 17, 2, -72, 17, 100, 50, 0
L -15, -124, 14, -15, -114, 14, 100, 50, 0
L -14, -124, 13, -14, -114, 13, 100, 50, 0
L -13, -124, 12, -13, -114, 12, 100, 50, 0
L -12, -114, 11, -12, -124, 11, 100, 50, 0
L -11, -114, 10, -11, -124, 10, 100, 50, 0
L -10, -114, 9, -10, -124, 9, 100, 50, 0
L -9, -114, 8, -9, -124, 8, 100, 50, 0
L -8, -114, 7, -8, -124, 7, 100, 50, 0
L -7, -114, 6, -7, -124, 6, 100, 50, 0
L -6, -114, 5, -6, -124, 5, 100, 50, 0
L -5, -114, 4, -5, -124, 4, 100, 50, 0
L -4, -114, 3, -4, -124, 3, 100, 50, 0
L -3, -114, 2, -3, -124, 2, 100, 50, 0
L -16, -124, 15, -2, -124, 1, 100, 50, 0
L -2, -114, 1, -16, -114, 15, 100, 50, 0
L 58, -30, 1, 58, -54, 1, 100, 50, 0
L 58, -54, 1, 82, -54, 1, 100, 50, 0
L 82, -54, 1, 82, -30, 1, 100, 50, 0
L 82, -30, 1, 68, -30, 1, 100, 50, 0
L 68, -30, 1, 68, -26, 1, 100, 50, 0
L 68, -26, 1, 70, -26, 1, 100, 50, 0
L 70, -26, 1, 70, -16, 1, 100, 50, 0
L 70, -16, 1, 68, -16, 1, 100, 50, 0
L 68, -16, 1, 68, -14, 1, 100, 50, 0
L 68, -14, 1, 72, -14, 1, 100, 50, 0
L 72, -14, 1, 72, -26, 1, 100, 50, 0
L 72, -26, 1, 96, -26, 1, 100, 50, 0
L 96, -26, 1, 96, -2, 1, 100, 50, 0
L 96, -2, 1, 72, -2, 1, 100, 50, 0
L 72, -2, 1, 72, -4, 1, 100, 50, 0
L 72, -4, 1, 68, -4, 1, 100, 50, 0
L 68, -4, 1, 68, -2, 1, 100, 50, 0
L 68, -2, 1, 70, -2, 1, 100, 50, 0
L 70, -2, 1, 70, 28, 1, 100, 50, 0
L 70, 28, 1, 78, 28, 1, 100, 50, 0
L 78, 28, 1, 78, 30, 1, 100, 50, 0
L 78, 30, 1, 80, 30, 1, 100, 50, 0
L 80, 30, 1, 80, 26, 1, 100, 50, 0
L 80, 26, 1, 72, 26, 1, 100, 50, 0
L 72, 26, 1, 72, 2, 1, 100, 50, 0
L 72, 2, 1, 96, 2, 1, 100, 50, 0
L 96, 2, 1, 96, 26, 1, 100, 50, 0
L 96, 26, 1, 90, 26, 1, 100, 50, 0
L 90, 26, 1, 90, 30, 1, 100, 50, 0
L 90, 30, 1, 92, 30, 1, 100, 50, 0
L 92, 30, 1, 92, 28, 1, 100, 50, 0
L 98, 28, 1, 92, 28, 1, 100, 50, 0
L 84, 56, -0, 70, 56, -0, 100, 50, 0
L 70, 56, -0, 70, 56, 1, 100, 50, 0
L 70, 56, 1, 68, 56, 1, 100, 50, 0
L 68, 56, 1, 68, 58, 1, 100, 50, 0
L 68, 58, 1, 82, 58, 1, 100, 50, 0
L 82, 58, 1, 82, 96, 1, 100, 50, 0
L 82, 96, 1, 64, 96, 1, 100, 50, 0
L 64, 96, 1, 64, 72, 1, 100, 50, 0
L 64, 72, 1, 72, 72, 1, 100, 50, 0
L 72, 72, 1, 72, 68, 1, 100, 50, 0
L 72, 68, 1, 68, 68, 1, 100, 50, 0
L 68, 68, 1, 68, 70, 1, 100, 50, 0
L 68, 70, 1, 63, 70, 1, 100, 50, 0
L 63, 70, 1, 63, 98, -0, 100, 50, 0
L 42, 152, -0, 42, 152, 1, 100, 50, 0
L 42, 152, 1, 44, 152, 1, 100, 50, 0
L 44, 152, 1, 44, 166, 1, 100, 50, 0
L 44, 166, 1, 68, 166, 1, 100, 50, 0
L 68, 166, 1, 68, 152, 1, 100, 50, 0
L 68, 152, 1, 82, 152, 1, 100, 50, 0
L 82, 152, 1, 82, 128, 0, 100, 50, 0
L 82, 128, 0, 58, 128, 1, 100, 50, 0
L 58, 128, 1, 58, 156, 1, 100, 50, 0
L 58, 156, 1, 54, 156, 1, 100, 50, 0
L 54, 156, 1, 54, 152, 1, 100, 50, 0
L 54, 152, 1, 56, 152, 1, 100, 50, 0
L 56, 152, 1, 56, 126, 1, 100, 50, 0
L 56, 126, 1, 56, 112, 1, 64, 64, 64
L 56, 112, 1, 54, 112, 1, 64, 64, 64
L 54, 112, 1, 54, 110, 1, 64, 64, 64
L 54, 110, 1, 58, 110, 1, 64, 64, 64
L 58, 110, 1, 58, 124, 1, 64, 64, 64
L 58, 124, 1, 82, 124, 1, 64, 64, 64
L 82, 124, 1, 82, 100, 1, 64, 64, 64
L 82, 100, 1, 54, 100, 1, 64, 64, 64
L 54, 100, 1, 54, 98, 1, 64, 64, 64
L 54, 98, 1, 56, 98, 1, 64, 64, 64
L 56, 98, 1, 56, 98, -0, 64, 64, 64
L 56, 98, -0, 63, 98, -0, 64, 64, 64
L 84, 56, -0, 97, 42, -0, 64, 64, 64
L 58, -30, 1, 58, -26, 1, 64, 64, 64
L 58, -26, 1, 56, -26, 1, 64, 64, 64
L 56, -26, 1, 56, -28, 1, 64, 64, 64
L 56, -28, 1, 54, -28, 1, 64, 64, 64
L 98, 42, -1, 70, 42, -0, 0, 127, 0
L 70, 42, -0, 70, 56, -0, 0, 127, 0
L 26, 81, 1, 26, 66, 15, 100, 50, 0
L 26, 66, 15, 27, 66, 15, 100, 50, 0
L 27, 66, 15, 27, 57, 15, 100, 50, 0
L 27, 57, 15, 1, 57, 15, 100, 50, 0
L 1, 57, 15, 1, 97, 15, 100, 50, 0
L 1, 97, 15, 15, 97, 14, 100, 50, 0
L 15, 97, 14, 15, 66, 15, 100, 50, 0
L 15, 66, 15, 16, 66, 15, 100, 50, 0
L 16, 66, 15, 16, 81, 2, 100, 50, 0
L 26, 80, 2, 16, 80, 2, 100, 50, 0
L 26, 68, 14, 16, 68, 14, 100, 50, 0
L 26, 69, 13, 16, 69, 13, 100, 50, 0
L 26, 70, 12, 16, 70, 12, 100, 50, 0
L 26, 71, 11, 16, 71, 11, 100, 50, 0
L 26, 72, 10, 16, 72, 10, 100, 50, 0
L 26, 73, 9, 16, 73, 9, 100, 50, 0
L 26, 74, 8, 16, 74, 8, 100, 50, 0
L 26, 75, 7, 16, 75, 7, 100, 50, 0
L 26, 76, 6, 16, 76, 6, 100, 50, 0
L 26, 77, 5, 16, 77, 5, 100, 50, 0
L 26, 78, 4, 16, 78, 4, 100, 50, 0
L 26, 79, 3, 16, 79, 3, 100, 50, 0
L -352, 30, 3, -352, 14, -0, 64, 64, 64
L -352, 14, -0, -391, 14, -0, 64, 64, 64
L -363, 29, -0, -364, 28, -0, 64, 64, 64
L -364, 28, -0, -405, 28, -0, 64, 64, 64
L -405, 28, -0, -405, 25, -0, 64, 64, 64
L -352, 31, -0, -363, 31, -0, 150, 0, 200
L -84, -182, -41, -84, -168, -41, 150, 0, 200
L 1099, -864, 1, 1099, -1392, 1, 64, 64, 64
L -1099, -1080, 1, -1099, -1385, 1, 64, 64, 64
L -114, -1183, 4, -115, -1220, 4, 150, 100, 0
L -115, -1220, 4, -114, -1230, 4, 150, 100, 0
L -114, -1230, 4, -115, -1239, 4, 150, 100, 0
L -115, -1239, 4, -116, -1257, 4, 150, 100, 0
L -116, -1257, 4, -109, -1275, 4, 150, 100, 0
L -109, -1275, 4, -104, -1296, 4, 150, 100, 0
L -104, -1296, 4, -106, -1308, 4, 150, 100, 0
L -106, -1308, 4, -106, -1337, 4, 150, 100, 0
L -106, -1337, 4, -109, -1363, 4, 150, 100, 0
L -109, -1363, 4, -113, -1386, 4, 150, 100, 0
L -113, -1386, 4, -114, -1394, 4, 150, 100, 0
L -103, -525, 4, -110, -510, 4, 150, 100, 0
L -110, -510, 4, -110, -509, 4, 150, 100, 0
