L -29, -509, 16, 20, -509, 13, 0, 0, 0
L -29, -509, 15, -34, -509, 15, 0, 0, 0
L -15, -502, 15, -29, -509, 15, 0, 0, 0
L 1, -502, 15, -15, -502, 15, 0, 0, 0
L 15, -509, 15, 1, -502, 15, 0, 0, 0
L 20, -509, 15, 15, -509, 15, 0, 0, 0
L 31, -540, 17, 31, -527, 17, 0, 0, 0
L 34, -527, 18, 34, -540, 18, 0, 0, 0
L 37, -540, 19, 37, -527, 19, 0, 0, 0
L 40, -527, 20, 40, -540, 20, 0, 0, 0
L 43, -540, 21, 43, -527, 21, 0, 0, 0
L 46, -527, 22, 46, -540, 22, 0, 0, 0
L 49, -540, 23, 49, -527, 23, 0, 0, 0
L 52, -527, 24, 52, -540, 24, 0, 0, 0
L 55, -540, 25, 55, -527, 25, 0, 0, 0
L 58, -527, 26, 58, -540, 26, 0, 0, 0
L 61, -540, 27, 61, -527, 27, 0, 0, 0
L 67, -527, 29, 67, -540, 29, 0, 0, 0
L 64, -540, 28, 64, -527, 28, 0, 0, 0
L -45, -540, 17, -45, -527, 17, 0, 0, 0
L -48, -527, 18, -48, -540, 18, 0, 0, 0
L -51, -540, 19, -51, -527, 19, 0, 0, 0
L -54, -527, 20, -54, -540, 20, 0, 0, 0
L -57, -540, 21, -57, -527, 21, 0, 0, 0
L -60, -527, 22, -60, -540, 22, 0, 0, 0
L -63, -540, 23, -63, -527, 23, 0, 0, 0
L -66, -527, 24, -66, -540, 24, 0, 0, 0
L -69, -540, 25, -69, -527, 25, 0, 0, 0
L -72, -540, 26, -72, -527, 26, 0, 0, 0
L -75, -527, 27, -75, -540, 27, 0, 0, 0
L -78, -540, 28, -78, -527, 28, 0, 0, 0
L -81, -527, 29, -81, -538, 29, 0, 0, 0
L -83, -337, 15, -73, -337, 15, 0, 0, 0
L -73, -336, 16, -81, -336, 16, 0, 0, 0
L -81, -335, 17, -73, -335, 17, 0, 0, 0
L -73, -334, 18, -81, -334, 18, 0, 0, 0
L -81, -333, 19, -73, -333, 19, 0, 0, 0
L -73, -332, 20, -81, -332, 20, 0, 0, 0
L -81, -331, 21, -73, -331, 21, 0, 0, 0
L -73, -330, 22, -81, -330, 22, 0, 0, 0
L -81, -329, 23, -73, -329, 23, 0, 0, 0
L -73, -328, 24, -81, -328, 24, 0, 0, 0
L -81, -327, 25, -73, -327, 25, 0, 0, 0
L -73, -326, 26, -81, -326, 26, 0, 0, 0
L -81, -325, 27, -73, -325, 27, 0, 0, 0
L -73, -324, 28, -81, -324, 28, 0, 0, 0
L -25, -392, 15, -39, -392, 15, 0, 0, 0
L -39, -390, 16, -25, -390, 16, 0, 0, 0
L -25, -388, 17, -39, -388, 17, 0, 0, 0
L -39, -386, 18, -25, -386, 18, 0, 0, 0
L -25, -384, 19, -39, -384, 19, 0, 0, 0
L -39, -382, 20, -25, -382, 20, 0, 0, 0
L -25, -380, 21, -39, -380, 21, 0, 0, 0
L -39, -378, 22, -25, -378, 22, 0, 0, 0
L -25, -376, 23, -39, -376, 23, 0, 0, 0
L -38, -374, 24, -25, -374, 24, 0, 0, 0
L -25, -372, 25, -39, -372, 25, 0, 0, 0
L -39, -370, 26, -25, -370, 26, 0, 0, 0
L -25, -368, 27, -39, -368, 27, 0, 0, 0
L -39, -366, 28, -25, -366, 28, 0, 0, 0
L 25, -390, 16, 11, -390, 16, 0, 0, 0
L 11, -388, 17, 25, -388, 17, 0, 0, 0
L 25, -386, 18, 11, -386, 18, 0, 0, 0
L 11, -384, 19, 25, -384, 19, 0, 0, 0
L 25, -382, 20, 11, -382, 20, 0, 0, 0
L 11, -380, 21, 25, -380, 21, 0, 0, 0
L 25, -378, 22, 11, -378, 22, 0, 0, 0
L 11, -376, 23, 25, -376, 23, 0, 0, 0
L 25, -374, 24, 11, -374, 24, 0, 0, 0
L 11, -372, 25, 25, -372, 25, 0, 0, 0
L 25, -370, 26, 11, -370, 26, 0, 0, 0
L 11, -368, 27, 25, -368, 27, 0, 0, 0
L 25, -366, 28, 11, -366, 28, 0, 0, 0
L 52, -371, 1, 38, -371, 1, 0, 0, 0
L 38, -373, 2, 52, -373, 2, 0, 0, 0
L 52, -375, 3, 38, -375, 3, 0, 0, 0
L 38, -377, 4, 52, -377, 4, 0, 0, 0
L 52, -379, 5, 38, -379, 5, 0, 0, 0
L 38, -381, 6, 52, -381, 6, 0, 0, 0
L 52, -383, 7, 38, -383, 7, 0, 0, 0
L 38, -385, 8, 52, -385, 8, 0, 0, 0
L 52, -387, 9, 38, -387, 9, 0, 0, 0
L 52, -389, 10, 38, -389, 10, 0, 0, 0
L 38, -391, 11, 52, -391, 11, 0, 0, 0
L 52, -393, 12, 38, -393, 12, 0, 0, 0
L 38, -395, 13, 52, -395, 13, 0, 0, 0
L -66, -371, 1, -52, -371, 1, 0, 0, 0
L -66, -373, 2, -52, -373, 2, 0, 0, 0
L -66, -375, 3, -52, -375, 3, 0, 0, 0
L -66, -377, 4, -52, -377, 4, 0, 0, 0
L -66, -379, 5, -52, -379, 5, 0, 0, 0
L -66, -381, 6, -52, -381, 6, 0, 0, 0
L -66, -383, 7, -52, -383, 7, 0, 0, 0
L -66, -385, 8, -52, -385, 8, 0, 0, 0
L -52, -387, 9, -66, -387, 9, 0, 0, 0
L -66, -389, 10, -52, -389, 10, 0, 0, 0
L -52, -391, 11, -66, -391, 11, 0, 0, 0
L -66, -393, 12, -52, -393, 12, 0, 0, 0
L -52, -395, 13, -66, -395, 13, 0, 0, 0
L -62, -250, -0, -50, -250, -0, 150, 0, 200
L 65, -456, 1, 65, -463, 1, 0, 0, 0
L 51, -456, 1, 65, -456, 1, 0, 0, 0
L 51, -441, 1, 51, -456, 1, 0, 0, 0
L 65, -441, 1, 51, -441, 1, 0, 0, 0
L 65, -426, 1, 65, -441, 1, 0, 0, 0
L 51, -426, 1, 65, -426, 1, 0, 0, 0
L 51, -412, 1, 51, -426, 1, 0, 0, 0
L 15, -412, 1, 51, -412, 1, 0, 0, 0
L 15, -425, 1, 15, -412, 1, 0, 0, 0
L 1, -426, 1, 14, -426, 1, 0, 0, 0
L 1, -411, 1, 1, -426, 1, 0, 0, 0
L 7, -411, 1, 1, -411, 1, 0, 0, 0
L 7, -397, 1, 7, -411, 1, 0, 0, 0
L 10, -397, 1, 7, -397, 1, 0, 0, 0
L 10, -390, 1, 10, -397, 1, 0, 0, 0
L 12, -390, 1, 10, -390, 1, 0, 0, 0
L 12, -392, 1, 12, -390, 1, 0, 0, 0
L 31, -392, 1, 12, -392, 1, 0, 0, 0
L 31, -376, 1, 31, -392, 1, 0, 0, 0
L 29, -376, 1, 31, -376, 1, 0, 0, 0
L 29, -373, 1, 29, -376, 1, 0, 0, 0
L 36, -373, 1, 29, -373, 1, 0, 0, 0
L 36, -361, 1, 36, -373, 1, 0, 0, 0
L 38, -361, 1, 36, -361, 1, 0, 0, 0
L 38, -363, 1, 38, -361, 1, 0, 0, 0
L 40, -363, 1, 38, -363, 1, 0, 0, 0
L 40, -366, 1, 40, -363, 1, 0, 0, 0
L 38, -366, 1, 40, -366, 1, 0, 0, 0
L 38, -397, 14, 38, -366, 1, 0, 0, 0
L 40, -397, 14, 38, -397, 14, 0, 0, 0
L 40, -400, 15, 40, -397, 15, 0, 0, 0
L 23, -400, 15, 40, -400, 15, 0, 0, 0
L 23, -397, 15, 23, -400, 15, 0, 0, 0
L 25, -397, 15, 23, -397, 15, 0, 0, 0
L 25, -366, 28, 25, -397, 15, 0, 0, 0
L 23, -366, 28, 25, -366, 28, 0, 0, 0
L 23, -363, 29, 23, -366, 29, 0, 0, 0
L 67, -363, 29, 23, -363, 29, 0, 0, 0
L 67, -361, 29, 67, -363, 29, 0, 0, 0
L 69, -361, 29, 67, -361, 29, 0, 0, 0
L 69, -397, 29, 69, -361, 29, 0, 0, 0
L 71, -397, 29, 69, -397, 29, 0, 0, 0
L 71, -400, 29, 71, -397, 29, 0, 0, 0
L 59, -400, 29, 71, -400, 29, 0, 0, 0
L 59, -413, 29, 59, -400, 29, 0, 0, 0
L 60, -413, 29, 59, -413, 29, 0, 0, 0
L 63, -417, 29, 60, -413, 29, 0, 0, 0
L 63, -417, 29, 63, -421, 29, 0, 0, 0
L 60, -424, 29, 63, -421, 29, 0, 0, 0
L 59, -424, 29, 60, -424, 29, 0, 0, 0
L 59, -443, 29, 59, -424, 29, 0, 0, 0
L 60, -443, 29, 59, -443, 29, 0, 0, 0
L 63, -447, 29, 60, -443, 29, 0, 0, 0
L 71, -447, 29, 63, -447, 29, 0, 0, 0
L 71, -450, 29, 71, -447, 29, 0, 0, 0
L 69, -450, 29, 71, -450, 29, 0, 0, 0
L 69, -467, 29, 69, -450, 29, 0, 0, 0
L 71, -467, 29, 69, -467, 29, 0, 0, 0
L 71, -470, 29, 71, -467, 29, 0, 0, 0
L 64, -470, 29, 71, -470, 29, 0, 0, 0
L 64, -493, 29, 64, -470, 29, 0, 0, 0
L 71, -493, 29, 64, -493, 29, 0, 0, 0
L 71, -518, 29, 71, -493, 29, 0, 0, 0
L 69, -518, 29, 71, -518, 29, 0, 0, 0
L 69, -529, 29, 69, -518, 29, 0, 0, 0
L 67, -529, 29, 69, -529, 29, 0, 0, 0
L 13, -527, 17, 67, -527, 29, 0, 0, 0
L 13, -529, 17, 13, -527, 17, 0, 0, 0
L 11, -529, 17, 13, -529, 17, 0, 0, 0
L 11, -522, 17, 11, -529, 17, 0, 0, 0
L -0, -522, 17, 11, -522, 17, 0, 0, 0
L -0, -520, 17, -0, -522, 17, 0, 0, 0
L 20, -509, 13, -0, -520, 17, 0, 0, 0
L 9, -495, 15, 26, -492, 11, 127, 0, 0
L 6, -495, 15, 9, -495, 15, 127, 0, 0
L 1, -490, 15, 6, -495, 15, 127, 0, 0
L 3, -488, 13, 1, -490, 15, 127, 0, 0
L 1, -486, 12, 3, -488, 13, 127, 0, 0
L 2, -481, 12, 1, -486, 12, 127, 0, 0
L 1, -476, 8, 2, -481, 12, 127, 0, 0
L 26, -475, 8, 1, -476, 8, 127, 0, 0
L 48, -486, 13, 26, -475, 8, 127, 0, 0
L 50, -486, 13, 49, -486, 13, 0, 0, 0
L 64, -466, 3, 50, -486, 13, 0, 0, 0
L 65, -463, 5, 65, -466, 5, 0, 0, 0
L -78, -466, 3, 65, -466, 3, 0, 0, 0
L -64, -486, 13, -78, -466, 3, 0, 0, 0
L -46, -499, 12, -34, -509, 14, 0, 0, 0
L -14, -520, 17, -34, -509, 14, 0, 0, 0
L -14, -522, 17, -14, -520, 17, 0, 0, 0
L -25, -522, 17, -14, -522, 17, 0, 0, 0
L -25, -529, 17, -25, -522, 17, 0, 0, 0
L -27, -529, 17, -25, -529, 17, 0, 0, 0
L -27, -527, 17, -27, -529, 17, 0, 0, 0
L -27, -527, 17, -27, -529, 17, 0, 0, 0
L -81, -527, 29, -27, -527, 17, 0, 0, 0
L -83, -529, 29, -81, -529, 29, 0, 0, 0
L -83, -518, 29, -83, -529, 29, 0, 0, 0
L -85, -518, 29, -83, -518, 29, 0, 0, 0
L -85, -493, 29, -85, -518, 29, 0, 0, 0
L -78, -493, 29, -85, -493, 29, 0, 0, 0
L -78, -470, 29, -78, -493, 29, 0, 0, 0
L -85, -470, 29, -78, -470, 29, 0, 0, 0
L -85, -467, 29, -85, -470, 29, 0, 0, 0
L -83, -467, 29, -85, -467, 29, 0, 0, 0
L -83, -450, 29, -83, -467, 29, 0, 0, 0
L -85, -450, 29, -83, -450, 29, 0, 0, 0
L -85, -447, 29, -85, -450, 29, 0, 0, 0
L -77, -447, 29, -85, -447, 29, 0, 0, 0
L -77, -447, 29, -74, -443, 29, 0, 0, 0
L -73, -443, 29, -74, -443, 29, 0, 0, 0
L -73, -424, 29, -73, -443, 29, 0, 0, 0
L -74, -424, 29, -73, -424, 29, 0, 0, 0
L -77, -421, 29, -74, -424, 29, 0, 0, 0
L -77, -417, 29, -77, -421, 29, 0, 0, 0
L -74, -413, 29, -77, -417, 29, 0, 0, 0
L -73, -413, 29, -74, -413, 29, 0, 0, 0
L -73, -400, 29, -73, -413, 29, 0, 0, 0
L -85, -400, 29, -73, -400, 29, 0, 0, 0
L -85, -388, 29, -85, -400, 29, 0, 0, 0
L -85, -388, 29, -87, -388, 29, 0, 0, 0
L -87, -361, 29, -87, -388, 29, 0, 0, 0
L -71, -361, 29, -87, -361, 29, 0, 0, 0
L -71, -363, 29, -71, -361, 29, 0, 0, 0
L -37, -363, 29, -71, -363, 29, 0, 0, 0
L -37, -366, 29, -37, -363, 29, 0, 0, 0
L -39, -366, 28, -37, -366, 28, 0, 0, 0
L -39, -397, 15, -39, -366, 28, 0, 0, 0
L -37, -397, 15, -39, -397, 15, 0, 0, 0
L -37, -400, 15, -37, -397, 15, 0, 0, 0
L -54, -400, 15, -37, -400, 15, 0, 0, 0
L -54, -397, 15, -54, -400, 15, 0, 0, 0
L -52, -397, 14, -54, -397, 14, 0, 0, 0
L -52, -366, 1, -52, -397, 14, 0, 0, 0
L -54, -366, 1, -52, -366, 1, 0, 0, 0
L -54, -363, 1, -54, -366, 1, 0, 0, 0
L -52, -363, 1, -54, -363, 1, 0, 0, 0
L -52, -361, 1, -52, -363, 1, 0, 0, 0
L -50, -361, 1, -52, -361, 1, 0, 0, 0
L -50, -373, 1, -50, -361, 1, 0, 0, 0
L -43, -373, 1, -50, -373, 1, 0, 0, 0
L -43, -376, 1, -43, -373, 1, 0, 0, 0
L -45, -376, 1, -43, -376, 1, 0, 0, 0
L -45, -392, 1, -45, -376, 1, 0, 0, 0
L -26, -392, 1, -45, -392, 1, 0, 0, 0
L -26, -392, 1, -26, -390, 1, 0, 0, 0
L -26, -390, 1, -24, -390, 1, 0, 0, 0
L -24, -397, 1, -24, -390, 1, 0, 0, 0
L -21, -397, 1, -24, -397, 1, 0, 0, 0
L -21, -411, 1, -21, -397, 1, 0, 0, 0
L -15, -411, 1, -21, -411, 1, 0, 0, 0
L -15, -426, 1, -15, -411, 1, 0, 0, 0
L -29, -426, 1, -15, -426, 1, 0, 0, 0
L -29, -412, 1, -29, -426, 1, 0, 0, 0
L -65, -412, 1, -29, -412, 1, 0, 0, 0
L -65, -426, 1, -65, -412, 1, 0, 0, 0
L -79, -426, 1, -65, -426, 1, 0, 0, 0
L -79, -441, 1, -79, -426, 1, 0, 0, 0
L -65, -441, 1, -79, -441, 1, 0, 0, 0
L -65, -456, 1, -65, -441, 1, 0, 0, 0
L -66, -456, 1, -65, -456, 1, 0, 0, 0
L -79, -456, 1, -65, -456, 1, 0, 0, 0
L -79, -463, 1, -79, -456, 1, 0, 0, 0
L 65, -463, 1, -79, -463, 1, 0, 0, 0
L 19, -324, 1, 21, -324, 1, 0, 0, 0
L 19, -327, 1, 19, -324, 1, 0, 0, 0
L 21, -326, 1, 21, -324, 1, 0, 0, 0
L 57, -326, 1, 21, -326, 1, 0, 0, 0
L 57, -324, 1, 57, -326, 1, 0, 0, 0
L 59, -324, 1, 57, -324, 1, 0, 0, 0
L 59, -334, 1, 59, -324, 1, 0, 0, 0
L 33, -334, 1, 59, -334, 1, 0, 0, 0
L 33, -336, 1, 33, -334, 1, 0, 0, 0
L 31, -336, 1, 33, -336, 1, 0, 0, 0
L 31, -334, 1, 31, -336, 1, 0, 0, 0
L 17, -334, 1, 31, -334, 1, 0, 0, 0
L 17, -348, 1, 17, -334, 1, 0, 0, 0
L 19, -348, 1, 17, -348, 1, 0, 0, 0
L 19, -350, 1, 19, -348, 1, 0, 0, 0
L 12, -350, 1, 19, -350, 1, 0, 0, 0
L 12, -373, 1, 12, -350, 1, 0, 0, 0
L 19, -373, 1, 12, -373, 1, 0, 0, 0
L 19, -376, 1, 19, -373, 1, 0, 0, 0
L 17, -376, 1, 19, -376, 1, 0, 0, 0
L 17, -379, 1, 17, -376, 1, 0, 0, 0
L 12, -379, 1, 17, -379, 1, 0, 0, 0
L 12, -381, 1, 12, -379, 1, 0, 0, 0
L 10, -381, 1, 12, -381, 1, 0, 0, 0
L 10, -373, 1, 10, -381, 1, 0, 0, 0
L 1, -373, 1, 10, -373, 1, 0, 0, 0
L 1, -364, 1, 1, -373, 1, 0, 0, 0
L -15, -364, 1, 1, -364, 1, 0, 0, 0
L -15, -373, 1, -15, -364, 1, 0, 0, 0
L -24, -373, 1, -15, -373, 1, 0, 0, 0
L -24, -381, 1, -24, -373, 1, 0, 0, 0
L -24, -381, 1, -26, -381, 1, 0, 0, 0
L -26, -379, 1, -26, -381, 1, 0, 0, 0
L -26, -379, 1, -31, -379, 1, 0, 0, 0
L -31, -376, 1, -31, -379, 1, 0, 0, 0
L -31, -376, 1, -33, -376, 1, 0, 0, 0
L -33, -373, 1, -33, -376, 1, 0, 0, 0
L -26, -373, 1, -33, -373, 1, 0, 0, 0
L -26, -350, 1, -26, -373, 1, 0, 0, 0
L -26, -350, 1, -33, -350, 1, 0, 0, 0
L -33, -350, 1, -33, -349, 1, 0, 0, 0
L -33, -348, 1, -33, -350, 1, 0, 0, 0
L -31, -348, 1, -33, -348, 1, 0, 0, 0
L -31, -334, 1, -31, -348, 1, 0, 0, 0
L -45, -334, 1, -31, -334, 1, 0, 0, 0
L -45, -334, 1, -45, -336, 1, 0, 0, 0
L -47, -336, 1, -45, -336, 1, 0, 0, 0
L -47, -334, 1, -47, -336, 1, 0, 0, 0
L -73, -334, 1, -47, -334, 1, 0, 0, 0
L -73, -334, 1, -73, -324, 1, 0, 0, 0
L -71, -324, 1, -73, -324, 1, 0, 0, 0
L -71, -326, 1, -71, -324, 1, 0, 0, 0
L -35, -326, 1, -71, -326, 1, 0, 0, 0
L -35, -326, 1, -35, -324, 1, 0, 0, 0
L -33, -324, 1, -35, -324, 1, 0, 0, 0
L -33, -327, 1, -33, -324, 1, 0, 0, 0
L -33, -327, 1, -24, -327, 1, 0, 0, 0
L 19, -327, 1, 10, -327, 1, 0, 0, 0
L -24, -336, 1, -24, -327, 1, 0, 0, 0
L 10, -336, 1, -24, -336, 1, 0, 0, 0
L 10, -327, 1, 10, -336, 1, 0, 0, 0
L 15, -306, 1, 15, -310, 1, 0, 0, 0
L 15, -306, -0, 18, -306, -0, 0, 0, 0
L 19, -310, 1, 15, -310, 1, 0, 0, 0
L 19, -314, 1, 21, -314, 1, 0, 0, 0
L 19, -310, 1, 19, -314, 1, 0, 0, 0
L 57, -314, 1, 59, -314, 1, 0, 0, 0
L 57, -312, 1, 57, -314, 1, 0, 0, 0
L 59, -312, 1, 59, -314, 1, 0, 0, 0
L 31, -346, 1, 33, -346, 1, 0, 0, 0
L 33, -348, 1, 33, -346, 1, 0, 0, 0
L 31, -348, 1, 31, -346, 1, 0, 0, 0
L 29, -350, 1, 29, -348, 1, 0, 0, 0
L 31, -348, 1, 29, -348, 1, 0, 0, 0
L 36, -350, 1, 36, -352, 1, 0, 0, 0
L 38, -350, 1, 38, -352, 1, 0, 0, 0
L 36, -352, 1, 38, -352, 1, 0, 0, 0
L 52, -363, 1, 50, -363, 1, 0, 0, 0
L 50, -366, 1, 50, -363, 1, 0, 0, 0
L 52, -397, 14, 50, -397, 14, 0, 0, 0
L 50, -400, 15, 50, -397, 15, 0, 0, 0
L 57, -400, 15, 57, -402, 15, 0, 0, 0
L 59, -402, 15, 57, -402, 15, 0, 0, 0
L 57, -411, 15, 59, -411, 15, 0, 0, 0
L 57, -413, 15, 57, -411, 15, 0, 0, 0
L 59, -413, 15, 59, -411, 15, 0, 0, 0
L 10, -413, 15, 9, -413, 15, 0, 0, 0
L 9, -413, 15, 9, -411, 15, 0, 0, 0
L 9, -411, 15, 7, -411, 15, 0, 0, 0
L 7, -413, 15, 6, -413, 15, 0, 0, 0
L -21, -413, 15, -21, -411, 15, 0, 0, 0
L -23, -411, 15, -21, -411, 15, 0, 0, 0
L -23, -413, 15, -23, -411, 15, 0, 0, 0
L -23, -413, 15, -24, -413, 15, 0, 0, 0
L -73, -411, 15, -71, -411, 15, 0, 0, 0
L -71, -413, 15, -71, -411, 15, 0, 0, 0
L -73, -413, 15, -73, -411, 15, 0, 0, 0
L -73, -413, 15, -74, -413, 15, 0, 0, 0
L -77, -417, 15, -74, -413, 15, 0, 0, 0
L -77, -421, 15, -77, -417, 15, 0, 0, 0
L -71, -400, 15, -64, -400, 15, 0, 0, 0
L -71, -400, 15, -71, -402, 15, 0, 0, 0
L -73, -400, 15, -73, -402, 15, 0, 0, 0
L -71, -402, 15, -73, -402, 15, 0, 0, 0
L -64, -400, 15, -64, -397, 15, 0, 0, 0
L -64, -363, 1, -64, -366, 1, 0, 0, 0
L -66, -366, 1, -64, -366, 1, 0, 0, 0
L -52, -350, 1, -52, -352, 1, 0, 0, 0
L -50, -352, 1, -52, -352, 1, 0, 0, 0
L -50, -350, 1, -43, -350, 1, 0, 0, 0
L -42, -347, 1, -43, -350, 1, 0, 0, 0
L -45, -348, 1, -42, -347, 1, 0, 0, 0
L -47, -346, 1, -45, -346, 1, 0, 0, 0
L -45, -348, 1, -45, -346, 1, 0, 0, 0
L -47, -348, 1, -47, -346, 1, 0, 0, 0
L -71, -314, 1, -73, -314, 1, 0, 0, 0
L -71, -312, 1, -71, -314, 1, 0, 0, 0
L -73, -312, 1, -73, -314, 1, 0, 0, 0
L -35, -312, 1, -35, -314, 1, 0, 0, 0
L -33, -314, 1, -35, -314, 1, 0, 0, 0
L -29, -306, 1, -29, -310, 1, 0, 0, 0
L -3, -282, -0, -2, -282, -0, 0, 0, 0
L -3, -280, -0, -3, -282, -0, 0, 0, 0
L -2, -280, -0, -3, -280, -0, 0, 0, 0
L -14, -280, -0, -13, -280, -0, 0, 0, 0
L -13, -280, -0, -13, -282, -0, 0, 0, 0
L -2, -232, -0, -2, -196, -0, 0, 0, 0
L -50, -232, -0, -2, -232, -0, 0, 0, 0
L -50, -256, -0, -50, -232, -0, 0, 0, 0
L -2, -256, -0, -50, -256, -0, 0, 0, 0
L -2, -280, -0, -2, -256, -0, 0, 0, 0
L 18, -306, -0, -2, -282, -0, 0, 0, 0
L 21, -312, 1, 21, -314, 1, 0, 0, 0
L 57, -312, 1, 21, -312, 1, 0, 0, 0
L 73, -312, 1, 59, -312, 1, 0, 0, 0
L 73, -348, 1, 73, -312, 1, 0, 0, 0
L 33, -348, 1, 73, -348, 1, 0, 0, 0
L 36, -350, 1, 29, -350, 1, 0, 0, 0
L 52, -350, 1, 38, -350, 1, 0, 0, 0
L 52, -363, 1, 52, -350, 1, 0, 0, 0
L 52, -366, 1, 50, -366, 1, 0, 0, 0
L 52, -397, 14, 52, -366, 1, 0, 0, 0
L 57, -400, 15, 50, -400, 15, 0, 0, 0
L 59, -400, 15, 59, -402, 15, 0, 0, 0
L 83, -400, 15, 59, -400, 15, 0, 0, 0
L 83, -447, 15, 83, -400, 15, 0, 0, 0
L 63, -447, 15, 83, -447, 15, 0, 0, 0
L 60, -443, 15, 63, -447, 15, 0, 0, 0
L 59, -443, 15, 60, -443, 15, 0, 0, 0
L 59, -424, 15, 59, -443, 15, 0, 0, 0
L 60, -424, 15, 59, -424, 15, 0, 0, 0
L 63, -421, 15, 60, -424, 15, 0, 0, 0
L 63, -417, 15, 63, -421, 15, 0, 0, 0
L 60, -413, 15, 63, -417, 15, 0, 0, 0
L 59, -413, 15, 60, -413, 15, 0, 0, 0
L 53, -417, 15, 57, -413, 15, 0, 0, 0
L 13, -417, 15, 53, -417, 15, 0, 0, 0
L 10, -413, 15, 13, -417, 15, 0, 0, 0
L 7, -413, 15, 7, -411, 15, 0, 0, 0
L 3, -417, 15, 6, -413, 15, 0, 0, 0
L -17, -417, 15, 3, -417, 15, 0, 0, 0
L -20, -413, 15, -17, -417, 15, 0, 0, 0
L -21, -413, 15, -20, -413, 15, 0, 0, 0
L -27, -417, 15, -24, -413, 15, 0, 0, 0
L -67, -417, 15, -27, -417, 15, 0, 0, 0
L -70, -413, 15, -67, -417, 15, 0, 0, 0
L -71, -413, 15, -70, -413, 15, 0, 0, 0
L -74, -424, 15, -77, -421, 15, 0, 0, 0
L -73, -424, 15, -74, -424, 15, 0, 0, 0
L -73, -443, 15, -73, -424, 15, 0, 0, 0
L -77, -447, 15, -73, -443, 15, 0, 0, 0
L -97, -447, 15, -77, -447, 15, 0, 0, 0
L -97, -400, 15, -97, -447, 15, 0, 0, 0
L -73, -400, 15, -97, -400, 15, 0, 0, 0
L -66, -397, 14, -64, -397, 14, 0, 0, 0
L -66, -366, 1, -66, -397, 14, 0, 0, 0
L -66, -363, 1, -64, -363, 1, 0, 0, 0
L -66, -350, 1, -66, -363, 1, 0, 0, 0
L -52, -350, 1, -66, -350, 1, 0, 0, 0
L -50, -350, 1, -50, -352, 1, 0, 0, 0
L -87, -348, 1, -47, -348, 1, 0, 0, 0
L -87, -312, 1, -87, -348, 1, 0, 0, 0
L -73, -312, 1, -87, -312, 1, 0, 0, 0
L -35, -312, 1, -71, -312, 1, 0, 0, 0
L -33, -310, 1, -33, -314, 1, 0, 0, 0
L -29, -310, 1, -33, -310, 1, 0, 0, 0
L -32, -306, -0, -29, -306, -0, 0, 0, 0
L -14, -282, -0, -32, -306, -0, 0, 0, 0
L -13, -282, -0, -14, -282, -0, 0, 0, 0
L -14, -268, -0, -14, -280, -0, 0, 0, 0
L -62, -268, -0, -14, -268, -0, 0, 0, 0
L -62, -220, -0, -62, -268, -0, 0, 0, 0
L -14, -220, -0, -62, -220, -0, 0, 0, 0
L -14, -196, -0, -14, -220, -0, 0, 0, 0
L -64, -486, 13, -62, -486, 13, 127, 0, 0
L -62, -486, 13, -34, -476, 8, 127, 0, 0
L -34, -476, 8, -24, -473, 6, 127, 0, 0
L -24, -473, 6, -16, -475, 8, 127, 0, 0
L -16, -475, 8, -17, -479, 11, 127, 0, 0
L -17, -479, 11, -15, -486, 12, 127, 0, 0
L -15, -486, 12, -16, -489, 14, 127, 0, 0
L -16, -489, 14, -15, -490, 14, 127, 0, 0
L -15, -490, 14, -20, -495, 15, 127, 0, 0
L -20, -495, 15, -23, -495, 12, 127, 0, 0
L -23, -495, 12, -32, -490, 11, 127, 0, 0
L -32, -490, 11, -34, -490, 11, 127, 0, 0
L -34, -490, 11, -46, -499, 12, 127, 0, 0
L -46, -499, 12, -51, -498, 18, 127, 0, 0
L -51, -498, 18, -64, -485, 13, 127, 0, 0
L 37, -498, 12, 49, -486, 12, 127, 0, 0
L 20, -509, 13, 34, -498, 9, 0, 0, 0
L 34, -498, 9, 37, -498, 9, 127, 0, 0
L 33, -499, 9, 26, -492, 7, 127, 0, 0
L -21, -400, 15, 7, -400, 15, 0, 0, 0
L 7, -400, 15, 7, -402, 15, 0, 0, 0
L 7, -402, 15, 9, -402, 15, 0, 0, 0
L 9, -402, 15, 9, -400, 15, 0, 0, 0
L 9, -400, 15, 13, -400, 15, 0, 0, 0
L 13, -400, 15, 13, -397, 15, 0, 0, 0
L 13, -397, 15, 11, -397, 15, 0, 0, 0
L 11, -397, 15, 11, -366, 28, 0, 0, 0
L 11, -366, 28, 13, -366, 28, 0, 0, 0
L 13, -366, 29, 13, -363, 29, 0, 0, 0
L 13, -363, 29, -27, -363, 29, 0, 0, 0
L -27, -363, 29, -27, -366, 29, 0, 0, 0
L -27, -366, 28, -25, -366, 28, 0, 0, 0
L -25, -366, 28, -25, -397, 15, 0, 0, 0
L -25, -397, 15, -27, -397, 15, 0, 0, 0
L -27, -397, 15, -27, -400, 15, 0, 0, 0
L -27, -400, 15, -23, -400, 15, 0, 0, 0
L -23, -400, 15, -23, -402, 15, 0, 0, 0
L -23, -402, 15, -21, -402, 15, 0, 0, 0
L -21, -402, 15, -21, -400, 15, 0, 0, 0
L -71, -350, 29, -58, -350, 29, 0, 0, 0
L -58, -350, 29, -58, -348, 29, 0, 0, 0
L -58, -348, 29, -67, -347, 29, 0, 0, 0
L -67, -347, 29, -67, -346, 29, 0, 0, 0
L -67, -346, 28, -69, -344, 28, 0, 0, 0
L -69, -344, 27, -71, -344, 27, 0, 0, 0
L -71, -344, 27, -71, -316, 27, 0, 0, 0
L -71, -316, 27, -69, -316, 27, 0, 0, 0
L -69, -316, 28, -67, -314, 28, 0, 0, 0
L -67, -314, 29, -67, -312, 29, 0, 0, 0
L -67, -312, 29, -39, -312, 29, 0, 0, 0
L -39, -312, 29, -39, -314, 29, 0, 0, 0
L -39, -314, 28, -37, -316, 28, 0, 0, 0
L -37, -316, 27, -35, -316, 27, 0, 0, 0
L -35, -316, 27, -35, -344, 27, 0, 0, 0
L -35, -344, 27, -37, -344, 27, 0, 0, 0
L -37, -344, 28, -39, -346, 28, 0, 0, 0
L -39, -346, 29, -39, -348, 29, 0, 0, 0
L -39, -348, 29, -48, -348, 29, 0, 0, 0
L -48, -348, 29, -48, -350, 29, 0, 0, 0
L -48, -350, 29, 28, -350, 29, 0, 0, 0
L 28, -350, 29, 28, -347, 29, 0, 0, 0
L 28, -347, 29, 21, -348, 29, 0, 0, 0
L 21, -348, 29, 21, -324, 29, 0, 0, 0
L 21, -324, 29, 28, -324, 29, 0, 0, 0
L 28, -324, 29, 28, -321, 29, 0, 0, 0
L 28, -321, 29, 21, -322, 29, 0, 0, 0
L 21, -322, 29, 21, -309, 29, 0, 0, 0
L 21, -309, 29, 45, -309, 29, 0, 0, 0
L 45, -309, 29, 45, -311, 29, 0, 0, 0
L 45, -311, 29, 47, -311, 29, 0, 0, 0
L 47, -311, 29, 47, -309, 29, 0, 0, 0
L 47, -309, 29, 71, -309, 29, 0, 0, 0
L 71, -309, 29, 71, -325, 29, 0, 0, 0
L 71, -325, 29, 70, -325, 29, 0, 0, 0
L 70, -325, 29, 68, -327, 29, 0, 0, 0
L 68, -327, 29, 64, -327, 29, 0, 0, 0
L 64, -327, 29, 64, -329, 29, 0, 0, 0
L 64, -329, 29, 68, -329, 29, 0, 0, 0
L 68, -329, 29, 70, -331, 29, 0, 0, 0
L 70, -331, 29, 71, -331, 29, 0, 0, 0
L 71, -331, 29, 71, -347, 29, 0, 0, 0
L 71, -347, 29, 47, -347, 29, 0, 0, 0
L 47, -347, 29, 47, -331, 29, 0, 0, 0
L 47, -331, 29, 48, -331, 29, 0, 0, 0
L 48, -331, 29, 50, -329, 29, 0, 0, 0
L 50, -329, 29, 54, -329, 29, 0, 0, 0
L 54, -329, 29, 54, -327, 29, 0, 0, 0
L 54, -327, 29, 50, -327, 29, 0, 0, 0
L 50, -327, 29, 48, -325, 29, 0, 0, 0
L 48, -325, 29, 47, -325, 29, 0, 0, 0
L 47, -325, 29, 47, -320, 29, 0, 0, 0
L 47, -320, 29, 45, -320, 29, 0, 0, 0
L 45, -320, 29, 45, -322, 29, 0, 0, 0
L 45, -322, 29, 38, -322, 29, 0, 0, 0
L 38, -322, 29, 38, -324, 29, 0, 0, 0
L 38, -324, 29, 45, -324, 29, 0, 0, 0
L 45, -324, 29, 45, -348, 29, 0, 0, 0
L 45, -348, 29, 38, -347, 29, 0, 0, 0
L 38, -347, 29, 38, -350, 29, 0, 0, 0
L 38, -350, 29, 67, -350, 29, 0, 0, 0
L 67, -350, 29, 67, -352, 29, 0, 0, 0
L 67, -352, 29, 69, -352, 29, 0, 0, 0
L 69, -352, 29, 69, -350, 29, 0, 0, 0
L 69, -350, 29, 83, -350, 29, 0, 0, 0
L 83, -350, 29, 83, -397, 29, 0, 0, 0
L 83, -397, 29, 81, -397, 29, 0, 0, 0
L 81, -397, 29, 81, -400, 29, 0, 0, 0
L 81, -400, 29, 83, -400, 29, 0, 0, 0
L 83, -400, 29, 83, -447, 29, 0, 0, 0
L 83, -447, 29, 81, -447, 29, 0, 0, 0
L 81, -447, 29, 81, -450, 29, 0, 0, 0
L 81, -450, 29, 83, -450, 29, 0, 0, 0
L 83, -450, 29, 83, -467, 29, 0, 0, 0
L 83, -467, 29, 81, -467, 29, 0, 0, 0
L 81, -467, 29, 81, -470, 29, 0, 0, 0
L 81, -470, 29, 88, -470, 29, 0, 0, 0
L 88, -470, 29, 88, -493, 29, 0, 0, 0
L 88, -493, 29, 81, -493, 29, 0, 0, 0
L 81, -493, 29, 81, -518, 29, 0, 0, 0
L 81, -518, 29, 83, -518, 29, 0, 0, 0
L 83, -518, 29, 83, -540, 29, 0, 0, 0
L 83, -540, 29, 69, -540, 29, 0, 0, 0
L 69, -540, 29, 69, -538, 29, 0, 0, 0
L 69, -538, 29, 67, -538, 29, 0, 0, 0
L 67, -540, 29, 13, -540, 17, 0, 0, 0
L 13, -540, 17, 13, -538, 17, 0, 0, 0
L 11, -538, 17, 13, -538, 17, 0, 0, 0
L 11, -538, 17, 11, -548, 17, 0, 0, 0
L 11, -548, 17, 25, -548, 17, 0, 0, 0
L 25, -548, 17, 25, -559, 17, 0, 0, 0
L 25, -559, 17, 1, -559, 17, 0, 0, 0
L 1, -559, 17, 1, -545, 17, 0, 0, 0
L 1, -545, 17, -15, -545, 17, 127, 127, 127
L -15, -545, 17, -15, -559, 17, 0, 0, 0
L -15, -559, 17, -39, -559, 17, 0, 0, 0
L -39, -559, 17, -39, -548, 17, 0, 0, 0
L -39, -548, 17, -25, -548, 17, 0, 0, 0
L -25, -548, 17, -25, -538, 17, 0, 0, 0
L -25, -538, 17, -27, -538, 17, 0, 0, 0
L -27, -538, 17, -27, -540, 17, 0, 0, 0
L -27, -540, 17, -81, -540, 29, 0, 0, 0
L -81, -540, 29, -81, -538, 29, 0, 0, 0
L -81, -538, 29, -83, -538, 29, 0, 0, 0
L -83, -538, 29, -83, -540, 29, 0, 0, 0
L -83, -540, 29, -97, -540, 29, 0, 0, 0
L -97, -540, 29, -97, -518, 29, 0, 0, 0
L -97, -518, 29, -95, -518, 29, 0, 0, 0
L -95, -518, 29, -95, -493, 29, 0, 0, 0
L -95, -493, 29, -102, -493, 29, 0, 0, 0
L -102, -493, 29, -102, -470, 29, 0, 0, 0
L -102, -470, 29, -95, -470, 29, 0, 0, 0
L -95, -470, 29, -95, -467, 29, 0, 0, 0
L -95, -467, 29, -97, -467, 29, 0, 0, 0
L -97, -467, 29, -97, -450, 29, 0, 0, 0
L -97, -450, 29, -95, -450, 29, 0, 0, 0
L -95, -450, 29, -95, -447, 29, 0, 0, 0
L -95, -447, 29, -97, -447, 29, 0, 0, 0
L -97, -447, 29, -97, -400, 29, 0, 0, 0
L -97, -400, 29, -95, -400, 29, 0, 0, 0
L -95, -400, 29, -95, -397, 29, 0, 0, 0
L -95, -397, 29, -97, -397, 29, 0, 0, 0
L -97, -397, 29, -97, -312, 29, 0, 0, 0
L -97, -312, 29, -73, -312, 29, 0, 0, 0
L -73, -312, 29, -73, -397, 15, 0, 0, 0
L -73, -397, 15, -97, -397, 15, 0, 0, 0
L -97, -397, 15, -97, -312, 15, 0, 0, 0
L -97, -312, 15, -73, -312, 15, 0, 0, 0
L -73, -324, 15, -83, -323, 15, 0, 0, 0
L -83, -323, 15, -83, -337, 15, 0, 0, 0
L -81, -337, 16, -81, -321, 29, 0, 0, 0
L -81, -321, 29, -87, -322, 29, 0, 0, 0
L -87, -322, 29, -87, -352, 29, 0, 0, 0
L -87, -352, 29, -71, -352, 29, 0, 0, 0
L -71, -352, 29, -71, -350, 29, 0, 0, 0
L -0, -546, 17, -0, -555, 17, 0, 0, 0
L -0, -555, 17, -2, -555, 17, 0, 0, 0
L -2, -555, 17, -2, -558, 17, 0, 0, 0
L -2, -558, 16, -0, -558, 16, 0, 0, 0
L -0, -558, 16, -0, -595, 5, 0, 0, 0
L -0, -595, 5, -2, -595, 5, 0, 0, 0
L -2, -595, 5, -2, -598, 5, 0, 0, 0
L -2, -598, 5, -0, -598, 5, 0, 0, 0
L -0, -598, 5, -0, -600, 5, 0, 0, 0
L -0, -600, 5, 2, -600, 5, 0, 0, 0
L 2, -600, 4, 2, -598, 4, 0, 0, 0
L 2, -598, 4, 40, -598, -7, 0, 0, 0
L 40, -598, -7, 40, -600, -7, 0, 0, 0
L 40, -600, -7, 42, -600, -7, 0, 0, 0
L 42, -600, -7, 42, -598, -7, 0, 0, 0
L 42, -598, -7, 44, -598, -7, 0, 0, 0
L 44, -598, -7, 44, -595, -7, 0, 0, 0
L 44, -595, -8, 42, -595, -8, 0, 0, 0
L 42, -595, -8, 42, -558, -19, 0, 0, 0
L 42, -558, -19, 44, -558, -19, 0, 0, 0
L 44, -558, -19, 44, -555, -19, 0, 0, 0
L 44, -555, -19, 42, -555, -19, 0, 0, 0
L 42, -555, -19, 42, -553, -19, 0, 0, 0
L 42, -553, -19, 40, -553, -19, 0, 0, 0
L 40, -553, -20, 40, -555, -20, 0, 0, 0
L 40, -555, -20, 2, -555, -31, 0, 0, 0
L 2, -555, -31, 2, -553, -31, 0, 0, 0
L 2, -553, -31, -0, -553, -31, 0, 0, 0
L -0, -553, -31, -0, -555, -31, 0, 0, 0
L -0, -555, -31, -13, -555, -31, 0, 0, 0
L -13, -555, -31, -13, -542, -31, 0, 0, 0
L -13, -542, -31, -11, -542, -31, 0, 0, 0
L -11, -542, -31, -11, -539, -31, 0, 0, 0
L -11, -539, -32, -13, -539, -32, 0, 0, 0
L -13, -539, -32, -13, -522, -39, 0, 0, 0
L -13, -522, -39, -11, -522, -39, 0, 0, 0
L -11, -522, -39, -11, -519, -39, 0, 0, 0
L -11, -519, -39, -27, -519, -40, 0, 0, 0
L -28, -487, -51, -37, -496, -51, 0, 0, 0
L -27, -519, -40, -43, -502, -51, 0, 0, 0
L -43, -502, -51, -46, -502, -51, 0, 0, 0
L -46, -502, -51, -46, -479, -51, 0, 0, 0
L -46, -479, -51, -28, -479, -51, 0, 0, 0
L -28, -479, -51, -28, -487, -51, 127, 0, 0
L -36, -496, -39, -19, -513, -39, 0, 0, 0
L -19, -513, -39, -37, -496, -51, 0, 0, 0
L -11, -505, -39, -28, -488, -39, 0, 0, 0
L -28, -488, -39, -36, -496, -39, 0, 0, 0
L -11, -505, -39, -10, -505, -38, 0, 0, 0
L -10, -505, -37, -10, -495, -37, 0, 0, 0
L -10, -495, -37, -3, -495, -37, 0, 0, 0
L -3, -505, -37, -3, -495, -37, 0, 0, 0
L -3, -505, -38, -2, -505, -38, 0, 0, 0
L -2, -505, -39, 15, -488, -39, 0, 0, 0
L 15, -488, -39, 23, -496, -39, 0, 0, 0
L 23, -496, -39, 7, -513, -40, 0, 0, 0
L 7, -513, -40, 24, -496, -51, 0, 0, 0
L 24, -496, -51, 15, -487, -51, 127, 127, 127
L 15, -488, -51, 15, -479, -51, 127, 0, 0
L 15, -479, -51, 17, -479, -51, 127, 0, 0
L 17, -479, -51, 25, -468, -51, 127, 0, 0
L 25, -468, -51, 33, -479, -51, 0, 0, 0
L 33, -479, -51, 33, -502, -51, 0, 0, 0
L 33, -502, -51, 30, -502, -51, 0, 0, 0
L 30, -502, -51, 14, -519, -40, 0, 0, 0
L 14, -519, -40, -2, -519, -39, 0, 0, 0
L 25, -468, -51, 12, -456, -51, 127, 0, 0
L 12, -456, -51, -7, -455, -51, 127, 0, 0
L -7, -455, -51, -30, -464, -51, 127, 0, 0
L -30, -464, -51, -33, -479, -51, 127, 0, 0
L 15, -487, -51, -2, -504, -51, 127, 0, 0
L -2, -504, -51, -11, -504, -51, 127, 0, 0
L -11, -504, -51, -28, -487, -51, 127, 0, 0
L 16, -489, -51, -34, -540, -51, 0, 0, 0
L -34, -540, -51, -42, -540, -51, 0, 0, 0
L -42, -540, -51, -42, -550, -51, 0, 0, 0
L -42, -550, -51, -40, -550, -51, 0, 0, 0
L -40, -550, -51, -40, -553, -51, 0, 0, 0
L -40, -553, -51, -42, -553, -51, 0, 0, 0
L -42, -553, -51, -52, -563, -51, 0, 0, 0
L -52, -563, -51, -52, -577, -51, 0, 0, 0
L -52, -577, -51, -42, -586, -51, 0, 0, 0
L -42, -586, -51, -28, -586, -51, 0, 0, 0
L -28, -586, -51, -18, -577, -51, 0, 0, 0
L -18, -577, -51, -18, -563, -51, 0, 0, 0
L -18, -563, -51, -28, -553, -51, 0, 0, 0
L -28, -553, -51, -30, -553, -51, 0, 0, 0
L -30, -553, -51, -30, -550, -51, 0, 0, 0
L -30, -550, -51, -28, -550, -51, 0, 0, 0
L -28, -550, -51, -28, -545, -51, 0, 0, 0
L -28, -545, -51, -27, -545, -51, 0, 0, 0
L -27, -545, -51, 22, -495, -51, 0, 0, 0
L -2, -519, -39, -2, -522, -39, 0, 0, 0
L -2, -522, -39, -0, -522, -39, 0, 0, 0
L -0, -522, -39, -0, -539, -32, 0, 0, 0
L -0, -539, -32, -2, -539, -32, 0, 0, 0
L -2, -539, -31, -2, -542, -31, 0, 0, 0
L -2, -542, -31, -0, -542, -31, 0, 0, 0
L -0, -542, -31, -0, -544, -31, 0, 0, 0
L -0, -544, -31, 2, -544, -31, 0, 0, 0
L 2, -544, -31, 2, -542, -31, 0, 0, 0
L 2, -542, -31, 40, -542, -20, 0, 0, 0
L 40, -542, -20, 40, -544, -20, 0, 0, 0
L 40, -544, -19, 42, -544, -19, 0, 0, 0
L 42, -544, -19, 42, -542, -19, 0, 0, 0
L 42, -542, -19, 56, -542, -19, 0, 0, 0
L 56, -542, -19, 56, -555, -19, 0, 0, 0
L 56, -555, -19, 54, -555, -19, 0, 0, 0
L 54, -555, -19, 54, -558, -19, 0, 0, 0
L 54, -558, -19, 56, -558, -19, 0, 0, 0
L 56, -558, -19, 56, -595, -8, 0, 0, 0
L 56, -595, -8, 54, -595, -8, 0, 0, 0
L 54, -595, -7, 54, -598, -7, 0, 0, 0
L 54, -598, -7, 56, -598, -7, 0, 0, 0
L 56, -598, -7, 56, -611, -7, 0, 0, 0
L 56, -611, -7, 42, -611, -7, 0, 0, 0
L 42, -611, -7, 42, -609, -7, 0, 0, 0
L 42, -609, -7, 40, -609, -7, 0, 0, 0
L 40, -609, -7, 40, -611, -7, 0, 0, 0
L 40, -611, -7, 2, -611, 4, 0, 0, 0
L 2, -611, 4, 2, -609, 4, 0, 0, 0
L 2, -609, 5, -0, -609, 5, 0, 0, 0
L -0, -609, 5, -0, -611, 5, 0, 0, 0
L -0, -611, 5, -14, -611, 5, 0, 0, 0
L -14, -611, 5, -14, -598, 5, 0, 0, 0
L -14, -598, 5, -12, -598, 5, 0, 0, 0
L -12, -598, 5, -12, -595, 5, 0, 0, 0
L -12, -595, 5, -14, -595, 5, 0, 0, 0
L -14, -595, 5, -14, -558, 16, 0, 0, 0
L -14, -558, 16, -12, -558, 16, 0, 0, 0
L -12, -558, 17, -12, -555, 17, 0, 0, 0
L -12, -555, 17, -14, -555, 17, 0, 0, 0
L -14, -555, 17, -14, -546, 17, 0, 0, 0
