L -1092, -133, -50, -1092, -129, -50, 127, 64, 0
L -1092, -129, -50, -1057, -130, -50, 127, 64, 0
L -1057, -130, -50, -1058, -147, -50, 127, 64, 0
L -1058, -147, -50, -1093, -145, -50, 127, 64, 0
L -1093, -145, -50, -1093, -141, -50, 127, 64, 0
L -1093, -141, -49, -1096, -141, -49, 127, 64, 0
L -1092, -133, -49, -1096, -133, -49, 127, 64, 0
L -1096, -141, -50, -1097, -148, -50, 127, 64, 0
L -1097, -148, -50, -1054, -150, -50, 127, 64, 0
L -1054, -150, -50, -1053, -128, -50, 127, 64, 0
L -1053, -128, -50, -1095, -126, -50, 127, 64, 0
L -1095, -126, -50, -1096, -133, -50, 127, 64, 0
L -2611, 1143, 119, -2610, 514, 120, 0, 0, 0
L -2611, 1407, 188, -2611, 1143, 119, 0, 0, 0
L -2612, 1735, 137, -2611, 1407, 188, 0, 0, 0
L -2612, 1920, 83, -2612, 1735, 137, 0, 0, 0
L -2610, -95, 174, -2610, 442, 105, 0, 0, 0
L -2608, -1366, 158, -2610, -95, 174, 0, 0, 0
L -2607, -2074, 134, -2608, -1366, 158, 0, 0, 0
L -2654, 498, -38, -2654, 526, -38, 150, 0, 200
L 419, 2615, -44, 446, 2615, -44, 150, 0, 200
L 475, 1017, -90, 473, 1017, -90, 127, 64, 0
L 486, 1025, -90, 475, 1017, -90, 127, 64, 0
L 488, 1038, -90, 486, 1025, -90, 127, 64, 0
L 480, 1048, -90, 488, 1038, -90, 127, 64, 0
L 467, 1050, -90, 480, 1048, -90, 127, 64, 0
L 457, 1042, -89, 467, 1050, -90, 127, 64, 0
L 455, 1029, -90, 457, 1042, -89, 127, 64, 0
L 463, 1019, -90, 455, 1029, -90, 127, 64, 0
L 476, 1014, -90, 473, 1014, -90, 127, 64, 0
L 489, 1023, -90, 476, 1014, -90, 127, 64, 0
L 491, 1038, -90, 489, 1023, -90, 127, 64, 0
L 482, 1051, -90, 491, 1038, -90, 127, 64, 0
L 467, 1053, -90, 482, 1051, -90, 127, 64, 0
L 454, 1044, -89, 467, 1053, -90, 127, 64, 0
L 452, 1029, -89, 454, 1044, -89, 127, 64, 0
L 461, 1016, -90, 452, 1029, -89, 127, 64, 0
L 465, 1016, -90, 461, 1016, -90, 127, 64, 0
L 463, 1019, -90, 465, 1019, -90, 127, 64, 0
L 465, 1016, -90, 465, 1019, -90, 127, 64, 0
L 473, 1017, -90, 473, 1014, -90, 127, 64, 0
L 475, 992, -88, 477, 991, -88, 127, 64, 0
L 474, 984, -88, 472, 985, -88, 127, 64, 0
L 474, 982, -87, 474, 984, -88, 127, 64, 0
L 479, 970, -86, 474, 982, -87, 127, 64, 0
L 490, 966, -86, 479, 970, -86, 127, 64, 0
L 502, 971, -86, 490, 966, -86, 127, 64, 0
L 507, 982, -87, 502, 971, -86, 127, 64, 0
L 502, 993, -88, 507, 982, -87, 127, 64, 0
L 490, 999, -89, 502, 993, -88, 127, 64, 0
L 478, 994, -88, 490, 999, -89, 127, 64, 0
L 477, 991, -88, 478, 994, -88, 127, 64, 0
L 471, 982, -88, 472, 985, -88, 127, 64, 0
L 477, 968, -86, 471, 982, -87, 127, 64, 0
L 490, 963, -86, 477, 968, -86, 127, 64, 0
L 504, 968, -86, 490, 963, -86, 127, 64, 0
L 510, 981, -87, 504, 968, -86, 127, 64, 0
L 505, 996, -88, 510, 981, -87, 127, 64, 0
L 490, 1002, -89, 505, 996, -88, 127, 64, 0
L 476, 996, -88, 490, 1002, -89, 127, 64, 0
L 475, 992, -88, 476, 996, -88, 127, 64, 0
L 813, 1555, -45, 870, 1558, -44, 127, 127, 127
L 809, 1614, -49, 813, 1555, -45, 127, 127, 127
L 869, 1617, -49, 809, 1614, -48, 127, 127, 127
L 870, 1558, -44, 869, 1617, -49, 127, 127, 127
L 875, 1423, -34, 873, 1476, -37, 127, 127, 127
L 822, 1420, -34, 875, 1423, -34, 127, 127, 127
L 819, 1474, -37, 822, 1420, -35, 127, 127, 127
L 873, 1476, -37, 819, 1474, -37, 127, 127, 127
L 950, 1425, -38, 948, 1480, -40, 127, 127, 127
L 1004, 1429, -35, 950, 1425, -38, 127, 127, 127
L 1002, 1482, -35, 1004, 1429, -34, 127, 127, 127
L 948, 1480, -40, 1002, 1482, -35, 127, 127, 127
L 999, 1566, -39, 997, 1623, -43, 127, 127, 127
L 942, 1562, -46, 999, 1566, -39, 127, 127, 127
L 939, 1622, -49, 942, 1562, -46, 127, 127, 127
L 997, 1623, -43, 939, 1622, -49, 127, 127, 127
L 1054, 1871, -36, 1054, 1872, -36, 127, 64, 0
L 1049, 1871, -36, 1054, 1871, -36, 127, 64, 0
L 1048, 1853, -36, 1049, 1871, -36, 127, 64, 0
L 1066, 1852, -35, 1048, 1853, -36, 127, 64, 0
L 1067, 1870, -35, 1066, 1852, -35, 127, 64, 0
L 1063, 1870, -35, 1067, 1870, -35, 127, 64, 0
L 1063, 1871, -35, 1063, 1870, -35, 127, 64, 0
L 1063, 1871, -35, 1068, 1871, -35, 127, 64, 0
L 1048, 1872, -36, 1054, 1872, -36, 127, 64, 0
L 1046, 1852, -36, 1048, 1872, -36, 127, 64, 0
L 1067, 1851, -35, 1046, 1852, -36, 127, 64, 0
L 1068, 1871, -35, 1067, 1851, -35, 127, 64, 0
L 1096, 1910, -34, 1095, 1910, -34, 127, 64, 0
L 1098, 1901, -34, 1097, 1900, -34, 127, 64, 0
L 1095, 1914, -34, 1113, 1917, -33, 127, 64, 0
L 1095, 1914, -34, 1096, 1910, -34, 127, 64, 0
L 1099, 1896, -34, 1098, 1901, -34, 127, 64, 0
L 1116, 1899, -33, 1099, 1896, -34, 127, 64, 0
L 1113, 1917, -33, 1116, 1899, -33, 127, 64, 0
L 1095, 1910, -34, 1094, 1915, -34, 127, 64, 0
L 1098, 1895, -34, 1097, 1900, -34, 127, 64, 0
L 1118, 1899, -33, 1098, 1895, -34, 127, 64, 0
L 1114, 1918, -33, 1118, 1899, -33, 127, 64, 0
L 1094, 1915, -34, 1114, 1918, -33, 127, 64, 0
L -1184, 2403, 103, 246, 2406, -48, 0, 0, 0
L -1250, 2064, 49, -1184, 2403, 103, 0, 0, 0
L -1364, 2022, -61, -1250, 2064, 49, 0, 0, 240
L -1359, 2006, -61, -1364, 2022, -61, 0, 0, 240
L -1348, 1988, -61, -1359, 2006, -61, 0, 0, 240
L -1340, 1998, -60, -1348, 1988, -61, 0, 0, 240
L -1248, 1941, -60, -1340, 1998, -60, 0, 0, 240
L -1200, 1953, -60, -1248, 1941, -60, 0, 0, 240
L -1187, 1908, -61, -1200, 1953, -60, 0, 0, 240
L -1175, 1880, -60, -1187, 1908, -61, 0, 0, 240
L -1158, 1806, -61, -1175, 1880, -60, 0, 0, 240
L -1160, 1795, -61, -1158, 1806, -61, 0, 0, 240
L -1159, 1705, -60, -1160, 1795, -61, 0, 0, 240
L -1164, 1690, -61, -1159, 1705, -60, 0, 0, 240
L -1170, 1606, -61, -1164, 1690, -61, 0, 0, 240
L -1176, 1579, -61, -1170, 1606, -61, 0, 0, 240
L -1176, 1505, -61, -1176, 1579, -61, 0, 0, 240
L -1182, 1472, -61, -1176, 1505, -61, 0, 0, 240
L -1182, 1404, -61, -1182, 1472, -61, 0, 0, 240
L -1184, 1371, -61, -1182, 1404, -61, 0, 0, 240
L -1184, 1204, -61, -1184, 1371, -61, 0, 0, 240
L -1182, 1174, -61, -1184, 1204, -61, 0, 0, 240
L -1182, 1105, -61, -1182, 1174, -61, 0, 0, 240
L -1179, 1075, -61, -1182, 1105, -61, 0, 0, 240
L -1179, 1006, -61, -1179, 1075, -61, 0, 0, 240
L -1174, 980, -61, -1179, 1006, -61, 0, 0, 240
L -1174, 905, -61, -1174, 980, -61, 0, 0, 240
L -1169, 884, -61, -1174, 905, -61, 0, 0, 240
L -1148, 861, -61, -1169, 884, -61, 0, 0, 240
L -1094, 861, -61, -1148, 861, -61, 0, 0, 240
L -1048, 892, -61, -1094, 861, -61, 0, 0, 240
L -961, 892, -61, -1048, 892, -61, 0, 0, 240
L -950, 894, -60, -961, 892, -61, 0, 0, 240
L -860, 894, -60, -950, 894, -60, 0, 0, 240
L -849, 888, -61, -860, 894, -60, 0, 0, 240
L -781, 888, -61, -849, 888, -61, 0, 0, 240
L -766, 879, -61, -781, 888, -61, 0, 0, 240
L -755, 806, -61, -766, 879, -61, 0, 0, 240
L -752, 803, -60, -755, 806, -61, 0, 0, 240
L -748, 801, -61, -752, 803, -60, 0, 0, 240
L -662, 791, -60, -748, 801, -61, 0, 0, 240
L -663, 706, -60, -662, 791, -60, 0, 0, 240
L -648, 665, -61, -663, 706, -60, 0, 0, 240
L -594, 661, -61, -648, 665, -61, 0, 0, 240
L -622, 606, -61, -594, 661, -61, 0, 0, 240
L -584, 569, -60, -622, 606, -61, 0, 0, 240
L -580, 506, -59, -584, 569, -60, 0, 0, 240
L -576, 480, -60, -580, 506, -59, 0, 0, 240
L -549, 436, -60, -576, 480, -60, 0, 0, 240
L -529, 425, -60, -549, 436, -60, 0, 0, 240
L -532, 406, -60, -529, 425, -60, 0, 0, 240
L -493, 361, -60, -532, 406, -60, 0, 0, 240
L -449, 328, -60, -493, 361, -60, 0, 0, 240
L -419, 335, -60, -449, 328, -60, 0, 0, 240
L -349, 313, -60, -419, 335, -60, 0, 0, 240
L -248, 323, -61, -349, 313, -60, 0, 0, 240
L -231, 323, -60, -248, 323, -61, 0, 0, 240
L -149, 315, -61, -231, 323, -60, 0, 0, 240
L -128, 326, -61, -149, 315, -61, 0, 0, 240
L -117, 306, -61, -128, 326, -61, 0, 0, 240
L -57, 298, -60, -117, 306, -61, 0, 0, 240
L -48, 281, -61, -57, 298, -60, 0, 0, 240
L 22, 277, -61, -48, 281, -61, 0, 0, 240
L 23, 205, -61, 22, 277, -61, 0, 0, 240
L 36, 191, -61, 23, 205, -61, 0, 0, 240
L 39, 106, -60, 36, 191, -61, 0, 0, 240
L 43, 97, -60, 39, 106, -60, 0, 0, 240
L 50, -4, -60, 43, 97, -60, 0, 0, 240
L 67, -94, -61, 72, -59, -61, 0, 0, 240
L 51, -136, -61, 67, -94, -61, 0, 0, 240
L 48, -195, -60, 51, -136, -61, 0, 0, 240
L 41, -292, -60, 48, -195, -60, 0, 0, 240
L 41, -305, -60, 41, -292, -60, 0, 0, 240
L 52, -394, -60, 41, -305, -60, 0, 0, 240
L 77, -469, -60, 52, -394, -60, 0, 0, 240
L 113, -494, -60, 77, -469, -60, 0, 0, 240
L 133, -512, -60, 113, -494, -60, 0, 0, 240
L 151, -518, -60, 133, -512, -60, 0, 0, 240
L 219, -527, -61, 151, -518, -60, 0, 0, 240
L 251, -539, -60, 219, -527, -61, 0, 0, 240
L 307, -538, -60, 251, -539, -60, 0, 0, 240
L 352, -528, -61, 307, -538, -60, 0, 0, 240
L 451, -496, -60, 352, -528, -61, 0, 0, 240
L 455, -494, -61, 451, -496, -60, 0, 0, 240
L 551, -417, -60, 455, -494, -61, 0, 0, 240
L 728, -417, -61, 551, -417, -60, 0, 0, 240
L 751, -476, -61, 728, -417, -61, 0, 0, 240
L 770, -476, -61, 751, -476, -61, 0, 0, 240
L 770, -494, -61, 770, -476, -61, 0, 0, 240
L 841, -505, -60, 770, -494, -61, 0, 0, 240
L 851, -590, -61, 841, -505, -60, 0, 0, 240
L 854, -591, -61, 851, -590, -61, 0, 0, 240
L 856, -595, -61, 854, -591, -61, 0, 0, 240
L 927, -618, -61, 856, -595, -61, 0, 0, 240
L 929, -695, -61, 927, -618, -61, 0, 0, 240
L 939, -707, -60, 929, -695, -61, 0, 0, 240
L 949, -796, -60, 939, -707, -60, 0, 0, 240
L 1023, -822, -60, 949, -796, -60, 0, 0, 240
L 1051, -880, -61, 1023, -822, -60, 0, 0, 240
L 1085, -895, -61, 1051, -880, -61, 0, 0, 240
L 1152, -903, -60, 1085, -895, -61, 0, 0, 240
L 1160, -909, -59, 1152, -903, -60, 0, 0, 240
L 1139, 2406, 41, 1160, -909, -59, 0, 0, 0
L 346, 2409, -44, 1139, 2406, 41, 0, 0, 0
L 333, 2409, -45, 270, 2409, -45, 127, 127, 127
L 347, 2408, -45, 333, 2409, -45, 127, 127, 127
L 342, 2339, -49, 347, 2408, -45, 127, 127, 127
L 306, 2341, -49, 342, 2339, -49, 127, 127, 127
L 305, 2327, -49, 306, 2341, -49, 127, 127, 127
L 278, 2330, -49, 304, 2327, -49, 127, 127, 127
L 278, 2343, -49, 277, 2330, -49, 127, 127, 127
L 241, 2346, -49, 278, 2343, -49, 127, 127, 127
L 246, 2408, -45, 241, 2346, -49, 127, 127, 127
L 270, 2409, -45, 246, 2408, -45, 127, 127, 127
L 424, 2626, -45, 392, 2659, -45, 0, 0, 0
L 410, 2594, -45, 424, 2626, -45, 0, 0, 0
L 397, 2583, -45, 410, 2594, -45, 0, 0, 0
L 387, 2583, -45, 397, 2583, -45, 0, 0, 0
L 348, 2572, -45, 387, 2583, -45, 0, 0, 0
L 298, 2531, -45, 348, 2572, -45, 0, 0, 0
L 271, 2409, -45, 298, 2531, -45, 0, 0, 0
L 326, 2531, -45, 333, 2409, -45, 0, 0, 0
L 355, 2551, -45, 326, 2531, -45, 0, 0, 0
L 383, 2565, -45, 355, 2551, -45, 0, 0, 0
L 400, 2564, -45, 383, 2565, -45, 0, 0, 0
L 429, 2581, -45, 400, 2564, -45, 0, 0, 0
L 453, 2628, -45, 429, 2581, -45, 0, 0, 0
L 419, 2665, -45, 453, 2628, -45, 0, 0, 0
L 138, -7, -48, 137, -4, -48, 127, 127, 127
L 132, -59, -48, 138, -4, -48, 127, 127, 127
L -256, -59, -51, 132, -59, -48, 127, 127, 127
L -253, -4, -51, -256, -59, -51, 127, 127, 127
L 138, -4, -51, -253, -4, -51, 127, 127, 127
L -1706, -2315, -60, -245, -2395, -49, 0, 0, 0
L -252, -2395, -49, -256, -2309, -49, 127, 127, 127
L -242, -2308, -49, -156, -2304, -49, 127, 127, 127
L -156, -2304, -49, -151, -2394, -49, 127, 127, 127
L -152, -2394, -49, -156, -2394, -49, 127, 127, 127
L -156, -2394, -49, -157, -2391, -49, 127, 127, 127
L -157, -2391, -49, -165, -2391, -49, 127, 127, 127
L -165, -2391, -49, -167, -2398, -49, 127, 127, 127
L -166, -2395, -49, -192, -2394, -49, 127, 127, 127
L -192, -2394, -48, -193, -2526, -48, 0, 0, 0
L -193, -2526, -48, -274, -2527, -48, 0, 0, 0
L -274, -2527, -48, -291, -2543, -48, 0, 0, 0
L -291, -2543, -48, -291, -2560, -48, 0, 0, 0
L -291, -2560, -48, -278, -2573, -48, 0, 0, 0
L -304, -2573, -48, -304, -2528, -48, 0, 0, 0
L -304, -2528, -48, -289, -2513, -48, 0, 0, 0
L -289, -2513, -48, -225, -2513, -48, 0, 0, 0
L -225, -2513, -48, -220, -2506, -48, 0, 0, 0
L -220, -2506, -48, -218, -2488, -48, 0, 0, 0
L -218, -2488, -48, -218, -2395, -48, 0, 0, 0
L -240, -2395, -47, -238, -2402, -41, 127, 127, 127
L -238, -2402, -38, -244, -2407, -34, 127, 127, 127
L -244, -2407, -34, -250, -2403, -38, 127, 127, 127
L -250, -2403, -40, -248, -2395, -46, 127, 127, 127
L -220, -2395, -49, -245, -2395, -48, 127, 127, 127
L -167, -2398, -43, -161, -2403, -40, 127, 127, 127
L -161, -2403, -40, -154, -2398, -43, 127, 127, 127
L -154, -2398, -46, -157, -2392, -49, 127, 127, 127
L -171, -2312, -49, -165, -2316, -49, 127, 127, 127
L -165, -2316, -49, -159, -2312, -49, 127, 127, 127
L -159, -2312, -49, -161, -2304, -49, 127, 127, 127
L -161, -2304, -49, -169, -2305, -49, 127, 127, 127
L -169, -2305, -49, -171, -2312, -49, 127, 127, 127
L -242, -2316, -49, -248, -2321, -49, 127, 127, 127
L -248, -2321, -49, -255, -2316, -49, 127, 127, 127
L -255, -2316, -49, -253, -2309, -49, 127, 127, 127
L -256, -2309, -49, -242, -2308, -49, 127, 127, 127
L -245, -2308, -49, -242, -2316, -49, 127, 127, 127
L 1161, -1090, -61, 1155, -1094, -61, 0, 0, 240
L 1155, -1094, -61, 1151, -1106, -60, 0, 0, 240
L 1151, -1106, -60, 995, -1150, -61, 0, 0, 240
L 995, -1150, -61, 994, -1095, -61, 0, 0, 240
L 994, -1095, -61, 961, -1085, -61, 0, 0, 240
L 961, -1085, -61, 861, -1084, -60, 0, 0, 240
L 861, -1084, -60, 851, -1053, -60, 0, 0, 240
L 851, -1053, -60, 793, -1053, -61, 0, 0, 240
L 793, -1053, -61, 793, -995, -61, 0, 0, 240
L 793, -995, -61, 763, -983, -61, 0, 0, 240
L 763, -983, -61, 758, -887, -60, 0, 0, 240
L 758, -887, -60, 751, -880, -61, 0, 0, 240
L 751, -880, -61, 697, -848, -61, 0, 0, 240
L 697, -848, -61, 686, -794, -61, 0, 0, 240
L 686, -794, -61, 672, -773, -61, 0, 0, 240
L 672, -773, -61, 657, -694, -60, 0, 0, 240
L 657, -694, -60, 656, -689, -61, 0, 0, 240
L 656, -689, -61, 551, -687, -60, 0, 0, 240
L 551, -687, -60, 525, -694, -60, 0, 0, 240
L 525, -694, -60, 451, -749, -60, 0, 0, 240
L 451, -749, -60, 387, -759, -60, 0, 0, 240
L 387, -759, -60, 352, -781, -60, 0, 0, 240
L 352, -781, -60, 265, -782, -60, 0, 0, 240
L 265, -782, -60, 252, -783, -60, 0, 0, 240
L 252, -783, -60, 163, -782, -61, 0, 0, 240
L 163, -782, -61, 151, -781, -61, 0, 0, 240
L 151, -781, -61, 65, -781, -60, 0, 0, 240
L 65, -781, -60, 52, -756, -61, 0, 0, 240
L 52, -756, -61, -11, -756, -61, 0, 0, 240
L -11, -756, -61, -21, -694, -61, 0, 0, 240
L -21, -694, -61, -49, -686, -60, 0, 0, 240
L -49, -686, -60, -128, -674, -60, 0, 0, 240
L -128, -674, -60, -131, -594, -60, 0, 0, 240
L -131, -594, -60, -149, -520, -61, 0, 0, 240
L -149, -520, -61, -157, -503, -61, 0, 0, 240
L -157, -503, -61, -167, -494, -61, 0, 0, 240
L -167, -494, -61, -196, -441, -60, 0, 0, 240
L -196, -441, -60, -215, -394, -61, 0, 0, 240
L -215, -394, -61, -220, -365, -61, 0, 0, 240
L -220, -365, -61, -220, -194, -61, 0, 0, 240
L -220, -194, -61, -228, -173, -61, 0, 0, 240
L -228, -173, -61, -234, -94, -60, 0, 0, 240
L -234, -94, -60, -237, -82, -60, 0, 0, 240
L -237, -82, -60, -238, -59, -60, 0, 0, 240
L -236, -3, -60, -236, 5, -60, 0, 0, 240
L -236, 5, -60, -239, 16, -60, 0, 0, 240
L -239, 16, -60, -249, 83, -61, 0, 0, 240
L -249, 83, -61, -255, 100, -60, 0, 0, 240
L -255, 100, -60, -349, 105, -61, 0, 0, 240
L -349, 105, -61, -351, 103, -61, 0, 0, 240
L -351, 103, -61, -377, 106, -61, 0, 0, 240
L -377, 106, -61, -448, 107, -60, 0, 0, 240
L -448, 107, -60, -540, 114, -60, 0, 0, 240
L -540, 114, -60, -548, 118, -60, 0, 0, 240
L -548, 118, -60, -645, 110, -61, 0, 0, 240
L -645, 110, -61, -606, 206, -60, 0, 0, 240
L -606, 206, -60, -616, 238, -60, 0, 0, 240
L -616, 238, -60, -649, 252, -60, 0, 0, 240
L -649, 252, -60, -732, 223, -60, 0, 0, 240
L -732, 223, -60, -732, 306, -60, 0, 0, 240
L -732, 306, -60, -739, 315, -60, 0, 0, 240
L -739, 315, -60, -749, 358, -61, 0, 0, 240
L -749, 358, -61, -796, 358, -61, 0, 0, 240
L -796, 358, -61, -797, 406, -61, 0, 0, 240
L -797, 406, -61, -833, 421, -61, 0, 0, 240
L -833, 421, -61, -831, 505, -61, 0, 0, 240
L -831, 505, -61, -837, 517, -60, 0, 0, 240
L -837, 517, -60, -849, 554, -61, 0, 0, 240
L -849, 554, -61, -872, 583, -61, 0, 0, 240
L -872, 583, -61, -883, 606, -61, 0, 0, 240
L -883, 606, -61, -928, 627, -60, 0, 0, 240
L -928, 627, -60, -948, 641, -60, 0, 0, 240
L -948, 641, -60, -1025, 630, -61, 0, 0, 240
L -1025, 630, -61, -1048, 622, -60, 0, 0, 240
L -1048, 622, -60, -1062, 606, -60, 0, 0, 240
L -1063, 606, -61, -1082, 506, -60, 0, 0, 240
L -1082, 506, -60, -1153, 406, -60, 0, 0, 240
L -1153, 406, -60, -1156, 306, -61, 0, 0, 240
L -1156, 306, -61, -1164, 206, -60, 0, 0, 240
L -1164, 206, -60, -1197, 107, -61, 0, 0, 240
L -1197, 107, -61, -1195, 5, -60, 0, 0, 240
L -1195, 5, -60, -1193, -38, -60, 0, 0, 240
L -1193, -38, -60, -1168, -94, -61, 0, 0, 240
L -1168, -94, -61, -1167, -129, -61, 0, 0, 240
L -1167, -149, -60, -1167, -197, -61, 0, 0, 240
L -1167, -197, -61, -1166, -212, -61, 0, 0, 240
L -1166, -212, -61, -1169, -294, -61, 0, 0, 240
L -1169, -294, -61, -1166, -312, -60, 0, 0, 240
L -1166, -312, -60, -1198, -394, -60, 0, 0, 240
L -1198, -394, -60, -1196, -441, -61, 0, 0, 240
L -1196, -441, -61, -1160, -494, -60, 0, 0, 240
L -1160, -494, -60, -1159, -605, -60, 0, 0, 240
L -1159, -605, -60, -1186, -693, -61, 0, 0, 240
L -1186, -693, -61, -1186, -932, -61, 0, 0, 240
L -1186, -932, -61, -1159, -994, -61, 0, 0, 240
L -1159, -994, -61, -1160, -1193, -61, 0, 0, 240
L -1160, -1193, -61, -1161, -1206, -61, 0, 0, 240
L -1161, -1206, -61, -1175, -1294, -61, 0, 0, 240
L -1175, -1294, -61, -1177, -1322, -61, 0, 0, 240
L -1177, -1322, -61, -1191, -1395, -61, 0, 0, 240
L -1191, -1395, -61, -1194, -1440, -60, 0, 0, 240
L -1194, -1440, -60, -1203, -1495, -61, 0, 0, 240
L -1203, -1495, -61, -1206, -1552, -61, 0, 0, 240
L -1206, -1552, -61, -1207, -1594, -60, 0, 0, 240
L -1207, -1594, -60, -1211, -1657, -61, 0, 0, 240
L -1211, -1657, -61, -1175, -1694, -61, 0, 0, 240
L -1175, -1694, -61, -1175, -1820, -61, 0, 0, 240
L -1175, -1820, -61, -1191, -1894, -61, 0, 0, 240
L -1191, -1894, -61, -1188, -1933, -61, 0, 0, 240
L -1188, -1933, -61, -1188, -1994, -61, 0, 0, 240
L -1188, -1994, -61, -1168, -2094, -61, 0, 0, 240
L -1168, -2094, -61, -1193, -2138, -61, 0, 0, 240
L -1193, -2138, -61, -1194, -2194, -61, 0, 0, 240
L -1194, -2194, -61, -1249, -2212, -61, 0, 0, 240
L -1249, -2212, -61, -1304, -2194, -61, 0, 0, 240
L -1304, -2194, -61, -1348, -2169, -61, 0, 0, 240
L -1348, -2169, -61, -1374, -2168, -61, 0, 0, 240
L -1374, -2168, -61, -1448, -2150, -61, 0, 0, 240
L -1448, -2150, -61, -1495, -2146, -61, 0, 0, 240
L -1495, -2146, -61, -1548, -2137, -61, 0, 0, 240
L -1548, -2137, -61, -1646, -2096, -61, 0, 0, 240
L -1646, -2096, -61, -1627, -2195, -61, 0, 0, 240
L -1627, -2195, -61, -1624, -2218, -61, 0, 0, 240
L -1624, -2218, -61, -1648, -2215, -61, 0, 0, 240
L -1648, -2215, -61, -1707, -2295, -61, 0, 0, 240
L -1707, -2295, -61, -1707, -2315, -61, 0, 0, 240
L -152, -2395, -49, 1170, -2399, 35, 0, 0, 0
L 1170, -2399, 35, 1161, -1090, -59, 0, 0, 0
L 344, 2391, -45, 338, 2396, -45, 127, 127, 127
L 338, 2396, -45, 331, 2392, -45, 127, 127, 127
L 331, 2392, -45, 333, 2384, -45, 127, 127, 127
L 333, 2384, -45, 341, 2384, -45, 127, 127, 127
L 341, 2384, -45, 344, 2391, -45, 127, 127, 127
L 261, 2397, -45, 258, 2390, -45, 127, 127, 127
L 258, 2390, -45, 250, 2391, -45, 127, 127, 127
L 250, 2391, -45, 248, 2398, -45, 127, 127, 127
L 248, 2398, -45, 255, 2402, -45, 127, 127, 127
L 255, 2402, -45, 261, 2397, -45, 127, 127, 127
L 260, 2396, -45, 258, 2391, -45, 127, 127, 127
L 328, 2347, -45, 330, 2339, -45, 127, 127, 127
L 335, 2351, -45, 328, 2347, -45, 127, 127, 127
L 335, 2351, -45, 341, 2346, -45, 127, 127, 127
L 341, 2346, -45, 338, 2339, -45, 127, 127, 127
L 257, 2352, -45, 254, 2345, -45, 127, 127, 127
L 247, 2345, -45, 245, 2353, -45, 127, 127, 127
L 245, 2353, -45, 251, 2357, -45, 127, 127, 127
L 251, 2357, -45, 257, 2352, -45, 127, 127, 127
L -1214, -130, -52, -1214, -149, -52, 127, 64, 0
L -1214, -149, -52, -1154, -149, -52, 127, 64, 0
L -1161, -130, -52, -1161, -126, -52, 127, 64, 0
L -1161, -126, -52, -1166, -126, -52, 127, 64, 0
L -1166, -126, -52, -1166, -130, -52, 127, 64, 0
L -1161, -153, -52, -1161, -149, -52, 127, 64, 0
L -1161, -153, -52, -1166, -153, -52, 127, 64, 0
L -1166, -153, -52, -1166, -149, -52, 127, 64, 0
L -1181, -130, -52, -1181, -126, -52, 127, 64, 0
L -1181, -126, -52, -1186, -126, -52, 127, 64, 0
L -1186, -126, -52, -1186, -130, -52, 127, 64, 0
L -1186, -149, -52, -1186, -153, -52, 127, 64, 0
L -1186, -153, -52, -1181, -153, -52, 127, 64, 0
L -1181, -153, -52, -1181, -149, -52, 127, 64, 0
L -1203, -149, -52, -1203, -153, -52, 127, 64, 0
L -1203, -153, -52, -1208, -153, -52, 127, 64, 0
L -1208, -153, -52, -1208, -149, -52, 127, 64, 0
L -1208, -130, -52, -1208, -126, -52, 127, 64, 0
L -1208, -126, -52, -1203, -126, -52, 127, 64, 0
L -1203, -126, -52, -1203, -130, -52, 127, 64, 0
L -1214, -130, -52, -1154, -130, -52, 127, 64, 0
L -1154, -149, -52, -1154, -130, -52, 127, 64, 0
L 330, -1027, -55, 338, -1022, -55, 127, 127, 127
L 338, -1022, -55, 344, -1030, -54, 127, 127, 127
L 335, -1035, -54, 330, -1027, -54, 127, 127, 127
L 343, -1018, -53, 349, -1027, -53, 127, 127, 127
L 357, -1021, -53, 351, -1013, -52, 127, 127, 127
L 351, -1013, -52, 343, -1018, -52, 127, 127, 127
L 384, -1026, -56, 392, -1020, -56, 127, 127, 127
L 398, -1028, -57, 389, -1034, -57, 127, 127, 127
L 389, -1034, -57, 384, -1026, -57, 127, 127, 127
L 393, -1039, -58, 401, -1033, -58, 127, 127, 127
L 407, -1042, -58, 398, -1047, -59, 127, 127, 127
L 398, -1047, -58, 393, -1039, -58, 127, 127, 127
L 333, -1062, -59, 338, -1070, -60, 127, 127, 127
L 338, -1070, -60, 330, -1076, -60, 127, 127, 127
L 330, -1076, -61, 324, -1067, -60, 127, 127, 127
L 324, -1067, -60, 333, -1062, -59, 127, 127, 127
L 342, -1075, -60, 333, -1080, -61, 127, 127, 127
L 347, -1083, -60, 342, -1075, -60, 127, 127, 127
L 378, -1078, -61, 369, -1084, -61, 127, 127, 127
L 369, -1084, -61, 375, -1092, -62, 127, 127, 127
L 383, -1087, -61, 378, -1078, -61, 127, 127, 127
L 388, -1084, -61, 382, -1075, -61, 127, 127, 127
L 382, -1075, -61, 391, -1069, -60, 127, 127, 127
L 391, -1069, -61, 396, -1078, -61, 127, 127, 127
L 339, -1089, -61, 347, -1083, -61, 127, 127, 127
L 339, -1089, -61, 333, -1080, -61, 127, 127, 127
L 363, -1067, -59, 353, -1051, -58, 127, 127, 127
L 353, -1051, -58, 368, -1041, -57, 127, 127, 127
L 368, -1041, -57, 378, -1057, -59, 127, 127, 127
L 378, -1057, -59, 363, -1067, -59, 127, 127, 127
L 407, -1042, -58, 401, -1033, -58, 127, 127, 127
L 398, -1028, -57, 392, -1020, -56, 127, 127, 127
L 357, -1021, -55, 349, -1027, -55, 127, 127, 127
L 344, -1030, -56, 335, -1035, -57, 127, 127, 127
L 375, -1092, -62, 383, -1087, -62, 127, 127, 127
L 388, -1084, -61, 396, -1078, -61, 127, 127, 127
L -1009, -2204, -32, -988, -2204, -31, 240, 240, 240
L -988, -2204, -31, -962, -2248, -30, 240, 240, 240
L -962, -2248, -30, -988, -2293, -37, 240, 240, 240
L -988, -2293, -37, -1039, -2293, -46, 240, 240, 240
L -1039, -2293, -46, -1065, -2248, -43, 240, 240, 240
L -1065, -2248, -42, -1039, -2204, -36, 240, 240, 240
L -1039, -2204, -36, -1019, -2204, -32, 240, 240, 240
L -1009, -2204, -31, -1009, -2210, -31, 240, 240, 240
L -1019, -2210, -31, -1019, -2204, -31, 240, 240, 240
L -1019, -2210, -31, -1036, -2210, -31, 240, 240, 240
L -1036, -2210, -31, -1058, -2248, -31, 240, 240, 240
L -1058, -2248, -31, -1036, -2287, -31, 240, 240, 240
L -1036, -2287, -31, -992, -2287, -31, 240, 240, 240
L -992, -2287, -31, -970, -2248, -31, 240, 240, 240
L -970, -2248, -31, -992, -2210, -31, 240, 240, 240
L -992, -2210, -31, -1009, -2210, -31, 240, 240, 240
L -445, -2170, -43, -468, -2132, -43, 240, 240, 240
L -468, -2132, -43, -445, -2093, -43, 240, 240, 240
L -445, -2093, -43, -401, -2093, -43, 240, 240, 240
L -401, -2093, -43, -379, -2132, -39, 240, 240, 240
L -379, -2132, -39, -401, -2170, -43, 240, 240, 240
L -401, -2170, -43, -418, -2170, -43, 240, 240, 240
L -418, -2170, -43, -418, -2176, -43, 240, 240, 240
L -428, -2176, -43, -449, -2176, -49, 240, 240, 240
L -449, -2176, -49, -475, -2132, -49, 240, 240, 240
L -475, -2132, -49, -449, -2087, -49, 240, 240, 240
L -449, -2087, -49, -398, -2087, -49, 240, 240, 240
L -398, -2087, -49, -372, -2132, -49, 240, 240, 240
L -372, -2132, -49, -398, -2176, -49, 240, 240, 240
L -428, -2170, -43, -445, -2170, -43, 240, 240, 240
L -428, -2170, -43, -428, -2176, -43, 240, 240, 240
L -430, -2170, -43, -445, -2170, -43, 240, 240, 240
L -418, -2176, -43, -398, -2176, -49, 240, 240, 240
L -413, -2176, -49, -414, -2192, -49, 240, 240, 240
L -414, -2192, -49, -431, -2192, -49, 240, 240, 240
L -433, -2176, -49, -431, -2192, -49, 240, 240, 240
L 1070, -2196, -25, 1070, -2180, -24, 240, 240, 240
L 1070, -2180, -24, 1115, -2154, -20, 240, 240, 240
L 1115, -2154, -20, 1159, -2180, -11, 240, 240, 240
L 1159, -2180, -10, 1159, -2232, -14, 240, 240, 240
L 1159, -2232, -17, 1115, -2257, -27, 240, 240, 240
L 1115, -2257, -28, 1070, -2232, -27, 240, 240, 240
L 1070, -2232, -27, 1070, -2216, -26, 240, 240, 240
L 1070, -2216, -26, 1045, -2216, -27, 240, 240, 240
L 1045, -2216, -27, 1046, -2204, -26, 240, 240, 240
L 1046, -2204, -26, 1047, -2199, -26, 240, 240, 240
L 1047, -2199, -26, 1047, -2197, -26, 240, 240, 240
L 1047, -2197, -26, 1070, -2196, -25, 240, 240, 240
L 1070, -2196, -17, 1070, -2201, -17, 240, 240, 240
L 1070, -2211, -17, 1070, -2216, -17, 240, 240, 240
L 1070, -2201, -16, 1076, -2201, -16, 240, 240, 240
L 1070, -2211, -16, 1076, -2211, -16, 240, 240, 240
L 1076, -2211, -17, 1076, -2228, -17, 240, 240, 240
L 1076, -2228, -17, 1115, -2250, -17, 240, 240, 240
L 1115, -2250, -17, 1153, -2228, -17, 240, 240, 240
L 1153, -2228, -17, 1153, -2184, -17, 240, 240, 240
L 1153, -2184, -17, 1115, -2162, -17, 240, 240, 240
L 1115, -2162, -17, 1076, -2184, -17, 240, 240, 240
L 1076, -2184, -17, 1076, -2201, -17, 240, 240, 240
L 763, -1811, -83, 788, -1766, -80, 240, 240, 240
L 788, -1766, -80, 763, -1721, -78, 240, 240, 240
L 763, -1721, -78, 711, -1721, -75, 240, 240, 240
L 711, -1721, -75, 686, -1766, -76, 240, 240, 240
L 686, -1766, -77, 711, -1811, -81, 240, 240, 240
L 728, -1811, -82, 728, -1827, -81, 240, 240, 240
L 728, -1827, -81, 747, -1831, -82, 240, 240, 240
L 747, -1831, -82, 748, -1811, -84, 240, 240, 240
L 732, -1811, -74, 711, -1811, -81, 240, 240, 240
L 742, -1811, -74, 763, -1811, -83, 240, 240, 240
L 732, -1811, -73, 732, -1804, -73, 240, 240, 240
L 742, -1811, -73, 742, -1804, -73, 240, 240, 240
L 759, -1804, -74, 781, -1766, -72, 240, 240, 240
L 781, -1766, -72, 759, -1728, -74, 240, 240, 240
L 759, -1728, -74, 715, -1728, -74, 240, 240, 240
L 715, -1728, -74, 693, -1766, -74, 240, 240, 240
L 693, -1766, -74, 715, -1804, -74, 240, 240, 240
L 732, -1804, -74, 715, -1804, -74, 240, 240, 240
L 742, -1804, -74, 759, -1804, -74, 240, 240, 240
L -2382, -2134, -61, -2607, -2074, 133, 0, 0, 0
L -2611, 1919, 82, -2369, 1940, -61, 0, 0, 0
L -2369, 1940, -61, -2398, 1857, -60, 0, 0, 240
L -2398, 1857, -60, -2398, 1806, -61, 0, 0, 240
L -2398, 1806, -61, -2372, 1783, -61, 0, 0, 240
L -2372, 1783, -61, -2372, 1706, -61, 0, 0, 240
L -2393, 1662, -60, -2372, 1706, -60, 0, 0, 240
L -2393, 1662, -61, -2393, 1605, -60, 0, 0, 240
L -2370, 1584, -60, -2365, 1406, -60, 0, 0, 240
L -2365, 1406, -60, -2368, 1386, -61, 0, 0, 240
L -2368, 1386, -61, -2373, 1305, -61, 0, 0, 240
L -2373, 1305, -61, -2392, 1262, -60, 0, 0, 240
L -2392, 1262, -60, -2392, 1206, -61, 0, 0, 240
L -2392, 1206, -61, -2372, 1182, -61, 0, 0, 240
L -2372, 1182, -61, -2373, 1106, -60, 0, 0, 240
L -2373, 1106, -60, -2384, 1070, -60, 0, 0, 240
L -2384, 1070, -60, -2384, 1006, -61, 0, 0, 240
L -2384, 1006, -61, -2376, 979, -60, 0, 0, 240
L -2376, 979, -60, -2364, 906, -60, 0, 0, 240
L -2364, 906, -60, -2372, 884, -60, 0, 0, 240
L -2372, 884, -60, -2396, 758, -61, 0, 0, 240
L -2396, 758, -61, -2396, 706, -61, 0, 0, 240
L -2396, 706, -61, -2419, 635, -61, 0, 0, 240
L -2419, 635, -61, -2348, 607, -61, 0, 0, 240
L -2348, 607, -61, -2351, 506, -61, 0, 0, 240
L -2351, 506, -61, -2352, 502, -61, 0, 0, 240
L -2352, 502, -61, -2341, 413, -61, 0, 0, 240
L -2341, 413, -61, -2344, 406, -61, 0, 0, 240
L -2344, 406, -61, -2348, 401, -61, 0, 0, 240
L -2348, 401, -61, -2394, 306, -61, 0, 0, 240
L -2394, 306, -61, -2401, 254, -61, 0, 0, 240
L -2401, 254, -61, -2400, 105, -61, 0, 0, 240
L -2400, 105, -61, -2396, 59, -61, 0, 0, 240
L -2396, 59, -61, -2396, 6, -60, 0, 0, 240
L -2396, 6, -60, -2376, -23, -61, 0, 0, 240
L -2376, -23, -61, -2368, -94, -61, 0, 0, 240
L -2368, -94, -61, -2372, -118, -61, 0, 0, 240
L -2372, -118, -61, -2351, -194, -61, 0, 0, 240
L -2351, -194, -61, -2385, -295, -60, 0, 0, 240
L -2385, -295, -60, -2363, -308, -61, 0, 0, 240
L -2363, -308, -61, -2368, -393, -61, 0, 0, 240
L -2368, -393, -61, -2389, -434, -60, 0, 0, 240
L -2389, -434, -60, -2389, -494, -60, 0, 0, 240
L -2389, -494, -60, -2401, -547, -60, 0, 0, 240
L -2401, -547, -60, -2401, -594, -61, 0, 0, 240
L -2401, -594, -61, -2396, -641, -61, 0, 0, 240
L -2396, -641, -61, -2395, -694, -61, 0, 0, 240
L -2395, -694, -61, -2376, -722, -61, 0, 0, 240
L -2376, -722, -61, -2376, -794, -60, 0, 0, 240
L -2376, -794, -60, -2383, -829, -60, 0, 0, 240
L -2383, -829, -60, -2383, -894, -61, 0, 0, 240
L -2383, -894, -61, -2367, -913, -60, 0, 0, 240
L -2367, -913, -60, -2361, -994, -60, 0, 0, 240
L -2361, -994, -60, -2376, -1022, -60, 0, 0, 240
L -2376, -1022, -60, -2386, -1095, -61, 0, 0, 240
L -2386, -1095, -61, -2378, -1125, -60, 0, 0, 240
L -2378, -1125, -60, -2378, -1194, -61, 0, 0, 240
L -2378, -1194, -61, -2361, -1207, -60, 0, 0, 240
L -2361, -1207, -60, -2358, -1294, -60, 0, 0, 240
L -2358, -1294, -60, -2371, -1316, -60, 0, 0, 240
L -2371, -1316, -60, -2377, -1394, -61, 0, 0, 240
L -2377, -1394, -61, -2374, -1419, -61, 0, 0, 240
L -2374, -1419, -61, -2374, -1494, -60, 0, 0, 240
L -2374, -1494, -60, -2366, -1512, -60, 0, 0, 240
L -2366, -1512, -60, -2358, -1595, -60, 0, 0, 240
L -2358, -1595, -60, -2366, -1612, -60, 0, 0, 240
L -2366, -1612, -60, -2377, -1695, -61, 0, 0, 240
L -2377, -1695, -61, -2396, -1742, -60, 0, 0, 240
L -2396, -1742, -60, -2397, -1794, -61, 0, 0, 240
L -2397, -1794, -61, -2374, -1820, -61, 0, 0, 240
L -2375, -1820, -60, -2380, -1894, -61, 0, 0, 240
L -2380, -1894, -61, -2406, -1952, -60, 0, 0, 240
L -2406, -1952, -60, -2400, -1994, -60, 0, 0, 240
L -2400, -1994, -60, -2398, -2094, -60, 0, 0, 240
L -2398, -2094, -60, -2382, -2127, -61, 0, 0, 240
L -2382, -2127, -61, -2382, -2134, -60, 0, 0, 240
L -2393, 1605, -60, -2370, 1584, -60, 0, 0, 240
L -2452, 440, -42, -2479, 440, -41, 127, 127, 127
L -2479, 440, -41, -2479, 438, -41, 0, 0, 0
L -2479, 438, -41, -2603, 438, -38, 0, 0, 0
L -2603, 438, -38, -2623, 448, -38, 0, 0, 0
L -2623, 448, -38, -2632, 467, -38, 0, 0, 0
L -2632, 467, -38, -2632, 498, -38, 0, 0, 0
L -2685, 498, -38, -2632, 498, -38, 0, 0, 0
L -2685, 498, -38, -2685, 467, -38, 0, 0, 0
L -2712, 439, -38, -2712, 497, -38, 0, 0, 0
L -2712, 497, -38, -2703, 516, -38, 0, 0, 0
L -2703, 516, -38, -2683, 526, -38, 0, 0, 0
L -2683, 526, -38, -2634, 526, -38, 0, 0, 0
L -2634, 526, -38, -2610, 514, -38, 0, 0, 0
L -2614, 516, -38, -2605, 497, -38, 0, 0, 0
L -2605, 497, -38, -2605, 466, -38, 0, 0, 0
L -2479, 466, -41, -2605, 466, -38, 0, 0, 0
L -2479, 465, -41, -2452, 465, -42, 127, 127, 127
L -2479, 465, -41, -2479, 466, -41, 0, 0, 0
L -2452, 465, -42, -2452, 494, -40, 127, 127, 127
L -2452, 494, -38, -2481, 493, -20, 127, 127, 127
L -2478, 511, -20, -2478, 493, -18, 127, 127, 127
L -2478, 511, -19, -2518, 511, 9, 127, 127, 127
L -2518, 511, 11, -2518, 469, 16, 127, 127, 127
L -2518, 469, 15, -2481, 468, -12, 127, 127, 127
L -2481, 493, -12, -2481, 411, -12, 127, 127, 127
L -2481, 436, -12, -2518, 436, 18, 127, 127, 127
L -2518, 436, 21, -2518, 394, 23, 127, 127, 127
L -2518, 394, 22, -2478, 394, -13, 127, 127, 127
L -2478, 394, -15, -2478, 411, -21, 127, 127, 127
L -2481, 411, -23, -2452, 410, -43, 127, 127, 127
L -2452, 410, -46, -2452, 440, -44, 127, 127, 127
L 841, -1143, -56, 824, -1143, -56, 240, 240, 240
L 824, -1143, -57, 799, -1187, -63, 240, 240, 240
L 799, -1187, -63, 824, -1232, -65, 240, 240, 240
L 824, -1232, -65, 876, -1232, -60, 240, 240, 240
L 876, -1232, -60, 902, -1187, -55, 240, 240, 240
L 902, -1187, -55, 876, -1143, -55, 240, 240, 240
L 876, -1143, -55, 858, -1143, -55, 240, 240, 240
L 858, -1143, -52, 859, -1137, -54, 240, 240, 240
L 859, -1137, -54, 852, -1137, -54, 240, 240, 240
L 852, -1137, -54, 841, -1136, -55, 240, 240, 240
L 841, -1136, -55, 841, -1143, -52, 240, 240, 240
L 845, -1143, -52, 841, -1143, -52, 240, 240, 240
L 858, -1143, -52, 855, -1143, -52, 240, 240, 240
L 855, -1143, -51, 855, -1149, -51, 240, 240, 240
L 845, -1149, -51, 845, -1143, -51, 240, 240, 240
L 845, -1149, -52, 828, -1149, -52, 240, 240, 240
L 828, -1149, -52, 806, -1187, -52, 240, 240, 240
L 806, -1187, -52, 828, -1226, -52, 240, 240, 240
L 828, -1226, -52, 872, -1226, -52, 240, 240, 240
L 872, -1226, -52, 894, -1187, -52, 240, 240, 240
L 894, -1187, -52, 872, -1149, -52, 240, 240, 240
L 872, -1149, -52, 855, -1149, -52, 240, 240, 240
L -291, -2550, -48, -304, -2550, -48, 150, 0, 200
