L 746, -789, -73, 726, -783, -73, 0, 0, 0
L 747, -791, -73, 746, -789, -73, 0, 0, 0
L 747, -792, -73, 747, -791, -73, 0, 0, 0
L 748, -793, -73, 747, -792, -73, 0, 0, 0
L 748, -795, -72, 748, -793, -73, 0, 0, 0
L 751, -800, -73, 748, -795, -72, 0, 0, 0
L 752, -803, -73, 751, -800, -73, 0, 0, 0
L 753, -807, -73, 752, -803, -73, 0, 0, 0
L 753, -808, -73, 753, -807, -73, 0, 0, 0
L 752, -811, -73, 753, -808, -73, 0, 0, 0
L 751, -816, -73, 752, -811, -73, 0, 0, 0
L 750, -819, -73, 751, -816, -73, 0, 0, 0
L 744, -832, -73, 750, -819, -73, 0, 0, 0
L 744, -834, -73, 744, -832, -73, 0, 0, 0
L 736, -838, -73, 744, -834, -73, 0, 0, 0
L 729, -839, -73, 736, -838, -73, 0, 0, 0
L 725, -839, -73, 729, -839, -73, 0, 0, 0
L 719, -838, -73, 725, -839, -73, 0, 0, 0
L 713, -838, -73, 719, -838, -73, 0, 0, 0
L 700, -832, -73, 713, -838, -73, 0, 0, 0
L 699, -831, -73, 700, -832, -73, 0, 0, 0
L 698, -829, -73, 699, -831, -73, 0, 0, 0
L 695, -818, -73, 698, -829, -73, 0, 0, 0
L 694, -816, -73, 695, -818, -73, 0, 0, 0
L 694, -810, -73, 694, -816, -73, 0, 0, 0
L 695, -803, -73, 694, -810, -73, 0, 0, 0
L 695, -802, -73, 695, -803, -73, 0, 0, 0
L 695, -803, -73, 695, -802, -73, 0, 0, 0
L 698, -793, -73, 695, -803, -73, 0, 0, 0
L 699, -791, -73, 698, -793, -73, 0, 0, 0
L 700, -790, -73, 699, -791, -73, 0, 0, 0
L 701, -788, -73, 700, -790, -73, 0, 0, 0
L 702, -787, -73, 701, -788, -73, 0, 0, 0
L 704, -786, -73, 702, -787, -73, 0, 0, 0
L 714, -782, -73, 704, -786, -73, 0, 0, 0
L 722, -781, -73, 714, -782, -73, 0, 0, 0
L 724, -781, -73, 722, -781, -73, 0, 0, 0
L 734, -782, -73, 724, -781, -73, 0, 0, 0
L 751, -667, -73, 752, -668, -73, 0, 0, 0
L 744, -659, -73, 751, -667, -73, 0, 0, 0
L 743, -658, -73, 744, -659, -73, 0, 0, 0
L 743, -656, -73, 743, -658, -73, 0, 0, 0
L 741, -648, -73, 743, -656, -73, 0, 0, 0
L 740, -635, -73, 741, -648, -73, 0, 0, 0
L 740, -630, -73, 740, -635, -73, 0, 0, 0
L 742, -626, -73, 740, -630, -73, 0, 0, 0
L 747, -621, -73, 742, -626, -73, 0, 0, 0
L 748, -619, -73, 747, -621, -73, 0, 0, 0
L 749, -618, -73, 748, -619, -73, 0, 0, 0
L 751, -618, -73, 749, -618, -73, 0, 0, 0
L 762, -615, -73, 751, -618, -73, 0, 0, 0
L 779, -612, -73, 762, -615, -73, 0, 0, 0
L 781, -612, -73, 779, -612, -73, 0, 0, 0
L 783, -613, -73, 781, -612, -73, 0, 0, 0
L 792, -622, -73, 783, -613, -73, 0, 0, 0
L 793, -625, -73, 792, -622, -73, 0, 0, 0
L 793, -627, -73, 793, -625, -73, 0, 0, 0
L 794, -629, -73, 793, -627, -73, 0, 0, 0
L 797, -638, -73, 794, -629, -73, 0, 0, 0
L 798, -639, -73, 797, -638, -73, 0, 0, 0
L 798, -658, -73, 798, -639, -73, 0, 0, 0
L 785, -665, -73, 798, -658, -73, 0, 0, 0
L 784, -666, -73, 785, -665, -73, 0, 0, 0
L 782, -665, -73, 784, -666, -73, 0, 0, 0
L 780, -666, -73, 782, -665, -73, 0, 0, 0
L 777, -670, -73, 780, -666, -73, 0, 0, 0
L 770, -670, -73, 777, -670, -73, 0, 0, 0
L 765, -669, -73, 770, -670, -73, 0, 0, 0
L 763, -669, -73, 765, -669, -73, 0, 0, 0
L 764, -668, -73, 763, -669, -73, 0, 0, 0
L 756, -670, -73, 764, -668, -73, 0, 0, 0
L 754, -669, -73, 756, -670, -73, 0, 0, 0
L 752, -669, -73, 754, -669, -73, 0, 0, 0
L 751, -667, -73, 752, -669, -73, 0, 0, 0
L 749, -665, -73, 751, -667, -73, 0, 0, 0
L 632, -719, -72, 632, -706, -73, 127, 64, 0
L 632, -721, -72, 632, -719, -72, 127, 64, 0
L 654, -721, -72, 632, -721, -72, 127, 64, 0
L 649, -566, -73, 647, -564, -72, 0, 0, 240
L 651, -566, -73, 649, -566, -73, 0, 0, 240
L 647, -562, -70, 648, -563, -71, 0, 0, 240
L 644, -562, -71, 647, -562, -70, 0, 0, 240
L 643, -563, -71, 644, -562, -71, 0, 0, 240
L 641, -563, -71, 643, -563, -71, 0, 0, 240
L 642, -565, -94, 648, -565, -94, 0, 0, 240
L 640, -566, -94, 642, -565, -94, 0, 0, 240
L 638, -566, -94, 640, -566, -94, 0, 0, 240
L 636, -567, -94, 638, -566, -94, 0, 0, 240
L 625, -576, -94, 636, -567, -94, 0, 0, 240
L 623, -577, -94, 625, -576, -94, 0, 0, 240
L 622, -578, -94, 623, -577, -94, 0, 0, 240
L 620, -579, -94, 622, -578, -94, 0, 0, 240
L 612, -580, -92, 620, -579, -94, 0, 0, 240
L 610, -580, -92, 612, -580, -92, 0, 0, 240
L 606, -581, -91, 610, -580, -92, 0, 0, 240
L 595, -585, -88, 606, -581, -91, 0, 0, 240
L 593, -586, -88, 595, -585, -88, 0, 0, 240
L 583, -605, -84, 593, -586, -88, 0, 0, 240
L 581, -610, -83, 583, -605, -84, 0, 0, 240
L 581, -612, -82, 581, -610, -83, 0, 0, 240
L 579, -614, -82, 581, -612, -82, 0, 0, 240
L 577, -614, -82, 579, -614, -82, 0, 0, 240
L 576, -615, -83, 577, -614, -82, 0, 0, 240
L 574, -616, -84, 576, -615, -83, 0, 0, 240
L 569, -622, -90, 574, -616, -84, 0, 0, 240
L 568, -623, -91, 569, -622, -90, 0, 0, 240
L 566, -625, -92, 568, -623, -91, 0, 0, 240
L 565, -628, -91, 566, -625, -92, 0, 0, 240
L 562, -632, -90, 565, -628, -91, 0, 0, 240
L 562, -634, -90, 562, -632, -90, 0, 0, 240
L 561, -636, -90, 562, -634, -90, 0, 0, 240
L 563, -656, -86, 561, -636, -90, 0, 0, 240
L 564, -658, -86, 563, -656, -86, 0, 0, 240
L 566, -662, -85, 564, -658, -86, 0, 0, 240
L 567, -663, -84, 566, -662, -85, 0, 0, 240
L 568, -665, -84, 567, -663, -84, 0, 0, 240
L 569, -667, -83, 568, -665, -84, 0, 0, 240
L 570, -676, -75, 569, -667, -83, 0, 0, 240
L 570, -678, -75, 570, -676, -75, 0, 0, 240
L 571, -682, -73, 570, -678, -75, 0, 0, 240
L 572, -683, -73, 571, -682, -73, 0, 0, 240
L 580, -689, -73, 572, -683, -73, 0, 0, 240
L 582, -689, -73, 580, -689, -73, 0, 0, 240
L 584, -690, -73, 582, -689, -73, 0, 0, 240
L 585, -690, -73, 584, -690, -73, 0, 0, 240
L 605, -686, -70, 585, -690, -73, 0, 0, 240
L 609, -686, -70, 605, -686, -70, 0, 0, 240
L 619, -686, -73, 609, -686, -70, 0, 0, 240
L 621, -686, -73, 619, -686, -73, 0, 0, 240
L 623, -687, -73, 621, -686, -73, 0, 0, 240
L 630, -696, -73, 623, -687, -73, 0, 0, 240
L 631, -697, -73, 630, -696, -73, 0, 0, 240
L 631, -699, -73, 631, -697, -73, 0, 0, 240
L 633, -705, -73, 631, -699, -73, 0, 0, 240
L 634, -707, -72, 633, -705, -73, 0, 0, 240
L 635, -717, -72, 634, -707, -72, 0, 0, 240
L 635, -721, -72, 635, -717, -72, 0, 0, 240
L 634, -723, -73, 635, -721, -72, 0, 0, 240
L 634, -725, -73, 634, -723, -73, 0, 0, 240
L 632, -726, -73, 634, -725, -73, 0, 0, 240
L 629, -728, -73, 632, -726, -73, 0, 0, 240
L 619, -733, -73, 629, -728, -73, 0, 0, 240
L 605, -738, -73, 619, -733, -73, 0, 0, 240
L 591, -742, -73, 605, -738, -73, 0, 0, 240
L 651, -574, -73, 650, -565, -72, 0, 0, 240
L 651, -584, -73, 651, -574, -73, 0, 0, 240
L 652, -590, -73, 651, -584, -73, 0, 0, 240
L 663, -635, -73, 652, -590, -73, 0, 0, 240
L 663, -637, -73, 663, -635, -73, 0, 0, 240
L 664, -640, -71, 663, -637, -73, 0, 0, 240
L 664, -642, -68, 664, -640, -71, 0, 0, 240
L 664, -645, -66, 664, -642, -68, 0, 0, 240
L 665, -647, -65, 664, -645, -66, 0, 0, 240
L 665, -650, -63, 665, -647, -65, 0, 0, 240
L 665, -652, -62, 665, -650, -63, 0, 0, 240
L 662, -658, -64, 665, -652, -62, 0, 0, 240
L 661, -659, -69, 662, -658, -64, 0, 0, 240
L 660, -661, -70, 661, -659, -69, 0, 0, 240
L 658, -664, -73, 660, -661, -70, 0, 0, 240
L 657, -665, -73, 658, -664, -73, 0, 0, 240
L 653, -675, -73, 657, -665, -73, 0, 0, 240
L 651, -685, -73, 653, -675, -73, 0, 0, 240
L 651, -694, -73, 651, -685, -73, 0, 0, 240
L 653, -704, -73, 651, -694, -73, 0, 0, 240
L 653, -715, -72, 653, -704, -73, 0, 0, 240
L 653, -717, -72, 653, -715, -72, 0, 0, 240
L 650, -727, -73, 653, -717, -72, 0, 0, 240
L 649, -728, -73, 650, -727, -73, 0, 0, 240
L 646, -732, -73, 649, -728, -73, 0, 0, 240
L 639, -737, -73, 646, -732, -73, 0, 0, 240
L 614, -752, -73, 639, -737, -73, 0, 0, 240
L 604, -755, -73, 614, -752, -73, 0, 0, 240
L 603, -762, -71, 603, -743, -83, 0, 0, 0
L 604, -750, -82, 603, -751, -83, 0, 0, 0
L 603, -748, -78, 604, -750, -82, 0, 0, 0
L 603, -746, -75, 603, -748, -78, 0, 0, 0
L 603, -744, -73, 603, -746, -75, 0, 0, 0
L 601, -742, -73, 603, -744, -73, 0, 0, 0
L 591, -742, -73, 601, -742, -73, 0, 0, 0
L 658, -722, -73, 658, -706, -73, 127, 64, 0
L 658, -721, -72, 643, -721, -72, 127, 64, 0
L 631, -708, -73, 631, -710, -73, 127, 64, 0
L 642, -708, -72, 631, -708, -73, 127, 64, 0
L 654, -708, -72, 642, -708, -72, 127, 64, 0
L 656, -707, -73, 654, -708, -72, 127, 64, 0
L 658, -707, -73, 656, -707, -73, 127, 64, 0
L -679, -59, -13, -677, -61, -13, 0, 0, 0
L -682, -55, -13, -679, -59, -13, 0, 0, 0
L -682, -53, -13, -682, -55, -13, 0, 0, 0
L -681, -52, -13, -682, -53, -13, 0, 0, 0
L -679, -51, -13, -681, -52, -13, 0, 0, 0
L -677, -51, -12, -679, -51, -13, 0, 0, 0
L -676, -52, -10, -677, -51, -12, 0, 0, 0
L -674, -52, -9, -676, -52, -10, 0, 0, 0
L -672, -53, -9, -674, -52, -9, 0, 0, 0
L -671, -54, -13, -672, -53, -9, 0, 0, 0
L -670, -56, -13, -671, -54, -13, 0, 0, 0
L -670, -58, -13, -670, -56, -13, 0, 0, 0
L -669, -59, -13, -670, -58, -13, 0, 0, 0
L -669, -63, -13, -669, -59, -13, 0, 0, 0
L -670, -70, -13, -669, -63, -13, 0, 0, 0
L -670, -105, -13, -670, -70, -13, 0, 0, 0
L -672, -106, -13, -670, -105, -13, 0, 0, 0
L -679, -108, -10, -672, -106, -13, 0, 0, 0
L -681, -108, -10, -679, -108, -10, 0, 0, 0
L -682, -109, -10, -681, -108, -10, 0, 0, 0
L -683, -111, -9, -682, -109, -10, 0, 0, 0
L -684, -113, -9, -683, -111, -9, 0, 0, 0
L -684, -119, -9, -684, -113, -9, 0, 0, 0
L -683, -120, -10, -684, -119, -9, 0, 0, 0
L -676, -130, -11, -683, -120, -10, 0, 0, 0
L -675, -132, -11, -676, -130, -11, 0, 0, 0
L -673, -137, -11, -675, -132, -11, 0, 0, 0
L -673, -139, -11, -673, -137, -11, 0, 0, 0
L -674, -137, -11, -673, -139, -11, 0, 0, 0
L -675, -141, -11, -674, -137, -11, 0, 0, 0
L -675, -142, -11, -675, -141, -11, 0, 0, 0
L -681, -169, -9, -675, -142, -11, 0, 0, 0
L -683, -177, -8, -681, -169, -9, 0, 0, 0
L -684, -182, -8, -683, -177, -8, 0, 0, 0
L -683, -216, -8, -684, -182, -8, 0, 0, 0
L -683, -227, -8, -683, -216, -8, 0, 0, 0
L -684, -235, -8, -683, -227, -8, 0, 0, 0
L -684, -236, -8, -684, -235, -8, 0, 0, 0
L -682, -240, -8, -684, -236, -8, 0, 0, 0
L -681, -241, -9, -682, -240, -8, 0, 0, 0
L -639, -287, -9, -681, -241, -9, 0, 0, 0
L -631, -296, -8, -639, -287, -9, 0, 0, 0
L -630, -297, -8, -631, -296, -8, 0, 0, 0
L -628, -297, -8, -630, -297, -8, 0, 0, 0
L -625, -298, -8, -628, -297, -8, 0, 0, 0
L -615, -299, -8, -625, -298, -8, 0, 0, 0
L -613, -299, -8, -615, -299, -8, 0, 0, 0
L -611, -298, -7, -613, -299, -8, 0, 0, 0
L -601, -295, -3, -611, -298, -7, 0, 0, 0
L -599, -294, -3, -601, -295, -3, 0, 0, 0
L -592, -292, -5, -599, -294, -3, 0, 0, 0
L -582, -291, 0, -592, -292, -5, 0, 0, 0
L -580, -290, 0, -582, -291, 0, 0, 0, 0
L -579, -290, -0, -580, -290, 0, 0, 0, 0
L -577, -291, 0, -579, -290, -0, 0, 0, 0
L -576, -292, -4, -577, -291, 0, 0, 0, 0
L -554, -296, -8, -576, -292, -4, 0, 0, 0
L -553, -297, -8, -554, -296, -8, 0, 0, 0
L -543, -300, -6, -553, -297, -8, 0, 0, 0
L -542, -300, -5, -543, -300, -6, 0, 0, 0
L -540, -301, -4, -542, -300, -5, 0, 0, 0
L -518, -301, -4, -540, -301, -4, 0, 0, 0
L -507, -300, -5, -518, -301, -4, 0, 0, 0
L -504, -301, -5, -507, -300, -5, 0, 0, 0
L -494, -302, -3, -504, -301, -5, 0, 0, 0
L -486, -302, -4, -494, -302, -3, 0, 0, 0
L -484, -302, -5, -486, -302, -4, 0, 0, 0
L -467, -305, -4, -484, -302, -5, 0, 0, 0
L -465, -305, -4, -467, -305, -4, 0, 0, 0
L -460, -305, -3, -465, -305, -4, 0, 0, 0
L -451, -305, -4, -460, -305, -3, 0, 0, 0
L -448, -305, -4, -451, -305, -4, 0, 0, 0
L -447, -303, -5, -448, -305, -4, 0, 0, 0
L -446, -293, -10, -447, -303, -5, 0, 0, 0
L -447, -291, -10, -446, -293, -10, 0, 0, 0
L -446, -290, -10, -447, -291, -10, 0, 0, 0
L -444, -289, -10, -446, -290, -10, 0, 0, 0
L -439, -288, -12, -444, -289, -10, 0, 0, 0
L -437, -288, -12, -439, -288, -12, 0, 0, 0
L -435, -287, -13, -437, -288, -12, 0, 0, 0
L -434, -286, -13, -435, -287, -13, 0, 0, 0
L -430, -285, -13, -434, -286, -13, 0, 0, 0
L -416, -285, -13, -430, -285, -13, 0, 0, 0
L -421, -285, -13, -401, -285, -13, 0, 0, 0
L -383, -285, -13, -421, -285, -13, 0, 0, 0
L -381, -286, -13, -383, -285, -13, 0, 0, 0
L -379, -288, -13, -381, -286, -13, 0, 0, 0
L -379, -290, -13, -379, -288, -13, 0, 0, 0
L -383, -293, -13, -379, -290, -13, 0, 0, 0
L -389, -292, -13, -383, -293, -13, 0, 0, 0
L -390, -294, -13, -389, -292, -13, 0, 0, 0
L -390, -296, -13, -390, -294, -13, 0, 0, 0
L -384, -312, -13, -390, -296, -13, 0, 0, 0
L -381, -318, -13, -384, -312, -13, 0, 0, 0
L -374, -331, -13, -381, -318, -13, 0, 0, 0
L -373, -332, -13, -374, -331, -13, 0, 0, 0
L -372, -334, -13, -373, -332, -13, 0, 0, 0
L -371, -335, -13, -372, -334, -13, 0, 0, 0
L -369, -336, -13, -371, -335, -13, 0, 0, 0
L -327, -336, -13, -369, -336, -13, 0, 0, 0
L -326, -337, -13, -327, -336, -13, 0, 0, 0
L -326, -389, -12, -326, -337, -13, 0, 0, 0
L -326, -390, -13, -326, -389, -12, 0, 0, 0
L -292, -390, -13, -326, -390, -13, 0, 0, 0
L -289, -388, -13, -292, -390, -13, 0, 0, 0
L -288, -386, -13, -289, -388, -13, 0, 0, 0
L -287, -384, -11, -288, -386, -13, 0, 0, 0
L -284, -381, -8, -287, -384, -11, 0, 0, 0
L -283, -379, -8, -284, -381, -8, 0, 0, 0
L -282, -378, -8, -283, -379, -8, 0, 0, 0
L -277, -375, -8, -282, -378, -8, 0, 0, 0
L -276, -374, -8, -277, -375, -8, 0, 0, 0
L -274, -373, -7, -276, -374, -8, 0, 0, 0
L -272, -373, -8, -274, -373, -7, 0, 0, 0
L -274, -374, -8, -272, -373, -8, 0, 0, 0
L -265, -367, -11, -274, -374, -8, 0, 0, 0
L -263, -366, -13, -265, -367, -11, 0, 0, 0
L -268, -369, -13, -263, -366, -13, 0, 0, 0
L -270, -370, -13, -268, -369, -13, 0, 0, 0
L -271, -371, -13, -270, -370, -13, 0, 0, 0
L -269, -370, -13, -271, -371, -13, 0, 0, 0
L -262, -365, -13, -269, -370, -13, 0, 0, 0
L -263, -366, -13, -262, -365, -13, 0, 0, 0
L -259, -359, -13, -263, -366, -13, 0, 0, 0
L -258, -358, -13, -259, -359, -13, 0, 0, 0
L -258, -339, -13, -258, -358, -13, 0, 0, 0
L -257, -338, -13, -258, -339, -13, 0, 0, 0
L -247, -325, -13, -257, -338, -13, 0, 0, 0
L -245, -321, -13, -247, -325, -13, 0, 0, 0
L -245, -320, -13, -245, -321, -13, 0, 0, 0
L -245, -314, -11, -245, -320, -13, 0, 0, 0
L -245, -313, -10, -245, -314, -11, 0, 0, 0
L -246, -308, -10, -245, -313, -10, 0, 0, 0
L -245, -306, -13, -246, -308, -10, 0, 0, 0
L -244, -305, -13, -245, -306, -13, 0, 0, 0
L -237, -306, -9, -244, -305, -13, 0, 0, 0
L -235, -307, -9, -237, -306, -9, 0, 0, 0
L -233, -307, -13, -235, -307, -9, 0, 0, 0
L -231, -307, -13, -233, -307, -13, 0, 0, 0
L -224, -298, -13, -231, -307, -13, 0, 0, 0
L -223, -297, -13, -224, -298, -13, 0, 0, 0
L -222, -294, -13, -223, -297, -13, 0, 0, 0
L -222, -286, -13, -222, -294, -13, 0, 0, 0
L -223, -284, -13, -222, -286, -13, 0, 0, 0
L -226, -284, -13, -223, -284, -13, 0, 0, 0
L -228, -283, -13, -226, -284, -13, 0, 0, 0
L -232, -280, -13, -228, -283, -13, 0, 0, 0
L -233, -278, -13, -232, -280, -13, 0, 0, 0
L -231, -277, -13, -233, -278, -13, 0, 0, 0
L -227, -277, -13, -231, -277, -13, 0, 0, 0
L -224, -276, -13, -227, -277, -13, 0, 0, 0
L -205, -276, -13, -224, -276, -13, 0, 0, 0
L -181, -275, -13, -205, -276, -13, 0, 0, 0
L -179, -277, -13, -181, -275, -13, 0, 0, 0
L -179, -288, -9, -179, -277, -13, 0, 0, 0
L -179, -290, -8, -179, -288, -9, 0, 0, 0
L -173, -293, -6, -179, -290, -8, 0, 0, 0
L -172, -293, -6, -173, -293, -6, 0, 0, 0
L -170, -294, -5, -172, -293, -6, 0, 0, 0
L -119, -295, -4, -170, -294, -5, 0, 0, 0
L -108, -295, -4, -119, -295, -4, 0, 0, 0
L -97, -291, -6, -108, -295, -4, 0, 0, 0
L -95, -291, -6, -97, -291, -6, 0, 0, 0
L -94, -290, -6, -95, -291, -6, 0, 0, 0
L -92, -290, -6, -94, -290, -6, 0, 0, 0
L -81, -292, -5, -92, -290, -6, 0, 0, 0
L -79, -293, -5, -81, -292, -5, 0, 0, 0
L -72, -295, -4, -79, -293, -5, 0, 0, 0
L -39, -295, -4, -72, -295, -4, 0, 0, 0
L -37, -297, -5, -39, -295, -4, 0, 0, 0
L -35, -298, -6, -37, -297, -5, 0, 0, 0
L -34, -300, -5, -35, -298, -6, 0, 0, 0
L -35, -306, -3, -34, -300, -5, 0, 0, 0
L -35, -308, -2, -35, -306, -3, 0, 0, 0
L -35, -312, -2, -35, -308, -2, 0, 0, 0
L -35, -328, -1, -35, -312, -2, 0, 0, 0
L -36, -363, -2, -35, -328, -1, 0, 0, 0
L -35, -366, -0, -36, -363, -2, 0, 0, 0
L -35, -367, 1, -35, -366, -0, 0, 0, 0
L -34, -372, 3, -35, -367, 1, 0, 0, 0
L -34, -376, 4, -34, -372, 3, 0, 0, 0
L -33, -377, 4, -34, -376, 4, 0, 0, 0
L -33, -396, -1, -33, -377, 4, 0, 0, 0
L -33, -397, -2, -33, -396, -1, 0, 0, 0
L -32, -412, -3, -33, -397, -2, 0, 0, 0
L -32, -421, -4, -32, -412, -3, 0, 0, 0
L -31, -424, -4, -32, -421, -4, 0, 0, 0
L -27, -439, -6, -31, -424, -4, 0, 0, 0
L -27, -441, -6, -27, -439, -6, 0, 0, 0
L -26, -442, -7, -27, -441, -6, 0, 0, 0
L -23, -447, -9, -26, -442, -7, 0, 0, 0
L -21, -450, -9, -23, -447, -9, 0, 0, 0
L -19, -451, -9, -21, -450, -9, 0, 0, 0
L -18, -452, -9, -19, -451, -9, 0, 0, 0
L -8, -456, -10, -18, -452, -9, 0, 0, 0
L -4, -458, -10, -8, -456, -10, 0, 0, 0
L -3, -459, -10, -4, -458, -10, 0, 0, 0
L 3, -465, -9, -3, -459, -10, 0, 0, 0
L 4, -466, -9, 3, -465, -9, 0, 0, 0
L 2, -465, -10, 4, -466, -9, 0, 0, 0
L 0, -465, -10, 2, -465, -10, 0, 0, 0
L 4, -469, -9, 0, -465, -10, 0, 0, 0
L 4, -471, -9, 4, -469, -9, 0, 0, 0
L 3, -473, -9, 4, -471, -9, 0, 0, 0
L 2, -474, -10, 3, -473, -9, 0, 0, 0
L 1, -476, -10, 2, -474, -10, 0, 0, 0
L -2, -479, -10, 1, -476, -10, 0, 0, 0
L -4, -479, -10, -2, -479, -10, 0, 0, 0
L -5, -481, -10, -4, -479, -10, 0, 0, 0
L -6, -482, -10, -5, -481, -10, 0, 0, 0
L -13, -486, -10, -6, -482, -10, 0, 0, 0
L -23, -491, -9, -13, -486, -10, 0, 0, 0
L -24, -492, -9, -23, -491, -9, 0, 0, 0
L -25, -494, -8, -24, -492, -9, 0, 0, 0
L -26, -495, -8, -25, -494, -8, 0, 0, 0
L -27, -497, -8, -26, -495, -8, 0, 0, 0
L -28, -629, -7, -27, -497, -8, 0, 0, 0
L -24, -669, -7, -28, -629, -7, 0, 0, 0
L -24, -672, -7, -24, -669, -7, 0, 0, 0
L -23, -673, -7, -24, -672, -7, 0, 0, 0
L -9, -688, -9, -23, -673, -7, 0, 0, 0
L 6, -705, -9, -9, -688, -9, 0, 0, 0
L 16, -718, -9, 6, -705, -9, 0, 0, 0
L 24, -727, -10, 16, -718, -9, 0, 0, 0
L 37, -738, -9, 24, -727, -10, 0, 0, 0
L 45, -746, -8, 37, -738, -9, 0, 0, 0
L 46, -747, -8, 45, -746, -8, 0, 0, 0
L 48, -748, -8, 46, -747, -8, 0, 0, 0
L 71, -751, -5, 48, -748, -8, 0, 0, 0
L 92, -751, -5, 71, -751, -5, 0, 0, 0
L 112, -750, -6, 92, -751, -5, 0, 0, 0
L 122, -750, -7, 112, -750, -6, 0, 0, 0
L 154, -751, -7, 122, -750, -7, 0, 0, 0
L 165, -750, -8, 154, -751, -7, 0, 0, 0
L 170, -749, -8, 165, -750, -8, 0, 0, 0
L 180, -748, -8, 170, -749, -8, 0, 0, 0
L 189, -748, -8, 180, -748, -8, 0, 0, 0
L 219, -748, -14, 189, -748, -8, 0, 0, 0
L 239, -748, -14, 219, -748, -14, 0, 0, 0
L 249, -748, -19, 239, -748, -14, 0, 0, 0
L 263, -747, -26, 249, -748, -19, 0, 0, 0
L 265, -747, -26, 263, -747, -26, 0, 0, 0
L 279, -747, -30, 265, -747, -26, 0, 0, 0
L 376, -748, -61, 279, -747, -30, 0, 0, 0
L 396, -748, -66, 376, -748, -61, 0, 0, 0
L 424, -748, -69, 396, -748, -66, 0, 0, 0
L 435, -748, -69, 424, -748, -69, 0, 0, 0
L 445, -750, -68, 435, -748, -69, 0, 0, 0
L 447, -750, -67, 445, -750, -68, 0, 0, 0
L 454, -752, -67, 447, -750, -67, 0, 0, 0
L 455, -753, -67, 454, -752, -67, 0, 0, 0
L 457, -754, -66, 455, -753, -67, 0, 0, 0
L 459, -754, -66, 457, -754, -66, 0, 0, 0
L 464, -753, -67, 459, -754, -66, 0, 0, 0
L 466, -753, -67, 464, -753, -67, 0, 0, 0
L 476, -751, -68, 466, -753, -67, 0, 0, 0
L 480, -750, -67, 476, -751, -68, 0, 0, 0
L 482, -749, -66, 480, -750, -67, 0, 0, 0
L 484, -749, -65, 482, -749, -66, 0, 0, 0
L 485, -748, -65, 484, -749, -65, 0, 0, 0
L 486, -746, -66, 485, -748, -65, 0, 0, 0
L 487, -745, -67, 486, -746, -66, 0, 0, 0
L 495, -729, -73, 487, -745, -67, 0, 0, 0
L 500, -719, -72, 495, -729, -73, 0, 0, 0
L 502, -718, -69, 500, -719, -72, 0, 0, 0
L 511, -727, -62, 502, -718, -69, 0, 0, 0
L 518, -733, -67, 511, -727, -62, 0, 0, 0
L 519, -734, -68, 518, -733, -67, 0, 0, 0
L 521, -737, -72, 519, -734, -68, 0, 0, 0
L 523, -740, -71, 521, -737, -72, 0, 0, 0
L 525, -741, -71, 523, -740, -71, 0, 0, 0
L 527, -741, -71, 525, -741, -71, 0, 0, 0
L 528, -740, -71, 527, -741, -71, 0, 0, 0
L 536, -736, -73, 528, -740, -71, 0, 0, 0
L 537, -735, -74, 536, -736, -73, 0, 0, 0
L 541, -733, -74, 537, -735, -74, 0, 0, 0
L 543, -733, -74, 541, -733, -74, 0, 0, 0
L 552, -734, -74, 543, -733, -74, 0, 0, 0
L 575, -734, -74, 552, -734, -74, 0, 0, 0
L 584, -734, -73, 575, -734, -74, 0, 0, 0
L 586, -734, -73, 584, -734, -73, 0, 0, 0
L 590, -733, -73, 586, -734, -73, 0, 0, 0
L 592, -732, -73, 590, -733, -73, 0, 0, 0
L 594, -733, -73, 592, -732, -73, 0, 0, 0
L 597, -736, -73, 594, -733, -73, 0, 0, 0
L 596, -737, -73, 597, -736, -73, 0, 0, 0
L 594, -738, -73, 596, -737, -73, 0, 0, 0
L 593, -739, -73, 594, -738, -73, 0, 0, 0
L 587, -741, -72, 593, -739, -73, 0, 0, 0
L 590, -742, -73, 587, -741, -72, 0, 0, 0
L 603, -763, -70, 603, -761, -71, 0, 0, 0
L 603, -765, -70, 603, -763, -70, 0, 0, 0
L 605, -766, -70, 603, -765, -70, 0, 0, 0
L 619, -766, -70, 605, -766, -70, 0, 0, 0
L 627, -767, -69, 619, -766, -70, 0, 0, 0
L 628, -768, -68, 627, -767, -69, 0, 0, 0
L 637, -773, -69, 628, -768, -68, 0, 0, 0
L 639, -774, -69, 637, -773, -69, 0, 0, 0
L 650, -783, -69, 639, -774, -69, 0, 0, 0
L 651, -784, -69, 650, -783, -69, 0, 0, 0
L 653, -785, -68, 651, -784, -69, 0, 0, 0
L 653, -786, -68, 653, -785, -68, 0, 0, 0
L 654, -787, -69, 653, -786, -68, 0, 0, 0
L 655, -789, -70, 654, -787, -69, 0, 0, 0
L 657, -792, -72, 655, -789, -70, 0, 0, 0
L 658, -793, -72, 657, -792, -72, 0, 0, 0
L 656, -792, -70, 658, -793, -72, 0, 0, 0
L 662, -806, -70, 656, -792, -70, 0, 0, 0
L 667, -817, -73, 662, -806, -70, 0, 0, 0
L 671, -826, -72, 667, -817, -73, 0, 0, 0
L 672, -827, -70, 671, -826, -72, 0, 0, 0
L 673, -829, -70, 672, -827, -70, 0, 0, 0
L 674, -831, -69, 673, -829, -70, 0, 0, 0
L 675, -832, -69, 674, -831, -69, 0, 0, 0
L 676, -833, -68, 675, -832, -69, 0, 0, 0
L 680, -836, -68, 676, -833, -68, 0, 0, 0
L 689, -842, -68, 680, -836, -68, 0, 0, 0
L 708, -851, -70, 689, -842, -68, 0, 0, 0
L 710, -852, -69, 708, -851, -70, 0, 0, 0
L 712, -852, -69, 710, -852, -69, 0, 0, 0
L 713, -852, -68, 712, -852, -69, 0, 0, 0
L 715, -852, -68, 713, -852, -68, 0, 0, 0
L 727, -848, -69, 715, -852, -68, 0, 0, 0
L 732, -847, -69, 727, -848, -69, 0, 0, 0
L 744, -844, -68, 732, -847, -69, 0, 0, 0
L 746, -843, -68, 744, -844, -68, 0, 0, 0
L 747, -842, -69, 746, -843, -68, 0, 0, 0
L 749, -841, -69, 747, -842, -69, 0, 0, 0
L 767, -823, -68, 749, -841, -69, 0, 0, 0
L 770, -820, -68, 767, -823, -68, 0, 0, 0
L 777, -812, -67, 770, -820, -68, 0, 0, 0
L 780, -809, -67, 777, -812, -67, 0, 0, 0
L 781, -808, -68, 780, -809, -67, 0, 0, 0
L 782, -806, -69, 781, -808, -68, 0, 0, 0
L 784, -805, -69, 782, -806, -69, 0, 0, 0
L 793, -801, -63, 784, -805, -69, 0, 0, 0
L 795, -800, -63, 793, -801, -63, 0, 0, 0
L 803, -795, -65, 795, -800, -63, 0, 0, 0
L 804, -794, -66, 803, -795, -65, 0, 0, 0
L 811, -789, -71, 804, -794, -66, 0, 0, 0
L 813, -787, -71, 811, -789, -71, 0, 0, 0
L 814, -786, -72, 813, -787, -71, 0, 0, 0
L 815, -784, -73, 814, -786, -72, 0, 0, 0
L 816, -783, -72, 815, -784, -73, 0, 0, 0
L 824, -774, -70, 816, -783, -72, 0, 0, 0
L 825, -773, -69, 824, -774, -70, 0, 0, 0
L 825, -771, -70, 825, -773, -69, 0, 0, 0
L 826, -769, -70, 825, -771, -70, 0, 0, 0
L 827, -762, -72, 826, -769, -70, 0, 0, 0
L 828, -760, -71, 827, -762, -72, 0, 0, 0
L 828, -750, -70, 828, -760, -71, 0, 0, 0
L 827, -742, -69, 828, -750, -70, 0, 0, 0
L 827, -739, -69, 827, -742, -69, 0, 0, 0
L 818, -716, -68, 827, -739, -69, 0, 0, 0
L 814, -709, -68, 818, -716, -68, 0, 0, 0
L 814, -707, -68, 814, -709, -68, 0, 0, 0
L 814, -705, -67, 814, -707, -68, 0, 0, 0
L 813, -699, -67, 814, -705, -67, 0, 0, 0
L 814, -697, -67, 813, -699, -67, 0, 0, 0
L 814, -696, -67, 814, -697, -67, 0, 0, 0
L 820, -682, -67, 814, -696, -67, 0, 0, 0
L 826, -666, -68, 820, -682, -67, 0, 0, 0
L 826, -664, -68, 826, -666, -68, 0, 0, 0
L 827, -660, -69, 826, -664, -68, 0, 0, 0
L 827, -655, -69, 827, -660, -69, 0, 0, 0
L 823, -653, -71, 827, -655, -69, 0, 0, 0
L 822, -651, -73, 823, -653, -71, 0, 0, 0
L 822, -650, -73, 822, -651, -73, 0, 0, 0
L 834, -650, -73, 822, -650, -73, 0, 0, 0
L 836, -650, -74, 834, -650, -73, 0, 0, 0
L 838, -650, -74, 836, -650, -74, 0, 0, 0
L 839, -646, -74, 838, -650, -74, 0, 0, 0
L 840, -640, -74, 839, -646, -74, 0, 0, 0
L 840, -638, -74, 840, -640, -74, 0, 0, 0
L 839, -636, -74, 840, -638, -74, 0, 0, 0
L 830, -636, -73, 839, -636, -74, 0, 0, 0
L 828, -635, -73, 830, -636, -73, 0, 0, 0
L 817, -632, -73, 828, -635, -73, 0, 0, 0
L 821, -628, -73, 817, -632, -73, 0, 0, 0
L 821, -615, -73, 821, -628, -73, 0, 0, 0
L 822, -613, -73, 821, -615, -73, 0, 0, 0
L 822, -611, -72, 822, -613, -73, 0, 0, 0
L 823, -610, -72, 822, -611, -72, 0, 0, 0
L 823, -608, -71, 823, -610, -72, 0, 0, 0
L 824, -606, -71, 823, -608, -71, 0, 0, 0
L 824, -605, -70, 824, -606, -71, 0, 0, 0
L 825, -602, -70, 824, -605, -70, 0, 0, 0
L 825, -600, -70, 825, -602, -70, 0, 0, 0
L 824, -598, -70, 825, -600, -70, 0, 0, 0
L 823, -596, -71, 824, -598, -70, 0, 0, 0
L 822, -593, -72, 823, -596, -71, 0, 0, 0
L 816, -583, -70, 822, -593, -72, 0, 0, 0
L 815, -581, -70, 816, -583, -70, 0, 0, 0
L 814, -580, -70, 815, -581, -70, 0, 0, 0
L 804, -571, -73, 814, -580, -70, 0, 0, 0
L 803, -569, -73, 804, -571, -73, 0, 0, 0
L 801, -568, -72, 803, -569, -73, 0, 0, 0
L 795, -567, -71, 801, -568, -72, 0, 0, 0
L 794, -566, -71, 795, -567, -71, 0, 0, 0
L 784, -565, -70, 794, -566, -71, 0, 0, 0
L 782, -565, -70, 784, -565, -70, 0, 0, 0
L 781, -566, -70, 782, -565, -70, 0, 0, 0
L 772, -571, -69, 781, -566, -70, 0, 0, 0
L 770, -572, -69, 772, -571, -69, 0, 0, 0
L 767, -575, -69, 770, -572, -69, 0, 0, 0
L 759, -584, -70, 767, -575, -69, 0, 0, 0
L 756, -587, -70, 759, -584, -70, 0, 0, 0
L 757, -585, -69, 756, -587, -70, 0, 0, 0
L 756, -586, -70, 757, -585, -69, 0, 0, 0
L 742, -598, -67, 756, -586, -70, 0, 0, 0
L 737, -602, -67, 742, -598, -67, 0, 0, 0
L 736, -603, -67, 737, -602, -67, 0, 0, 0
L 734, -604, -67, 736, -603, -67, 0, 0, 0
L 721, -604, -68, 734, -604, -67, 0, 0, 0
L 709, -607, -70, 721, -604, -68, 0, 0, 0
L 705, -607, -70, 709, -607, -70, 0, 0, 0
L 703, -607, -69, 705, -607, -70, 0, 0, 0
L 702, -606, -68, 703, -607, -69, 0, 0, 0
L 700, -605, -68, 702, -606, -68, 0, 0, 0
L 695, -601, -70, 700, -605, -68, 0, 0, 0
L 694, -600, -70, 695, -601, -70, 0, 0, 0
L 681, -586, -72, 694, -600, -70, 0, 0, 0
L 666, -569, -73, 681, -586, -72, 0, 0, 0
L 665, -567, -72, 666, -569, -73, 0, 0, 0
L 664, -566, -71, 665, -567, -72, 0, 0, 0
L 663, -566, -71, 664, -566, -71, 0, 0, 0
L 661, -565, -71, 663, -566, -71, 0, 0, 0
L 660, -564, -71, 661, -565, -71, 0, 0, 0
L 646, -563, -71, 660, -564, -71, 0, 0, 0
L 646, -562, -93, 648, -562, -94, 0, 0, 0
L 642, -562, -93, 646, -562, -93, 0, 0, 0
L 638, -565, -93, 642, -562, -93, 0, 0, 0
L 622, -578, -92, 638, -565, -93, 0, 0, 0
L 620, -579, -92, 622, -578, -92, 0, 0, 0
L 618, -579, -92, 620, -579, -92, 0, 0, 0
L 616, -579, -91, 618, -579, -92, 0, 0, 0
L 614, -579, -91, 616, -579, -91, 0, 0, 0
L 604, -580, -91, 614, -579, -91, 0, 0, 0
L 599, -581, -90, 604, -580, -91, 0, 0, 0
L 597, -581, -90, 599, -581, -90, 0, 0, 0
L 593, -583, -90, 597, -581, -90, 0, 0, 0
L 592, -584, -90, 593, -583, -90, 0, 0, 0
L 585, -596, -89, 592, -584, -90, 0, 0, 0
L 582, -604, -89, 585, -596, -89, 0, 0, 0
L 580, -607, -88, 582, -604, -89, 0, 0, 0
L 577, -611, -88, 580, -607, -88, 0, 0, 0
L 562, -630, -87, 577, -611, -88, 0, 0, 0
L 560, -634, -87, 562, -630, -87, 0, 0, 0
L 560, -638, -86, 560, -634, -87, 0, 0, 0
L 560, -644, -86, 560, -638, -86, 0, 0, 0
L 562, -652, -85, 560, -644, -86, 0, 0, 0
L 563, -654, -85, 562, -652, -85, 0, 0, 0
L 567, -659, -85, 563, -654, -85, 0, 0, 0
L 568, -661, -84, 567, -659, -85, 0, 0, 0
L 569, -662, -83, 568, -661, -84, 0, 0, 0
L 570, -678, -74, 569, -662, -83, 0, 0, 0
L 570, -680, -73, 570, -678, -74, 0, 0, 0
L 575, -689, -73, 570, -680, -73, 0, 0, 0
L 576, -690, -69, 575, -689, -73, 0, 0, 0
L 577, -692, -67, 576, -690, -69, 0, 0, 0
L 578, -695, -65, 577, -692, -67, 0, 0, 0
L 578, -696, -64, 578, -695, -65, 0, 0, 0
L 579, -698, -63, 578, -696, -64, 0, 0, 0
L 579, -700, -63, 579, -698, -63, 0, 0, 0
L 578, -702, -62, 579, -700, -63, 0, 0, 0
L 577, -703, -62, 578, -702, -62, 0, 0, 0
L 576, -705, -63, 577, -703, -62, 0, 0, 0
L 572, -705, -60, 576, -705, -63, 0, 0, 0
L 572, -711, -58, 572, -705, -60, 0, 0, 0
L 570, -708, -58, 572, -711, -58, 0, 0, 0
L 571, -711, -58, 570, -708, -58, 0, 0, 0
L 576, -711, -64, 571, -711, -58, 0, 0, 0
L 580, -710, -64, 576, -711, -64, 0, 0, 0
L 582, -710, -65, 580, -710, -64, 0, 0, 0
L 584, -710, -71, 582, -710, -65, 0, 0, 0
L 586, -711, -70, 584, -710, -71, 0, 0, 0
L 588, -711, -69, 586, -711, -70, 0, 0, 0
L 590, -712, -69, 588, -711, -69, 0, 0, 0
L 593, -717, -73, 590, -712, -69, 0, 0, 0
L 594, -718, -73, 593, -717, -73, 0, 0, 0
L 590, -719, -73, 594, -718, -73, 0, 0, 0
L 587, -720, -73, 590, -719, -73, 0, 0, 0
L 557, -720, -74, 587, -720, -73, 0, 0, 0
L 546, -720, -74, 557, -720, -74, 0, 0, 0
L 544, -718, -74, 546, -720, -74, 0, 0, 0
L 543, -705, -68, 544, -718, -74, 0, 0, 0
L 543, -704, -67, 543, -705, -68, 0, 0, 0
L 542, -702, -66, 543, -704, -67, 0, 0, 0
L 541, -701, -66, 542, -702, -66, 0, 0, 0
L 536, -701, -66, 541, -701, -66, 0, 0, 0
L 526, -700, -65, 536, -701, -66, 0, 0, 0
L 492, -701, -66, 526, -700, -65, 0, 0, 0
L 487, -701, -66, 492, -701, -66, 0, 0, 0
L 478, -700, -65, 487, -701, -66, 0, 0, 0
L 476, -700, -65, 478, -700, -65, 0, 0, 0
L 466, -698, -58, 476, -700, -65, 0, 0, 0
L 461, -696, -58, 466, -698, -58, 0, 0, 0
L 449, -694, -56, 461, -696, -58, 0, 0, 0
L 443, -694, -56, 449, -694, -56, 0, 0, 0
L 430, -693, -53, 443, -694, -56, 0, 0, 0
L 425, -693, -57, 430, -693, -53, 0, 0, 0
L 423, -693, -58, 425, -693, -57, 0, 0, 0
L 422, -694, -59, 423, -693, -58, 0, 0, 0
L 417, -698, -64, 422, -694, -59, 0, 0, 0
L 415, -699, -65, 417, -698, -64, 0, 0, 0
L 414, -700, -65, 415, -699, -65, 0, 0, 0
L 395, -699, -61, 414, -700, -65, 0, 0, 0
L 393, -699, -60, 395, -699, -61, 0, 0, 0
L 335, -698, -47, 393, -699, -60, 0, 0, 0
L 325, -698, -45, 335, -698, -47, 0, 0, 0
L 315, -699, -41, 325, -698, -45, 0, 0, 0
L 306, -699, -37, 315, -699, -41, 0, 0, 0
L 296, -699, -32, 306, -699, -37, 0, 0, 0
L 277, -698, -19, 296, -699, -32, 0, 0, 0
L 268, -697, -16, 277, -698, -19, 0, 0, 0
L 257, -697, -10, 268, -697, -16, 0, 0, 0
L 255, -697, -10, 257, -697, -10, 0, 0, 0
L 239, -700, -9, 255, -697, -10, 0, 0, 0
L 235, -701, -10, 239, -700, -9, 0, 0, 0
L 107, -701, -4, 235, -701, -10, 0, 0, 0
L 97, -701, -4, 107, -701, -4, 0, 0, 0
L 87, -700, -3, 97, -701, -4, 0, 0, 0
L 74, -699, -3, 87, -700, -3, 0, 0, 0
L 53, -697, -2, 74, -699, -3, 0, 0, 0
L 51, -697, -2, 53, -697, -2, 0, 0, 0
L 32, -699, 2, 51, -697, -2, 0, 0, 0
L 30, -699, 2, 32, -699, 2, 0, 0, 0
L 28, -699, 3, 30, -699, 2, 0, 0, 0
L 23, -690, -0, 28, -699, 3, 0, 0, 0
L 22, -689, -2, 23, -690, -0, 0, 0, 0
L 21, -687, -2, 22, -689, -2, 0, 0, 0
L 21, -685, -3, 21, -687, -2, 0, 0, 0
L 20, -683, -3, 21, -685, -3, 0, 0, 0
L 20, -675, -3, 20, -683, -3, 0, 0, 0
L 19, -665, -3, 20, -675, -3, 0, 0, 0
L 21, -654, -3, 19, -665, -3, 0, 0, 0
L 23, -645, -2, 21, -654, -3, 0, 0, 0
L 25, -639, -1, 23, -645, -2, 0, 0, 0
L 25, -629, -1, 25, -639, -1, 0, 0, 0
L 24, -627, -1, 25, -629, -1, 0, 0, 0
L 21, -617, -2, 24, -627, -1, 0, 0, 0
L 21, -612, -3, 21, -617, -2, 0, 0, 0
L 19, -572, -3, 21, -612, -3, 0, 0, 0
L 19, -562, -3, 19, -572, -3, 0, 0, 0
L 18, -554, -4, 19, -562, -3, 0, 0, 0
L 18, -536, -5, 18, -554, -4, 0, 0, 0
L 18, -485, -5, 18, -536, -5, 0, 0, 0
L 16, -458, -7, 18, -485, -5, 0, 0, 0
L 16, -452, -7, 16, -458, -7, 0, 0, 0
L 16, -450, -6, 16, -452, -7, 0, 0, 0
L 15, -444, -6, 16, -450, -6, 0, 0, 0
L 14, -379, -7, 15, -444, -6, 0, 0, 0
L 15, -371, -7, 14, -379, -7, 0, 0, 0
L 15, -330, -6, 15, -371, -7, 0, 0, 0
L 15, -321, -7, 15, -330, -6, 0, 0, 0
L 14, -316, -7, 15, -321, -7, 0, 0, 0
L 13, -314, -7, 14, -316, -7, 0, 0, 0
L 13, -313, -7, 13, -314, -7, 0, 0, 0
L 12, -311, -7, 13, -313, -7, 0, 0, 0
L 11, -310, -7, 12, -311, -7, 0, 0, 0
L 7, -306, -8, 11, -310, -7, 0, 0, 0
L -15, -286, -7, 7, -306, -8, 0, 0, 0
L -22, -280, -5, -15, -286, -7, 0, 0, 0
L -29, -274, -4, -22, -280, -5, 0, 0, 0
L -32, -271, -4, -29, -274, -4, 0, 0, 0
L -33, -271, -4, -32, -271, -4, 0, 0, 0
L -35, -270, -4, -33, -271, -4, 0, 0, 0
L -40, -268, -6, -35, -270, -4, 0, 0, 0
L -42, -268, -8, -40, -268, -6, 0, 0, 0
L -43, -267, -8, -42, -268, -8, 0, 0, 0
L -52, -265, -9, -43, -267, -8, 0, 0, 0
L -74, -259, -9, -52, -265, -9, 0, 0, 0
L -84, -257, -9, -74, -259, -9, 0, 0, 0
L -86, -257, -9, -84, -257, -9, 0, 0, 0
L -96, -257, -6, -86, -257, -9, 0, 0, 0
L -98, -257, -6, -96, -257, -6, 0, 0, 0
L -113, -261, -9, -98, -257, -6, 0, 0, 0
L -114, -262, -9, -113, -261, -9, 0, 0, 0
L -116, -260, -9, -114, -262, -9, 0, 0, 0
L -118, -257, -9, -116, -260, -9, 0, 0, 0
L -118, -255, -9, -118, -257, -9, 0, 0, 0
L -117, -257, -9, -118, -255, -9, 0, 0, 0
L -121, -249, -8, -117, -257, -9, 0, 0, 0
L -124, -246, -5, -121, -249, -8, 0, 0, 0
L -127, -244, -4, -124, -246, -5, 0, 0, 0
L -128, -243, -4, -127, -244, -4, 0, 0, 0
L -130, -243, -3, -128, -243, -4, 0, 0, 0
L -131, -242, -4, -130, -243, -3, 0, 0, 0
L -142, -242, -4, -131, -242, -4, 0, 0, 0
L -154, -242, -5, -142, -242, -4, 0, 0, 0
L -167, -243, -6, -154, -242, -5, 0, 0, 0
L -168, -245, -7, -167, -243, -6, 0, 0, 0
L -167, -249, -9, -168, -245, -7, 0, 0, 0
L -167, -251, -9, -167, -249, -9, 0, 0, 0
L -168, -255, -10, -167, -251, -9, 0, 0, 0
L -170, -257, -10, -168, -255, -10, 0, 0, 0
L -172, -258, -11, -170, -257, -10, 0, 0, 0
L -173, -259, -12, -172, -258, -11, 0, 0, 0
L -175, -259, -12, -173, -259, -12, 0, 0, 0
L -177, -260, -13, -175, -259, -12, 0, 0, 0
L -179, -261, -13, -177, -260, -13, 0, 0, 0
L -180, -262, -13, -179, -261, -13, 0, 0, 0
L -228, -262, -13, -180, -262, -13, 0, 0, 0
L -230, -261, -13, -228, -262, -13, 0, 0, 0
L -231, -260, -13, -230, -261, -13, 0, 0, 0
L -233, -259, -13, -231, -260, -13, 0, 0, 0
L -225, -255, -13, -233, -259, -13, 0, 0, 0
L -224, -253, -13, -225, -255, -13, 0, 0, 0
L -223, -250, -13, -224, -253, -13, 0, 0, 0
L -225, -246, -13, -223, -250, -13, 0, 0, 0
L -227, -245, -13, -225, -246, -13, 0, 0, 0
L -237, -238, -13, -227, -245, -13, 0, 0, 0
L -249, -227, -13, -237, -238, -13, 0, 0, 0
L -251, -227, -13, -249, -227, -13, 0, 0, 0
L -252, -226, -13, -251, -227, -13, 0, 0, 0
L -285, -226, -13, -252, -226, -13, 0, 0, 0
L -289, -238, -13, -285, -226, -13, 0, 0, 0
L -291, -236, -9, -289, -238, -13, 0, 0, 0
L -292, -235, -9, -291, -236, -9, 0, 0, 0
L -293, -234, -13, -292, -235, -9, 0, 0, 0
L -294, -233, -13, -293, -234, -13, 0, 0, 0
L -294, -216, -13, -294, -233, -13, 0, 0, 0
L -296, -210, -13, -294, -216, -13, 0, 0, 0
L -296, -202, -13, -296, -210, -13, 0, 0, 0
L -295, -195, -13, -296, -202, -13, 0, 0, 0
L -295, -185, -13, -295, -195, -13, 0, 0, 0
L -294, -183, -13, -295, -185, -13, 0, 0, 0
L -293, -182, -13, -294, -183, -13, 0, 0, 0
L -276, -182, -4, -293, -182, -13, 0, 0, 0
L -275, -180, -4, -276, -182, -4, 0, 0, 0
L -274, -170, -3, -275, -180, -4, 0, 0, 0
L -274, -163, -1, -274, -170, -3, 0, 0, 0
L -274, -162, -1, -274, -163, -1, 0, 0, 0
L -274, -152, -3, -274, -162, -1, 0, 0, 0
L -274, -150, -3, -274, -152, -3, 0, 0, 0
L -276, -149, -5, -274, -150, -3, 0, 0, 0
L -278, -148, -6, -276, -149, -5, 0, 0, 0
L -279, -148, -8, -278, -148, -6, 0, 0, 0
L -284, -149, -9, -279, -148, -8, 0, 0, 0
L -286, -149, -9, -284, -149, -9, 0, 0, 0
L -287, -149, -10, -286, -149, -9, 0, 0, 0
L -289, -149, -10, -287, -149, -10, 0, 0, 0
L -291, -148, -10, -289, -149, -10, 0, 0, 0
L -292, -147, -11, -291, -148, -10, 0, 0, 0
L -293, -144, -12, -292, -147, -11, 0, 0, 0
L -293, -142, -13, -293, -144, -12, 0, 0, 0
L -296, -139, -13, -293, -142, -13, 0, 0, 0
L -296, -120, -13, -296, -139, -13, 0, 0, 0
L -297, -110, -13, -296, -120, -13, 0, 0, 0
L -296, -101, -13, -297, -110, -13, 0, 0, 0
L -296, -99, -11, -296, -101, -13, 0, 0, 0
L -295, -97, -10, -296, -99, -11, 0, 0, 0
L -295, -95, -9, -295, -97, -10, 0, 0, 0
L -294, -93, -8, -295, -95, -9, 0, 0, 0
L -294, -91, -13, -294, -93, -8, 0, 0, 0
L -293, -89, -13, -294, -91, -13, 0, 0, 0
L -291, -90, -13, -293, -89, -13, 0, 0, 0
L -290, -91, -13, -291, -90, -13, 0, 0, 0
L -290, -93, -13, -290, -91, -13, 0, 0, 0
L -289, -96, -13, -290, -93, -13, 0, 0, 0
L -289, -98, -13, -289, -96, -13, 0, 0, 0
L -284, -98, -13, -289, -98, -13, 0, 0, 0
L -283, -97, -13, -284, -98, -13, 0, 0, 0
L -281, -96, -13, -283, -97, -13, 0, 0, 0
L -262, -72, -13, -281, -96, -13, 0, 0, 0
L -261, -71, -13, -262, -72, -13, 0, 0, 0
L -261, -38, -13, -261, -71, -13, 0, 0, 0
L -260, -32, -13, -261, -38, -13, 0, 0, 0
L -266, -34, -13, -260, -32, -13, 0, 0, 0
L -268, -32, -9, -266, -34, -13, 0, 0, 0
L -269, -30, -9, -268, -32, -9, 0, 0, 0
L -270, -28, -13, -269, -30, -9, 0, 0, 0
L -269, -27, -13, -270, -28, -13, 0, 0, 0
L -267, -26, -13, -269, -27, -13, 0, 0, 0
L -266, -25, -13, -267, -26, -13, 0, 0, 0
L -217, -25, -13, -266, -25, -13, 0, 0, 0
L -216, -26, -13, -217, -25, -13, 0, 0, 0
L -215, -41, -5, -216, -26, -13, 0, 0, 0
L -215, -43, -4, -215, -41, -5, 0, 0, 0
L -214, -44, -4, -215, -43, -4, 0, 0, 0
L -212, -45, -4, -214, -44, -4, 0, 0, 0
L -209, -45, -3, -212, -45, -4, 0, 0, 0
L -199, -45, -3, -209, -45, -3, 0, 0, 0
L -179, -46, -1, -199, -45, -3, 0, 0, 0
L -177, -46, -1, -179, -46, -1, 0, 0, 0
L -176, -44, -4, -177, -46, -1, 0, 0, 0
L -175, -43, -5, -176, -44, -4, 0, 0, 0
L -175, -41, -7, -175, -43, -5, 0, 0, 0
L -174, -28, -13, -175, -41, -7, 0, 0, 0
L -174, -27, -13, -174, -28, -13, 0, 0, 0
L -173, -25, -13, -174, -27, -13, 0, 0, 0
L -128, -25, -13, -173, -25, -13, 0, 0, 0
L -124, -24, -13, -128, -25, -13, 0, 0, 0
L -122, -24, -13, -124, -24, -13, 0, 0, 0
L -120, -25, -13, -122, -24, -13, 0, 0, 0
L -118, -29, -13, -120, -25, -13, 0, 0, 0
L -119, -30, -13, -118, -29, -13, 0, 0, 0
L -123, -32, -13, -119, -30, -13, 0, 0, 0
L -127, -32, -13, -123, -32, -13, 0, 0, 0
L -129, -33, -13, -127, -32, -13, 0, 0, 0
L -130, -34, -13, -129, -33, -13, 0, 0, 0
L -131, -36, -13, -130, -34, -13, 0, 0, 0
L -131, -38, -13, -131, -36, -13, 0, 0, 0
L -132, -56, -13, -131, -38, -13, 0, 0, 0
L -131, -57, -13, -132, -56, -13, 0, 0, 0
L -130, -59, -13, -131, -57, -13, 0, 0, 0
L -114, -73, -13, -130, -59, -13, 0, 0, 0
L -113, -74, -13, -114, -73, -13, 0, 0, 0
L -111, -75, -13, -113, -74, -13, 0, 0, 0
L -103, -75, -13, -111, -75, -13, 0, 0, 0
L -91, -76, -13, -103, -75, -13, 0, 0, 0
L -78, -85, -13, -91, -76, -13, 0, 0, 0
L -71, -87, -13, -78, -85, -13, 0, 0, 0
L -59, -87, -9, -71, -87, -13, 0, 0, 0
L -52, -89, -8, -59, -87, -9, 0, 0, 0
L -43, -91, -13, -52, -89, -8, 0, 0, 0
L -35, -93, -13, -43, -91, -13, 0, 0, 0
L -31, -93, -9, -35, -93, -13, 0, 0, 0
L -28, -93, -8, -31, -93, -9, 0, 0, 0
L -18, -92, -11, -28, -93, -8, 0, 0, 0
L -6, -91, -2, -18, -92, -11, 0, 0, 0
L 4, -89, 5, -6, -91, -2, 0, 0, 0
L 6, -89, 5, 4, -89, 5, 0, 0, 0
L 6, -84, 5, 6, -89, 5, 0, 0, 0
L 5, -80, 5, 6, -84, 5, 0, 0, 0
L 5, -79, 5, 5, -80, 5, 0, 0, 0
L 4, -77, 4, 5, -79, 5, 0, 0, 0
L 1, -71, -1, 4, -77, 4, 0, 0, 0
L -0, -69, -2, 1, -71, -1, 0, 0, 0
L -6, -67, -4, -0, -69, -2, 0, 0, 0
L -11, -67, -9, -6, -67, -4, 0, 0, 0
L -17, -67, -13, -11, -67, -9, 0, 0, 0
L -21, -68, -13, -17, -67, -13, 0, 0, 0
L -23, -67, -13, -21, -68, -13, 0, 0, 0
L -35, -67, -13, -23, -67, -13, 0, 0, 0
L -37, -66, -13, -35, -67, -13, 0, 0, 0
L -37, -54, -13, -37, -66, -13, 0, 0, 0
L -38, -52, -13, -37, -54, -13, 0, 0, 0
L -39, -47, -14, -38, -52, -13, 0, 0, 0
L -38, -45, -13, -39, -47, -14, 0, 0, 0
L -37, 0, -13, -38, -45, -13, 0, 0, 0
L -36, 2, -13, -37, 0, -13, 0, 0, 0
L -26, 3, -13, -36, 2, -13, 0, 0, 0
L -17, 3, -13, -26, 3, -13, 0, 0, 0
L -15, 3, -11, -17, 3, -13, 0, 0, 0
L -13, 3, -10, -15, 3, -11, 0, 0, 0
L -10, 5, -9, -13, 3, -10, 0, 0, 0
L -8, 7, -9, -10, 5, -9, 0, 0, 0
L -5, 11, -10, -8, 7, -9, 0, 0, 0
L -5, 12, -13, -5, 11, -10, 0, 0, 0
L -3, 14, -13, -5, 12, -13, 0, 0, 0
L -1, 13, -13, -3, 14, -13, 0, 0, 0
L 1, 11, -13, -1, 13, -13, 0, 0, 0
L 4, 5, -13, 1, 11, -13, 0, 0, 0
L 5, 4, -13, 4, 5, -13, 0, 0, 0
L 20, 3, -13, 5, 4, -13, 0, 0, 0
L 21, 8, -13, 20, 3, -13, 0, 0, 0
L 21, 10, -13, 21, 8, -13, 0, 0, 0
L 19, 14, -13, 21, 10, -13, 0, 0, 0
L 15, 19, -13, 19, 14, -13, 0, 0, 0
L 14, 21, -12, 15, 19, -13, 0, 0, 0
L 9, 24, -9, 14, 21, -12, 0, 0, 0
L 4, 27, -7, 6, 26, -8, 0, 0, 0
L 3, 28, -9, 4, 27, -7, 0, 0, 0
L 2, 29, -12, 3, 28, -9, 0, 0, 0
L 1, 31, -13, 2, 29, -12, 0, 0, 0
L 0, 36, -13, 1, 31, -13, 0, 0, 0
L 0, 38, -13, 0, 36, -13, 0, 0, 0
L -1, 39, -13, 0, 38, -13, 0, 0, 0
L -9, 40, -13, -1, 39, -13, 0, 0, 0
L -11, 41, -13, -9, 40, -13, 0, 0, 0
L -13, 40, -13, -11, 41, -13, 0, 0, 0
L -14, 39, -13, -13, 40, -13, 0, 0, 0
L -20, 26, -13, -14, 39, -13, 0, 0, 0
L -22, 29, -9, -20, 26, -13, 0, 0, 0
L -23, 31, -13, -22, 29, -9, 0, 0, 0
L -24, 32, -13, -23, 31, -13, 0, 0, 0
L -24, 36, -13, -24, 32, -13, 0, 0, 0
L -27, 39, -13, -24, 36, -13, 0, 0, 0
L -29, 40, -13, -27, 39, -13, 0, 0, 0
L -36, 40, -13, -29, 40, -13, 0, 0, 0
L -38, 39, -13, -36, 40, -13, 0, 0, 0
L -41, 32, -8, -38, 39, -13, 0, 0, 0
L -42, 30, -13, -41, 32, -8, 0, 0, 0
L -43, 29, -13, -42, 30, -13, 0, 0, 0
L -45, 31, -13, -43, 29, -13, 0, 0, 0
L -46, 38, -13, -45, 31, -13, 0, 0, 0
L -47, 40, -13, -46, 38, -13, 0, 0, 0
L -49, 41, -13, -47, 40, -13, 0, 0, 0
L -107, 41, -13, -49, 41, -13, 0, 0, 0
L -111, 39, -13, -107, 41, -13, 0, 0, 0
L -131, 18, -13, -111, 39, -13, 0, 0, 0
L -132, -2, -13, -131, 18, -13, 0, 0, 0
L -128, -3, -13, -132, -2, -13, 0, 0, 0
L -123, -5, -8, -128, -3, -13, 0, 0, 0
L -122, -6, -9, -123, -5, -8, 0, 0, 0
L -121, -7, -13, -122, -6, -9, 0, 0, 0
L -121, -9, -13, -121, -7, -13, 0, 0, 0
L -125, -11, -13, -121, -9, -13, 0, 0, 0
L -126, -11, -13, -125, -11, -13, 0, 0, 0
L -128, -12, -13, -126, -11, -13, 0, 0, 0
L -151, -12, -13, -128, -12, -13, 0, 0, 0
L -172, -11, -13, -151, -12, -13, 0, 0, 0
L -174, -10, -13, -172, -11, -13, 0, 0, 0
L -174, 1, -9, -174, -10, -13, 0, 0, 0
L -175, 2, -9, -174, 1, -9, 0, 0, 0
L -175, 4, -7, -175, 2, -9, 0, 0, 0
L -176, 6, -6, -175, 4, -7, 0, 0, 0
L -176, 8, -6, -176, 6, -6, 0, 0, 0
L -179, 8, -5, -176, 8, -6, 0, 0, 0
L -189, 9, -5, -179, 8, -5, 0, 0, 0
L -200, 8, -5, -189, 9, -5, 0, 0, 0
L -212, 10, -4, -200, 8, -5, 0, 0, 0
L -214, 9, -5, -212, 10, -4, 0, 0, 0
L -215, 8, -6, -214, 9, -5, 0, 0, 0
L -215, 6, -7, -215, 8, -6, 0, 0, 0
L -216, -1, -11, -215, 6, -7, 0, 0, 0
L -216, -3, -11, -216, -1, -11, 0, 0, 0
L -215, -6, -12, -216, -3, -11, 0, 0, 0
L -215, -8, -13, -215, -6, -12, 0, 0, 0
L -216, -9, -13, -215, -8, -13, 0, 0, 0
L -217, -11, -13, -216, -9, -13, 0, 0, 0
L -223, -11, -13, -217, -11, -13, 0, 0, 0
L -224, -12, -13, -223, -11, -13, 0, 0, 0
L -251, -11, -13, -224, -12, -13, 0, 0, 0
L -259, -12, -13, -251, -11, -13, 0, 0, 0
L -271, -7, -13, -259, -12, -13, 0, 0, 0
L -271, -5, -13, -271, -7, -13, 0, 0, 0
L -270, -4, -13, -271, -5, -13, 0, 0, 0
L -260, -1, -13, -270, -4, -13, 0, 0, 0
L -260, 42, -13, -260, -1, -13, 0, 0, 0
L -262, 45, -13, -260, 42, -13, 0, 0, 0
L -261, 44, -13, -262, 45, -13, 0, 0, 0
L -261, 45, -13, -261, 44, -13, 0, 0, 0
L -262, 47, -13, -261, 45, -13, 0, 0, 0
L -275, 62, -13, -262, 47, -13, 0, 0, 0
L -278, 65, -13, -275, 62, -13, 0, 0, 0
L -281, 69, -13, -278, 65, -13, 0, 0, 0
L -282, 71, -13, -281, 69, -13, 0, 0, 0
L -283, 72, -13, -282, 71, -13, 0, 0, 0
L -297, 72, -13, -283, 72, -13, 0, 0, 0
L -298, 71, -11, -297, 72, -13, 0, 0, 0
L -297, 69, -11, -298, 71, -11, 0, 0, 0
L -297, 67, -12, -297, 69, -11, 0, 0, 0
L -299, 65, -9, -297, 67, -12, 0, 0, 0
L -299, 63, -9, -299, 65, -9, 0, 0, 0
L -301, 61, -13, -299, 63, -9, 0, 0, 0
L -302, 60, -13, -301, 61, -13, 0, 0, 0
L -304, 60, -13, -302, 60, -13, 0, 0, 0
L -304, 62, -13, -304, 60, -13, 0, 0, 0
L -305, 73, -13, -304, 62, -13, 0, 0, 0
L -308, 77, -13, -305, 73, -13, 0, 0, 0
L -309, 78, -13, -308, 77, -13, 0, 0, 0
L -311, 79, -13, -309, 78, -13, 0, 0, 0
L -316, 81, -13, -311, 79, -13, 0, 0, 0
L -317, 82, -13, -316, 81, -13, 0, 0, 0
L -318, 81, -13, -317, 82, -13, 0, 0, 0
L -319, 79, -13, -318, 81, -13, 0, 0, 0
L -320, 59, -13, -319, 79, -13, 0, 0, 0
L -321, 60, -10, -320, 59, -13, 0, 0, 0
L -323, 62, -9, -321, 60, -10, 0, 0, 0
L -324, 63, -9, -323, 62, -9, 0, 0, 0
L -325, 64, -13, -324, 63, -9, 0, 0, 0
L -326, 67, -13, -325, 64, -13, 0, 0, 0
L -326, 69, -13, -326, 67, -13, 0, 0, 0
L -328, 70, -13, -326, 69, -13, 0, 0, 0
L -329, 70, -13, -328, 70, -13, 0, 0, 0
L -328, 71, -13, -329, 70, -13, 0, 0, 0
L -329, 70, -13, -328, 71, -13, 0, 0, 0
L -339, 67, -13, -329, 70, -13, 0, 0, 0
L -368, 56, -13, -339, 67, -13, 0, 0, 0
L -369, 54, -13, -368, 56, -13, 0, 0, 0
L -370, 46, -13, -369, 54, -13, 0, 0, 0
L -368, 32, -13, -370, 46, -13, 0, 0, 0
L -368, 31, -13, -368, 32, -13, 0, 0, 0
L -363, 20, -13, -368, 31, -13, 0, 0, 0
L -361, 12, -13, -363, 20, -13, 0, 0, 0
L -363, 10, -10, -361, 12, -13, 0, 0, 0
L -364, 9, -10, -363, 10, -10, 0, 0, 0
L -365, 8, -9, -364, 9, -10, 0, 0, 0
L -369, 7, -5, -365, 8, -9, 0, 0, 0
L -371, 7, -5, -369, 7, -5, 0, 0, 0
L -422, 6, -13, -371, 7, -5, 0, 0, 0
L -423, 6, -13, -422, 6, -13, 0, 0, 0
L -424, -11, -13, -423, 6, -13, 0, 0, 0
L -422, -26, -13, -424, -11, -13, 0, 0, 0
L -422, -28, -13, -422, -26, -13, 0, 0, 0
L -421, -30, -13, -422, -28, -13, 0, 0, 0
L -420, -31, -13, -421, -30, -13, 0, 0, 0
L -414, -39, -13, -420, -31, -13, 0, 0, 0
L -413, -40, -13, -414, -39, -13, 0, 0, 0
L -406, -42, -13, -413, -40, -13, 0, 0, 0
L -404, -42, -13, -406, -42, -13, 0, 0, 0
L -402, -43, -13, -404, -42, -13, 0, 0, 0
L -395, -49, -8, -402, -43, -13, 0, 0, 0
L -387, -56, -12, -395, -49, -8, 0, 0, 0
L -386, -57, -13, -387, -56, -12, 0, 0, 0
L -384, -58, -13, -386, -57, -13, 0, 0, 0
L -383, -59, -13, -384, -58, -13, 0, 0, 0
L -377, -58, -13, -383, -59, -13, 0, 0, 0
L -376, -59, -13, -377, -58, -13, 0, 0, 0
L -374, -60, -10, -376, -59, -13, 0, 0, 0
L -372, -62, -10, -374, -60, -10, 0, 0, 0
L -331, -96, -13, -372, -62, -10, 0, 0, 0
L -330, -98, -13, -331, -96, -13, 0, 0, 0
L -320, -98, -13, -330, -98, -13, 0, 0, 0
L -318, -97, -13, -320, -98, -13, 0, 0, 0
L -318, -91, -13, -318, -97, -13, 0, 0, 0
L -316, -91, -10, -318, -91, -13, 0, 0, 0
L -314, -91, -9, -316, -91, -10, 0, 0, 0
L -312, -92, -9, -314, -91, -9, 0, 0, 0
L -311, -93, -13, -312, -92, -9, 0, 0, 0
L -310, -139, -13, -311, -93, -13, 0, 0, 0
L -312, -141, -13, -310, -139, -13, 0, 0, 0
L -314, -141, -12, -312, -141, -13, 0, 0, 0
L -314, -143, -11, -314, -141, -12, 0, 0, 0
L -318, -141, -11, -314, -143, -11, 0, 0, 0
L -327, -141, -5, -318, -141, -11, 0, 0, 0
L -329, -141, -4, -327, -141, -5, 0, 0, 0
L -330, -142, -3, -329, -141, -4, 0, 0, 0
L -331, -153, -1, -330, -142, -3, 0, 0, 0
L -331, -154, -1, -331, -153, -1, 0, 0, 0
L -331, -167, 1, -331, -154, -1, 0, 0, 0
L -332, -168, 2, -331, -167, 1, 0, 0, 0
L -332, -172, 3, -332, -168, 2, 0, 0, 0
L -333, -178, 4, -332, -172, 3, 0, 0, 0
L -332, -180, 1, -333, -178, 4, 0, 0, 0
L -330, -181, -4, -332, -180, 1, 0, 0, 0
L -328, -182, -5, -330, -181, -4, 0, 0, 0
L -317, -182, -11, -328, -182, -5, 0, 0, 0
L -315, -181, -11, -317, -182, -11, 0, 0, 0
L -313, -180, -12, -315, -181, -11, 0, 0, 0
L -312, -180, -13, -313, -180, -12, 0, 0, 0
L -309, -183, -13, -312, -180, -13, 0, 0, 0
L -308, -222, -13, -309, -183, -13, 0, 0, 0
L -309, -224, -10, -308, -222, -13, 0, 0, 0
L -310, -229, -6, -309, -224, -10, 0, 0, 0
L -310, -231, -6, -310, -229, -6, 0, 0, 0
L -311, -233, -8, -310, -231, -6, 0, 0, 0
L -312, -235, -9, -311, -233, -8, 0, 0, 0
L -313, -236, -9, -312, -235, -9, 0, 0, 0
L -314, -234, -13, -313, -236, -9, 0, 0, 0
L -315, -233, -13, -314, -234, -13, 0, 0, 0
L -315, -228, -13, -315, -233, -13, 0, 0, 0
L -317, -227, -13, -315, -228, -13, 0, 0, 0
L -329, -227, -13, -317, -227, -13, 0, 0, 0
L -360, -226, -13, -329, -227, -13, 0, 0, 0
L -368, -230, -13, -360, -226, -13, 0, 0, 0
L -382, -241, -13, -368, -230, -13, 0, 0, 0
L -384, -245, -13, -382, -241, -13, 0, 0, 0
L -384, -259, -13, -384, -245, -13, 0, 0, 0
L -383, -264, -9, -384, -259, -13, 0, 0, 0
L -382, -266, -9, -383, -264, -9, 0, 0, 0
L -382, -270, -9, -382, -266, -9, 0, 0, 0
L -383, -271, -13, -382, -270, -9, 0, 0, 0
L -388, -271, -13, -383, -271, -13, 0, 0, 0
L -391, -272, -13, -388, -271, -13, 0, 0, 0
L -432, -271, -13, -391, -272, -13, 0, 0, 0
L -434, -270, -13, -432, -271, -13, 0, 0, 0
L -435, -268, -13, -434, -270, -13, 0, 0, 0
L -435, -266, -12, -435, -268, -13, 0, 0, 0
L -435, -263, -10, -435, -266, -12, 0, 0, 0
L -435, -261, -10, -435, -263, -10, 0, 0, 0
L -435, -256, -7, -435, -261, -10, 0, 0, 0
L -435, -254, -7, -435, -256, -7, 0, 0, 0
L -437, -252, -5, -435, -254, -7, 0, 0, 0
L -439, -251, -4, -437, -252, -5, 0, 0, 0
L -441, -250, -4, -439, -251, -4, 0, 0, 0
L -443, -250, -4, -441, -250, -4, 0, 0, 0
L -498, -252, 0, -443, -250, -4, 0, 0, 0
L -508, -252, -4, -498, -252, 0, 0, 0, 0
L -550, -252, -4, -508, -252, -4, 0, 0, 0
L -564, -249, -3, -550, -252, -4, 0, 0, 0
L -585, -249, -3, -564, -249, -3, 0, 0, 0
L -594, -251, 3, -585, -249, -3, 0, 0, 0
L -596, -251, 4, -594, -251, 3, 0, 0, 0
L -603, -252, 3, -596, -251, 4, 0, 0, 0
L -613, -253, 0, -603, -252, 3, 0, 0, 0
L -614, -253, -0, -613, -253, 0, 0, 0, 0
L -616, -253, -1, -614, -253, -0, 0, 0, 0
L -618, -252, -2, -616, -253, -1, 0, 0, 0
L -619, -252, -4, -618, -252, -2, 0, 0, 0
L -621, -251, -2, -619, -252, -4, 0, 0, 0
L -626, -246, 5, -621, -251, -2, 0, 0, 0
L -627, -245, 6, -626, -246, 5, 0, 0, 0
L -628, -244, 6, -627, -245, 6, 0, 0, 0
L -629, -242, 8, -628, -244, 6, 0, 0, 0
L -629, -240, 8, -629, -242, 8, 0, 0, 0
L -631, -233, 10, -629, -240, 8, 0, 0, 0
L -633, -223, 11, -631, -233, 10, 0, 0, 0
L -634, -220, 10, -633, -223, 11, 0, 0, 0
L -635, -215, 9, -634, -220, 10, 0, 0, 0
L -635, -214, 8, -635, -215, 9, 0, 0, 0
L -635, -200, -1, -635, -214, 8, 0, 0, 0
L -635, -199, -3, -635, -200, -1, 0, 0, 0
L -636, -190, -5, -635, -199, -3, 0, 0, 0
L -637, -186, -5, -636, -190, -5, 0, 0, 0
L -637, -162, -5, -637, -186, -5, 0, 0, 0
L -636, -135, -6, -637, -162, -5, 0, 0, 0
L -637, -133, -6, -636, -135, -6, 0, 0, 0
L -640, -122, -8, -637, -133, -6, 0, 0, 0
L -640, -120, -9, -640, -122, -8, 0, 0, 0
L -641, -118, -9, -640, -120, -9, 0, 0, 0
L -642, -117, -8, -641, -118, -9, 0, 0, 0
L -642, -115, -7, -642, -117, -8, 0, 0, 0
L -643, -114, -8, -642, -115, -7, 0, 0, 0
L -644, -112, -9, -643, -114, -8, 0, 0, 0
L -646, -111, -10, -644, -112, -9, 0, 0, 0
L -649, -109, -11, -646, -111, -10, 0, 0, 0
L -653, -107, -13, -649, -109, -11, 0, 0, 0
L -655, -105, -13, -653, -107, -13, 0, 0, 0
L -656, -67, -13, -655, -105, -13, 0, 0, 0
L -657, -65, -13, -656, -67, -13, 0, 0, 0
L -657, -64, -13, -657, -65, -13, 0, 0, 0
L -659, -60, -13, -657, -64, -13, 0, 0, 0
L -659, -59, -13, -659, -60, -13, 0, 0, 0
L -655, -55, -8, -659, -59, -13, 0, 0, 0
L -654, -54, -9, -655, -55, -8, 0, 0, 0
L -652, -53, -10, -654, -54, -9, 0, 0, 0
L -650, -52, -13, -652, -53, -10, 0, 0, 0
L -650, -54, -13, -650, -52, -13, 0, 0, 0
L -649, -61, -13, -650, -54, -13, 0, 0, 0
L -649, -62, -13, -649, -61, -13, 0, 0, 0
L -641, -63, -13, -649, -62, -13, 0, 0, 0
L -623, -58, -12, -641, -63, -13, 0, 0, 0
L -621, -57, -13, -623, -58, -12, 0, 0, 0
L -624, -58, -10, -621, -57, -13, 0, 0, 0
L -615, -62, -13, -624, -58, -10, 0, 0, 0
L -614, -63, -13, -615, -62, -13, 0, 0, 0
L -597, -63, -13, -614, -63, -13, 0, 0, 0
L -595, -62, -13, -597, -63, -13, 0, 0, 0
L -595, -61, -13, -595, -62, -13, 0, 0, 0
L -594, -51, -13, -595, -61, -13, 0, 0, 0
L -593, -49, -13, -594, -51, -13, 0, 0, 0
L -593, -23, -13, -593, -49, -13, 0, 0, 0
L -592, -21, -13, -593, -23, -13, 0, 0, 0
L -567, -6, -13, -592, -21, -13, 0, 0, 0
L -566, -5, -13, -567, -6, -13, 0, 0, 0
L -566, -3, -13, -566, -5, -13, 0, 0, 0
L -565, 4, -13, -566, -3, -13, 0, 0, 0
L -565, 6, -12, -565, 4, -13, 0, 0, 0
L -564, 11, -13, -565, 6, -12, 0, 0, 0
L -564, 27, -13, -564, 11, -13, 0, 0, 0
L -565, 38, -13, -564, 27, -13, 0, 0, 0
L -564, 43, -13, -565, 38, -13, 0, 0, 0
L -564, 45, -13, -564, 43, -13, 0, 0, 0
L -724, 45, -13, -564, 45, -13, 0, 0, 0
L -726, 44, -13, -724, 45, -13, 0, 0, 0
L -727, 42, -13, -726, 44, -13, 0, 0, 0
L -727, 11, -13, -727, 42, -13, 0, 0, 0
L -726, 6, -13, -727, 11, -13, 0, 0, 0
L -727, 4, -13, -726, 6, -13, 0, 0, 0
L -727, -63, -13, -727, 4, -13, 0, 0, 0
L -678, -63, -13, -727, -63, -13, 0, 0, 0
L -677, -50, -13, -678, -63, -13, 0, 0, 0
