L 297, -529, -20, 297, -546, -26, 0, 0, 240
L 292, -521, -20, 297, -529, -20, 0, 0, 240
L 292, -521, -20, 282, -523, -20, 0, 0, 240
L 283, -542, -26, 282, -523, -20, 0, 0, 240
L 289, -667, -14, 295, -673, -14, 0, 0, 240
L 285, -642, -20, 289, -667, -14, 0, 0, 240
L 297, -615, -22, 285, -642, -20, 0, 0, 240
L 297, -555, -32, 297, -615, -22, 0, 0, 240
L 277, -557, -32, 297, -555, -32, 0, 0, 240
L 297, -546, -32, 277, -557, -32, 0, 0, 240
L 297, -540, -32, 297, -546, -32, 0, 0, 240
L 245, -558, -32, 282, -542, -32, 0, 0, 240
L 217, -601, -32, 245, -558, -32, 0, 0, 240
L 208, -657, -32, 217, -601, -32, 0, 0, 240
L 219, -661, -32, 208, -657, -32, 0, 0, 240
L 213, -697, -39, 219, -661, -32, 0, 0, 240
L 208, -722, -35, 213, -697, -39, 0, 0, 240
L 233, -802, -32, 208, -722, -35, 0, 0, 240
L 269, -826, -32, 233, -802, -32, 0, 0, 240
L 292, -803, -32, 269, -826, -32, 0, 0, 240
L 257, -770, -32, 292, -803, -32, 0, 0, 240
L 246, -719, -34, 257, -770, -32, 0, 0, 240
L 237, -700, -38, 246, -719, -34, 0, 0, 240
L 246, -671, -32, 237, -700, -38, 0, 0, 240
L 266, -630, -32, 246, -671, -32, 0, 0, 240
L 279, -591, -32, 266, -630, -32, 0, 0, 240
L 289, -615, -22, 281, -590, -28, 0, 0, 240
L 279, -642, -20, 288, -618, -22, 0, 0, 240
L 284, -679, -14, 279, -642, -20, 0, 0, 240
L 291, -680, -14, 284, -679, -14, 0, 0, 240
L 295, -676, -14, 291, -680, -14, 0, 0, 240
L 284, -669, -9, 291, -670, -12, 0, 240, 240
L 284, -693, 0, 283, -692, 0, 0, 240, 240
L 295, -687, 0, 293, -689, 0, 0, 240, 240
L 297, -675, -1, 295, -690, 0, 0, 240, 240
L 294, -669, -0, 297, -675, -1, 0, 240, 240
L -141, -309, 0, -120, -309, 0, 153, 153, 153
L -141, -319, 0, -141, -309, 0, 153, 153, 153
L -161, -319, 0, -141, -319, 0, 153, 153, 153
L -160, -331, 0, -161, -319, 0, 153, 153, 153
L -141, -331, 0, -160, -331, 0, 153, 153, 153
L -140, -341, 0, -141, -331, 0, 153, 153, 153
L -129, -341, 0, -140, -341, 0, 153, 153, 153
L -129, -321, 0, -129, -341, 0, 153, 153, 153
L -119, -320, 0, -129, -321, 0, 153, 153, 153
L -119, -309, 0, -119, -320, 0, 153, 153, 153
L -111, -329, 0, -110, -309, 0, 153, 153, 153
L -121, -330, 0, -111, -329, 0, 153, 153, 153
L -120, -341, 0, -121, -330, 0, 153, 153, 153
L -99, -340, 0, -120, -341, 0, 153, 153, 153
L -99, -321, 0, -99, -340, 0, 153, 153, 153
L -69, -320, 0, -99, -321, 0, 153, 153, 153
L -70, -309, 0, -69, -320, 0, 153, 153, 153
L -111, -310, 0, -70, -309, 0, 153, 153, 153
L -209, -341, 0, -231, -341, 0, 153, 153, 153
L -209, -321, 0, -209, -341, 0, 153, 153, 153
L -181, -321, 0, -209, -321, 0, 153, 153, 153
L -181, -339, 0, -181, -321, 0, 153, 153, 153
L -189, -339, 0, -181, -339, 0, 153, 153, 153
L -189, -329, 0, -189, -339, 0, 153, 153, 153
L -201, -329, 0, -189, -329, 0, 153, 153, 153
L -200, -371, 0, -201, -329, 0, 153, 153, 153
L -189, -371, 0, -200, -371, 0, 153, 153, 153
L -189, -351, 0, -189, -371, 0, 153, 153, 153
L -161, -351, 0, -189, -351, 0, 153, 153, 153
L -161, -370, 0, -161, -351, 0, 153, 153, 153
L -149, -370, 0, -161, -370, 0, 153, 153, 153
L -149, -339, 0, -149, -370, 0, 153, 153, 153
L -169, -339, 0, -149, -339, 0, 153, 153, 153
L -170, -309, 0, -169, -339, 0, 153, 153, 153
L -211, -310, 0, -170, -309, 0, 153, 153, 153
L -211, -319, 0, -211, -310, 0, 153, 153, 153
L -221, -320, 0, -211, -319, 0, 153, 153, 153
L -221, -329, 0, -221, -320, 0, 153, 153, 153
L -231, -330, 0, -221, -329, 0, 153, 153, 153
L -230, -341, 0, -231, -330, 0, 153, 153, 153
L -250, -381, 0, -251, -349, 0, 153, 153, 153
L -239, -380, 0, -250, -381, 0, 153, 153, 153
L -239, -361, 0, -239, -380, 0, 153, 153, 153
L -229, -361, 0, -239, -361, 0, 153, 153, 153
L -229, -349, 0, -229, -361, 0, 153, 153, 153
L -251, -349, 0, -229, -349, 0, 153, 153, 153
L -179, -391, 0, -179, -400, 0, 153, 153, 153
L -159, -390, 0, -179, -391, 0, 153, 153, 153
L -160, -379, 0, -159, -390, 0, 153, 153, 153
L -169, -379, 0, -160, -379, 0, 153, 153, 153
L -169, -359, 0, -169, -379, 0, 153, 153, 153
L -181, -359, 0, -169, -359, 0, 153, 153, 153
L -181, -379, 0, -181, -359, 0, 153, 153, 153
L -209, -379, 0, -181, -379, 0, 153, 153, 153
L -209, -349, 0, -209, -379, 0, 153, 153, 153
L -221, -350, 0, -209, -349, 0, 153, 153, 153
L -221, -379, 0, -221, -350, 0, 153, 153, 153
L -231, -380, 0, -221, -379, 0, 153, 153, 153
L -231, -389, 0, -231, -380, 0, 153, 153, 153
L -259, -389, 0, -231, -389, 0, 153, 153, 153
L -260, -379, 0, -259, -389, 0, 153, 153, 153
L -271, -379, 0, -260, -379, 0, 153, 153, 153
L -271, -389, 0, -271, -379, 0, 153, 153, 153
L -281, -390, 0, -271, -389, 0, 153, 153, 153
L -280, -401, 0, -281, -390, 0, 153, 153, 153
L -229, -400, 0, -280, -401, 0, 153, 153, 153
L -229, -391, 0, -229, -400, 0, 153, 153, 153
L -221, -391, 0, -229, -391, 0, 153, 153, 153
L -221, -401, 0, -221, -391, 0, 153, 153, 153
L -179, -400, 0, -221, -401, 0, 153, 153, 153
L -69, -389, 0, -69, -401, 0, 153, 153, 153
L -89, -389, 0, -69, -389, 0, 153, 153, 153
L -89, -369, 0, -89, -389, 0, 153, 153, 153
L -101, -369, 0, -89, -369, 0, 153, 153, 153
L -101, -379, 0, -101, -369, 0, 153, 153, 153
L -119, -379, 0, -101, -379, 0, 153, 153, 153
L -119, -361, 0, -119, -379, 0, 153, 153, 153
L -89, -361, 0, -119, -361, 0, 153, 153, 153
L -89, -349, 0, -89, -361, 0, 153, 153, 153
L -131, -349, 0, -89, -349, 0, 153, 153, 153
L -131, -359, 0, -131, -349, 0, 153, 153, 153
L -141, -359, 0, -131, -359, 0, 153, 153, 153
L -141, -370, 0, -141, -359, 0, 153, 153, 153
L -131, -371, 0, -141, -370, 0, 153, 153, 153
L -130, -381, 0, -131, -371, 0, 153, 153, 153
L -121, -381, 0, -130, -381, 0, 153, 153, 153
L -121, -389, 0, -121, -381, 0, 153, 153, 153
L -139, -389, 0, -121, -389, 0, 153, 153, 153
L -139, -379, 0, -139, -389, 0, 153, 153, 153
L -151, -379, 0, -139, -379, 0, 153, 153, 153
L -150, -401, 0, -151, -379, 0, 153, 153, 153
L -99, -400, 0, -150, -401, 0, 153, 153, 153
L -99, -391, 0, -99, -400, 0, 153, 153, 153
L -91, -391, 0, -99, -391, 0, 153, 153, 153
L -90, -401, 0, -91, -391, 0, 153, 153, 153
L -70, -401, 0, -90, -401, 0, 153, 153, 153
L -30, -359, 0, -19, -359, 0, 153, 153, 153
L -31, -369, 0, -30, -359, 0, 153, 153, 153
L -41, -369, 0, -31, -369, 0, 153, 153, 153
L -41, -380, 0, -41, -369, 0, 153, 153, 153
L -31, -381, 0, -41, -380, 0, 153, 153, 153
L -31, -389, 0, -31, -381, 0, 153, 153, 153
L -49, -389, 0, -31, -389, 0, 153, 153, 153
L -49, -369, 0, -49, -389, 0, 153, 153, 153
L -69, -369, 0, -49, -369, 0, 153, 153, 153
L -69, -329, 0, -69, -369, 0, 153, 153, 153
L -91, -329, 0, -69, -329, 0, 153, 153, 153
L -91, -340, 0, -91, -329, 0, 153, 153, 153
L -81, -341, 0, -91, -340, 0, 153, 153, 153
L -81, -380, 0, -81, -341, 0, 153, 153, 153
L -61, -381, 0, -81, -380, 0, 153, 153, 153
L -60, -401, 0, -61, -381, 0, 153, 153, 153
L -19, -400, 0, -60, -401, 0, 153, 153, 153
L -19, -360, 0, -19, -400, 0, 153, 153, 153
L -41, -329, 0, -20, -329, 0, 153, 153, 153
L -41, -339, 0, -41, -329, 0, 153, 153, 153
L -61, -339, 0, -41, -339, 0, 153, 153, 153
L -60, -361, 0, -61, -339, 0, 153, 153, 153
L -39, -361, 0, -60, -361, 0, 153, 153, 153
L -39, -351, 0, -39, -361, 0, 153, 153, 153
L -19, -351, 0, -39, -351, 0, 153, 153, 153
L -19, -329, 0, -19, -351, 0, 153, 153, 153
L -61, -309, 0, -19, -309, 0, 153, 153, 153
L -61, -331, 0, -61, -309, 0, 153, 153, 153
L -49, -331, 0, -61, -331, 0, 153, 153, 153
L -49, -321, 0, -49, -331, 0, 153, 153, 153
L -20, -321, 0, -49, -321, 0, 153, 153, 153
L -19, -309, 0, -20, -321, 0, 153, 153, 153
L 18, -401, 0, 18, -379, 0, 153, 153, 153
L 30, -401, 0, 18, -401, 0, 153, 153, 153
L 30, -391, 0, 30, -401, 0, 153, 153, 153
L 50, -391, 0, 30, -391, 0, 153, 153, 153
L 50, -381, 0, 50, -391, 0, 153, 153, 153
L 60, -380, 0, 50, -381, 0, 153, 153, 153
L 60, -369, 0, 60, -380, 0, 153, 153, 153
L 38, -370, 0, 60, -369, 0, 153, 153, 153
L 38, -379, 0, 38, -370, 0, 153, 153, 153
L 18, -379, 0, 38, -379, 0, 153, 153, 153
L 18, -370, 0, 18, -329, 0, 153, 153, 153
L 30, -371, 0, 18, -370, 0, 153, 153, 153
L 30, -361, 0, 30, -371, 0, 153, 153, 153
L 50, -360, 0, 30, -361, 0, 153, 153, 153
L 50, -350, 0, 50, -360, 0, 153, 153, 153
L 30, -349, 0, 50, -350, 0, 153, 153, 153
L 30, -341, 0, 30, -349, 0, 153, 153, 153
L 40, -340, 0, 30, -341, 0, 153, 153, 153
L 40, -329, 0, 40, -340, 0, 153, 153, 153
L 18, -330, 0, 40, -329, 0, 153, 153, 153
L 99, -321, 0, 98, -309, 0, 153, 153, 153
L 118, -321, 0, 99, -321, 0, 153, 153, 153
L 119, -341, 0, 118, -321, 0, 153, 153, 153
L 130, -341, 0, 119, -341, 0, 153, 153, 153
L 130, -321, 0, 130, -341, 0, 153, 153, 153
L 148, -321, 0, 130, -321, 0, 153, 153, 153
L 148, -329, 0, 148, -321, 0, 153, 153, 153
L 138, -329, 0, 148, -329, 0, 153, 153, 153
L 138, -341, 0, 138, -329, 0, 153, 153, 153
L 148, -341, 0, 138, -341, 0, 153, 153, 153
L 148, -380, 0, 148, -341, 0, 153, 153, 153
L 160, -381, 0, 148, -380, 0, 153, 153, 153
L 160, -361, 0, 160, -381, 0, 153, 153, 153
L 180, -361, 0, 160, -361, 0, 153, 153, 153
L 180, -329, 0, 180, -361, 0, 153, 153, 153
L 168, -329, 0, 180, -329, 0, 153, 153, 153
L 168, -349, 0, 168, -329, 0, 153, 153, 153
L 160, -349, 0, 168, -349, 0, 153, 153, 153
L 160, -321, 0, 160, -349, 0, 153, 153, 153
L 188, -321, 0, 160, -321, 0, 153, 153, 153
L 188, -331, 0, 188, -321, 0, 153, 153, 153
L 208, -331, 0, 188, -331, 0, 153, 153, 153
L 208, -351, 0, 208, -331, 0, 153, 153, 153
L 220, -350, 0, 208, -351, 0, 153, 153, 153
L 220, -343, 0, 220, -350, 0, 153, 153, 153
L 266, -389, 0, 220, -343, 0, 153, 153, 153
L 220, -389, 0, 266, -389, 0, 153, 153, 153
L 219, -379, 0, 220, -389, 0, 153, 153, 153
L 208, -379, 0, 219, -379, 0, 153, 153, 153
L 208, -389, 0, 208, -379, 0, 153, 153, 153
L 200, -389, 0, 208, -389, 0, 153, 153, 153
L 200, -371, 0, 200, -389, 0, 153, 153, 153
L 220, -371, 0, 200, -371, 0, 153, 153, 153
L 220, -360, 0, 220, -371, 0, 153, 153, 153
L 200, -359, 0, 220, -360, 0, 153, 153, 153
L 199, -339, 0, 200, -359, 0, 153, 153, 153
L 188, -339, 0, 199, -339, 0, 153, 153, 153
L 188, -389, 0, 188, -339, 0, 153, 153, 153
L 180, -389, 0, 188, -389, 0, 153, 153, 153
L 179, -369, 0, 180, -389, 0, 153, 153, 153
L 168, -369, 0, 179, -369, 0, 153, 153, 153
L 168, -389, 0, 168, -369, 0, 153, 153, 153
L 140, -389, 0, 168, -389, 0, 153, 153, 153
L 140, -349, 0, 140, -389, 0, 153, 153, 153
L 98, -350, 0, 140, -349, 0, 153, 153, 153
L 98, -369, 0, 98, -350, 0, 153, 153, 153
L 88, -369, 0, 98, -369, 0, 153, 153, 153
L 89, -381, 0, 88, -369, 0, 153, 153, 153
L 120, -380, 0, 89, -381, 0, 153, 153, 153
L 120, -369, 0, 120, -380, 0, 153, 153, 153
L 110, -369, 0, 120, -369, 0, 153, 153, 153
L 110, -361, 0, 110, -369, 0, 153, 153, 153
L 128, -361, 0, 110, -361, 0, 153, 153, 153
L 128, -389, 0, 128, -361, 0, 153, 153, 153
L 80, -389, 0, 128, -389, 0, 153, 153, 153
L 80, -369, 0, 80, -389, 0, 153, 153, 153
L 68, -369, 0, 80, -369, 0, 153, 153, 153
L 68, -389, 0, 68, -369, 0, 153, 153, 153
L 58, -389, 0, 68, -389, 0, 153, 153, 153
L 58, -401, 0, 58, -389, 0, 153, 153, 153
L 280, -401, 0, 58, -401, 0, 153, 153, 153
L 280, -389, 0, 280, -401, 0, 153, 153, 153
L 200, -309, 0, 280, -389, 0, 153, 153, 153
L 98, -310, 0, 200, -309, 0, 153, 153, 153
L 18, -321, 0, 18, -309, 0, 153, 153, 153
L 48, -321, 0, 18, -321, 0, 153, 153, 153
L 48, -341, 0, 48, -321, 0, 153, 153, 153
L 70, -340, 0, 48, -341, 0, 153, 153, 153
L 69, -329, 0, 70, -340, 0, 153, 153, 153
L 60, -329, 0, 69, -329, 0, 153, 153, 153
L 60, -321, 0, 60, -329, 0, 153, 153, 153
L 78, -321, 0, 60, -321, 0, 153, 153, 153
L 78, -349, 0, 78, -321, 0, 153, 153, 153
L 58, -349, 0, 78, -349, 0, 153, 153, 153
L 59, -361, 0, 58, -349, 0, 153, 153, 153
L 90, -360, 0, 59, -361, 0, 153, 153, 153
L 90, -341, 0, 90, -360, 0, 153, 153, 153
L 110, -340, 0, 90, -341, 0, 153, 153, 153
L 110, -330, 0, 110, -340, 0, 153, 153, 153
L 90, -329, 0, 110, -330, 0, 153, 153, 153
L 90, -310, 0, 90, -329, 0, 153, 153, 153
L 18, -309, 0, 90, -310, 0, 153, 153, 153
L -21, -420, 0, 19, -420, 0, 153, 153, 153
L -21, -491, 0, -21, -420, 0, 153, 153, 153
L -49, -491, 0, -21, -491, 0, 153, 153, 153
L -50, -481, 0, -49, -491, 0, 153, 153, 153
L -79, -481, 0, -50, -481, 0, 153, 153, 153
L -79, -511, 0, -79, -481, 0, 153, 153, 153
L -71, -511, 0, -79, -511, 0, 153, 153, 153
L -71, -649, 0, -71, -511, 0, 153, 153, 153
L -101, -650, 0, -71, -649, 0, 153, 153, 153
L -101, -667, 0, -101, -650, 0, 153, 153, 153
L -103, -667, 0, -101, -667, 0, 153, 153, 153
L -103, -693, 0, -103, -667, 0, 153, 153, 153
L -101, -693, 0, -103, -693, 0, 153, 153, 153
L -101, -710, 0, -101, -693, 0, 153, 153, 153
L 19, -711, 0, -101, -710, 0, 153, 153, 153
L 49, -741, 0, 19, -711, 0, 153, 153, 153
L 54, -741, 0, 49, -741, 0, 153, 153, 153
L 54, -743, 0, 54, -741, 0, 153, 153, 153
L 48, -745, 0, 54, -743, 0, 153, 153, 153
L 48, -750, 0, 48, -745, 0, 153, 153, 153
L 80, -750, 0, 48, -750, 0, 153, 153, 153
L 80, -745, 0, 80, -750, 0, 153, 153, 153
L 74, -743, 0, 80, -745, 0, 153, 153, 153
L 74, -741, 0, 74, -743, 0, 153, 153, 153
L 79, -741, 0, 74, -741, 0, 153, 153, 153
L 110, -710, 0, 79, -741, 0, 153, 153, 153
L 110, -679, 0, 110, -710, 0, 153, 153, 153
L 79, -649, 0, 110, -679, 0, 153, 153, 153
L 70, -649, 0, 79, -649, 0, 153, 153, 153
L 70, -511, 0, 70, -649, 0, 153, 153, 153
L 78, -510, 0, 70, -511, 0, 153, 153, 153
L 78, -481, 0, 78, -510, 0, 153, 153, 153
L 48, -481, 0, 78, -481, 0, 153, 153, 153
L 48, -491, 0, 48, -481, 0, 153, 153, 153
L 20, -491, 0, 48, -491, 0, 153, 153, 153
L 20, -421, 0, 20, -491, 0, 153, 153, 153
L 14, -291, 0, 14, -238, 0, 153, 153, 153
L 17, -295, 0, 14, -291, 0, 153, 153, 153
L 31, -295, 0, 17, -295, 0, 153, 153, 153
L 34, -291, 0, 31, -295, 0, 153, 153, 153
L 34, -238, 0, 34, -291, 0, 153, 153, 153
L 31, -235, 0, 34, -238, 0, 153, 153, 153
L 17, -235, 0, 31, -235, 0, 153, 153, 153
L 14, -238, 0, 17, -235, 0, 153, 153, 153
L -32, -235, 0, -35, -238, 0, 153, 153, 153
L -18, -235, 0, -32, -235, 0, 153, 153, 153
L -15, -238, 0, -18, -235, 0, 153, 153, 153
L -15, -291, 0, -15, -238, 0, 153, 153, 153
L -18, -295, 0, -15, -291, 0, 153, 153, 153
L -32, -295, 0, -18, -295, 0, 153, 153, 153
L -35, -291, 0, -32, -295, 0, 153, 153, 153
L -35, -238, 0, -35, -291, 0, 153, 153, 153
L -321, -60, 0, -321, -75, 0, 153, 153, 153
L -261, -59, 0, -321, -60, 0, 153, 153, 153
L -261, 0, 0, -261, -59, 0, 153, 153, 153
L -200, -9, 0, -261, 0, 0, 153, 153, 153
L -100, 30, 0, -200, -9, 0, 153, 153, 153
L -10, 30, 0, -100, 30, 0, 153, 153, 153
L -9, -30, 0, -10, 30, 0, 153, 153, 153
L -52, -99, 0, -9, -30, 0, 153, 153, 153
L -50, -99, 0, -52, -99, 0, 153, 153, 153
L -49, -149, 0, -50, -99, 0, 153, 153, 153
L -46, -150, 0, -49, -149, 0, 153, 153, 153
L -46, -161, 0, -46, -150, 0, 153, 153, 153
L -49, -162, 0, -46, -161, 0, 153, 153, 153
L -49, -210, 0, -49, -162, 0, 153, 153, 153
L -89, -280, 0, -49, -210, 0, 153, 153, 153
L -89, -301, 0, -89, -280, 0, 153, 153, 153
L -209, -301, 0, -89, -301, 0, 153, 153, 153
L -299, -390, 0, -209, -301, 0, 153, 153, 153
L -297, -799, 0, -299, -390, 0, 153, 153, 153
L -209, -889, 0, -297, -799, 0, 153, 153, 153
L 208, -889, 0, -209, -889, 0, 153, 153, 153
L 298, -799, 0, 208, -889, 0, 153, 153, 153
L 298, -390, 0, 298, -799, 0, 153, 153, 153
L 208, -301, 0, 298, -390, 0, 153, 153, 153
L 88, -301, 0, 208, -301, 0, 153, 153, 153
L 88, -280, 0, 88, -301, 0, 153, 153, 153
L 48, -211, 0, 88, -280, 0, 153, 153, 153
L 48, -161, 0, 48, -211, 0, 153, 153, 153
L 45, -161, 0, 48, -161, 0, 153, 153, 153
L 46, -148, 0, 45, -161, 0, 153, 153, 153
L 48, -148, 0, 46, -148, 0, 153, 153, 153
L 48, -99, 0, 48, -148, 0, 153, 153, 153
L 51, -99, 0, 48, -99, 0, 153, 153, 153
L 8, -31, 0, 51, -99, 0, 153, 153, 153
L 8, 48, 0, 8, -31, 0, 153, 153, 153
L -100, 48, 0, 8, 48, 0, 153, 153, 153
L -200, 28, 0, -100, 48, 0, 153, 153, 153
L -279, 15, 0, -200, 28, 0, 153, 153, 153
L -279, -41, 0, -279, 15, 0, 153, 153, 153
L -339, -41, 0, -279, -41, 0, 153, 153, 153
L -339, -71, 0, -339, -41, 0, 153, 153, 153
L -57, -492, 39, -53, -492, 39, 127, 127, 127
L -57, -494, 40, -53, -494, 40, 127, 127, 127
L -57, -496, 41, -53, -496, 41, 127, 127, 127
L 57, -491, 38, 57, -496, 39, 127, 127, 127
L 57, -492, 39, 53, -492, 39, 127, 127, 127
L 57, -494, 40, 53, -494, 40, 127, 127, 127
L 57, -496, 41, 53, -496, 41, 127, 127, 127
L 57, -491, 35, 77, -491, 29, 127, 127, 127
L 57, -491, 38, 57, -483, 38, 127, 127, 127
L 59, -491, 37, 59, -483, 37, 127, 127, 127
L 61, -491, 36, 61, -483, 36, 127, 127, 127
L 63, -491, 35, 63, -483, 35, 127, 127, 127
L 65, -491, 34, 65, -483, 34, 127, 127, 127
L 67, -491, 33, 67, -483, 33, 127, 127, 127
L 77, -507, 41, 77, -491, 41, 0, 0, 0
L 53, -507, 41, 77, -507, 41, 0, 0, 0
L 53, -483, 38, 53, -507, 41, 0, 0, 0
L 77, -483, 27, 53, -483, 38, 0, 0, 0
L 47, -513, 44, 47, -647, 44, 127, 127, 127
L -47, -513, 44, 47, -513, 44, 127, 127, 127
L -47, -647, 44, -47, -513, 44, 127, 127, 127
L 47, -647, 44, -47, -647, 44, 0, 0, 0
L 4, -549, 44, -4, -549, 44, 127, 64, 0
L 4, -551, 44, 4, -545, 44, 0, 0, 0
L -4, -547, 44, 4, -547, 44, 127, 64, 0
L -8, -545, 44, -4, -545, 44, 0, 0, 0
L -8, -547, 44, -8, -545, 44, 0, 0, 0
L 8, -545, 44, 4, -545, 44, 0, 0, 0
L 8, -547, 44, 8, -545, 44, 0, 0, 0
L 31, -547, 44, 8, -547, 44, 0, 0, 0
L 31, -633, 44, 31, -547, 44, 0, 0, 0
L -31, -633, 44, 31, -633, 44, 0, 0, 0
L -31, -547, 44, -31, -633, 44, 0, 0, 0
L -8, -547, 44, -31, -547, 44, 0, 0, 0
L -4, -551, 44, -4, -545, 44, 0, 0, 0
L -27, -586, 44, -19, -586, 44, 127, 64, 0
L -19, -589, 44, -27, -589, 44, 127, 64, 0
L -19, -585, 44, -19, -591, 44, 0, 0, 0
L 27, -551, 44, 4, -551, 44, 0, 0, 0
L 27, -585, 44, 27, -551, 44, 0, 0, 0
L -19, -585, 44, 27, -585, 44, 0, 0, 0
L -4, -551, 44, -27, -551, 44, 0, 0, 0
L -27, -625, 44, -27, -551, 44, 0, 0, 0
L 27, -625, 44, -27, -625, 44, 0, 0, 0
L 27, -601, 44, 27, -625, 44, 0, 0, 0
L 14, -604, 44, 27, -604, 44, 127, 127, 127
L 14, -604, 44, 14, -601, 44, 127, 127, 127
L 31, -591, 21, -19, -591, 44, 0, 0, 0
L 27, -601, 30, 31, -601, 20, 0, 0, 0
L 50, -655, 52, 23, -680, 52, 0, 0, 0
L 80, -655, 52, 50, -655, 52, 0, 0, 0
L 105, -680, 52, 80, -655, 52, 0, 0, 0
L 105, -709, 52, 105, -680, 52, 0, 0, 0
L 80, -735, 52, 105, -709, 52, 0, 0, 0
L 23, -707, 52, 23, -696, 52, 127, 64, 0
L 50, -735, 52, 80, -735, 52, 0, 0, 0
L 23, -709, 52, 50, -735, 52, 0, 0, 0
L 23, -707, 52, 23, -709, 52, 0, 0, 0
L 23, -697, 52, 23, -680, 52, 0, 0, 0
L 20, -707, 52, 20, -697, 52, 127, 64, 0
L 23, -697, 52, 17, -697, 52, 0, 0, 0
L 1, -707, 52, 23, -707, 52, 0, 0, 0
L 1, -693, 52, 1, -707, 52, 0, 0, 0
L 3, -693, 52, 1, -693, 52, 0, 0, 0
L 3, -661, 52, 3, -693, 52, 0, 0, 0
L 17, -651, 52, 17, -697, 52, 0, 0, 0
L -17, -651, 52, 17, -651, 52, 0, 0, 0
L -5, -661, 52, 3, -661, 52, 0, 0, 0
L -17, -661, 52, -15, -661, 52, 0, 0, 0
L -5, -693, 36, -3, -693, 36, 0, 0, 0
L 28, -591, 23, 28, -601, 23, 127, 127, 127
L 26, -591, 24, 26, -601, 24, 127, 127, 127
L 24, -591, 25, 24, -601, 25, 127, 127, 127
L 22, -591, 26, 22, -601, 26, 127, 127, 127
L 20, -591, 27, 20, -601, 27, 127, 127, 127
L 18, -591, 28, 18, -601, 28, 127, 127, 127
L 16, -591, 29, 16, -601, 29, 127, 127, 127
L 27, -601, 32, 14, -601, 40, 127, 127, 127
L -19, -693, 36, -15, -693, 36, 0, 0, 0
L -17, -693, 42, -17, -651, 52, 0, 0, 0
L -15, -693, 37, -15, -661, 51, 0, 0, 0
L -5, -661, 51, -5, -693, 38, 0, 0, 0
L -3, -693, 41, -3, -661, 52, 0, 0, 0
L -15, -663, 51, -5, -663, 51, 127, 127, 127
L -15, -665, 50, -5, -665, 50, 127, 127, 127
L -15, -667, 49, -5, -667, 49, 127, 127, 127
L -15, -669, 48, -5, -669, 48, 127, 127, 127
L -15, -671, 47, -5, -671, 47, 127, 127, 127
L -15, -673, 46, -5, -673, 46, 127, 127, 127
L -15, -675, 45, -5, -675, 45, 127, 127, 127
L -15, -677, 44, -5, -677, 44, 127, 127, 127
L -15, -679, 43, -5, -679, 43, 127, 127, 127
L -15, -681, 42, -5, -681, 42, 127, 127, 127
L -15, -683, 41, -5, -683, 41, 127, 127, 127
L -15, -685, 40, -5, -685, 40, 127, 127, 127
L -15, -687, 39, -5, -687, 39, 127, 127, 127
L -15, -689, 38, -5, -689, 38, 127, 127, 127
L -15, -691, 37, -5, -691, 37, 127, 127, 127
L -15, -693, 36, -5, -693, 36, 127, 127, 127
L -69, -707, 18, -21, -707, 32, 0, 0, 0
L -21, -707, 32, -21, -653, 32, 0, 0, 0
L -21, -653, 32, -47, -653, 32, 0, 0, 0
L -47, -653, 32, -47, -699, 32, 127, 127, 127
L -47, -699, 32, -69, -699, 18, 127, 127, 127
L -77, -483, 27, -53, -483, 38, 0, 0, 0
L -53, -483, 38, -53, -507, 41, 0, 0, 0
L -53, -507, 41, -77, -507, 41, 0, 0, 0
L -77, -507, 41, -77, -498, 41, 0, 0, 0
L -67, -491, 29, -57, -491, 35, 127, 127, 127
L -67, -491, 33, -67, -483, 33, 127, 127, 127
L -65, -491, 34, -65, -483, 34, 127, 127, 127
L -63, -491, 35, -63, -483, 35, 127, 127, 127
L -61, -491, 36, -61, -483, 36, 127, 127, 127
L -59, -491, 37, -59, -483, 37, 127, 127, 127
L -57, -491, 38, -57, -483, 38, 127, 127, 127
L -57, -491, 38, -57, -496, 39, 127, 127, 127
L -53, -641, -13, -65, -641, -13, 127, 127, 127
L -53, -639, -12, -65, -639, -12, 127, 127, 127
L -53, -637, -11, -65, -637, -11, 127, 127, 127
L -53, -635, -10, -65, -635, -10, 127, 127, 127
L -53, -633, -9, -65, -633, -9, 127, 127, 127
L -53, -631, -8, -65, -631, -8, 127, 127, 127
L -53, -629, -7, -65, -629, -7, 127, 127, 127
L -53, -627, -6, -65, -627, -6, 127, 127, 127
L -53, -625, -5, -65, -625, -5, 127, 127, 127
L -53, -623, -4, -65, -623, -4, 127, 127, 127
L -53, -621, -3, -65, -621, -3, 127, 127, 127
L -53, -619, -2, -65, -619, -2, 127, 127, 127
L -53, -617, -1, -65, -617, -1, 127, 127, 127
L -53, -611, 1, -53, -643, -13, 0, 0, 0
L -65, -643, -13, -65, -611, -2, 0, 0, 0
L -51, -643, -14, -53, -643, -14, 0, 0, 0
L -67, -643, -14, -65, -643, -14, 0, 0, 0
L -67, -643, -14, -67, -679, -14, 0, 0, 0
L -67, -679, -14, -62, -685, -14, 0, 0, 0
L -62, -685, -14, -15, -685, -14, 0, 0, 0
L -15, -685, -14, -15, -644, -14, 0, 0, 0
L -15, -644, -14, -29, -630, -14, 0, 0, 0
L -29, -630, -14, -29, -601, -14, 0, 0, 0
L -29, -601, -14, -14, -587, -14, 0, 0, 0
L -14, -587, -14, 1, -587, -14, 0, 0, 0
L 14, -589, -14, -0, -575, -14, 0, 0, 0
L -0, -575, -14, -14, -575, -14, 0, 0, 0
L -14, -575, -14, -41, -602, -14, 0, 0, 0
L -41, -602, -14, -41, -629, -14, 0, 0, 0
L -41, -629, -14, -27, -643, -14, 0, 0, 0
L -27, -643, -14, -27, -673, -14, 0, 0, 0
L -27, -673, -14, -42, -673, -14, 0, 0, 0
L -42, -673, -14, -51, -664, -14, 0, 0, 0
L -51, -664, -14, -51, -643, -14, 0, 0, 0
L 14, -589, -14, 57, -589, -14, 0, 0, 0
L 57, -589, -14, 57, -575, -14, 0, 0, 0
L 57, -575, -14, 69, -575, -14, 0, 0, 0
L 69, -575, -14, 69, -588, -14, 0, 0, 0
L 69, -588, -14, 112, -631, -14, 0, 0, 0
L 112, -631, -14, 125, -631, -14, 0, 0, 0
L 125, -631, -14, 125, -643, -14, 0, 0, 0
L 125, -643, -14, 112, -643, -14, 0, 0, 0
L 112, -643, -14, 69, -685, -14, 0, 0, 0
L 69, -685, -14, 69, -699, -14, 0, 0, 0
L 69, -699, -14, 57, -699, -14, 0, 0, 0
L 57, -699, -14, 57, -685, -14, 0, 0, 0
L 1, -587, -14, 1, -685, -14, 0, 0, 0
L 13, -685, -14, 13, -741, -18, 0, 0, 0
L 13, -741, -18, -0, -755, -18, 0, 0, 0
L -9, -755, -18, -35, -755, -18, 0, 0, 0
L -42, -755, -18, -56, -751, -18, 0, 0, 0
L -9, -743, -18, -9, -739, -18, 0, 0, 0
L -9, -739, -18, -9, -743, -18, 0, 0, 0
L -9, -743, -18, 1, -743, -18, 0, 0, 0
L 1, -743, -18, 1, -685, -15, 0, 0, 0
L 13, -685, -14, 1, -685, -14, 127, 127, 127
L 13, -685, -14, 57, -685, -14, 0, 0, 0
L -9, -743, -18, -35, -743, -18, 0, 0, 0
L -35, -743, -18, -35, -739, -18, 0, 0, 0
L -35, -739, -18, -35, -743, -18, 0, 0, 0
L -42, -743, -18, -56, -739, -18, 0, 0, 0
L -35, -743, -18, -42, -743, -18, 0, 0, 0
L -35, -755, -18, -35, -759, -18, 0, 0, 0
L -35, -759, -18, -35, -755, -18, 0, 0, 0
L -9, -755, -18, -9, -759, -18, 0, 0, 0
L -9, -759, -18, -9, -755, -18, 0, 0, 0
L -9, -755, -18, -0, -755, -18, 0, 0, 0
L -42, -755, -18, -35, -755, -18, 0, 0, 0
L -56, -751, -18, -84, -755, -18, 0, 0, 0
L -84, -755, -18, -92, -755, -18, 0, 0, 0
L -92, -755, -18, -97, -749, -18, 0, 0, 0
L -97, -749, -18, -97, -713, -22, 0, 0, 0
L -56, -739, -20, -85, -743, -20, 0, 0, 0
L -85, -743, -18, -85, -713, -22, 0, 0, 0
L -85, -713, -22, -75, -697, -22, 0, 0, 0
L -97, -713, -22, -109, -697, -22, 0, 0, 0
L -101, -697, -26, -101, -676, -26, 127, 0, 0
L -101, -676, -26, -92, -669, -26, 127, 0, 0
L -83, -674, -26, -83, -697, -26, 127, 0, 0
L -83, -697, -26, -92, -701, -26, 127, 0, 0
L -83, -674, -26, -92, -669, -26, 127, 0, 0
L -101, -697, -26, -92, -701, -26, 127, 0, 0
L -73, -674, -46, -75, -697, -46, 0, 0, 0
L -73, -675, -46, -81, -675, -46, 0, 0, 0
L -81, -675, -46, -81, -697, -46, 0, 0, 0
L -81, -697, -46, -75, -697, -46, 0, 0, 0
L -111, -675, -46, -103, -676, -46, 0, 0, 0
L -103, -676, -46, -103, -697, -46, 0, 0, 0
L -103, -697, -46, -109, -697, -46, 0, 0, 0
L -109, -697, -46, -111, -674, -46, 0, 0, 0
L -111, -674, -22, -103, -662, -22, 0, 0, 0
L -103, -662, -22, -97, -652, -22, 0, 0, 0
L -73, -674, -22, -77, -662, -22, 0, 0, 0
L -77, -662, -22, -85, -652, -22, 0, 0, 0
L -85, -652, -22, -85, -629, -22, 0, 0, 0
L -85, -629, -22, -71, -615, -22, 0, 0, 0
L -71, -615, -22, -71, -588, -22, 0, 0, 0
L -71, -588, -22, -57, -560, -22, 0, 0, 0
L -57, -560, -22, -57, -545, -22, 0, 0, 0
L -97, -652, -22, -97, -630, -22, 0, 0, 0
L -97, -630, -22, -83, -616, -22, 0, 0, 0
L -83, -616, -22, -83, -588, -22, 0, 0, 0
L -83, -588, -22, -69, -560, -22, 0, 0, 0
L -69, -555, -22, -69, -560, -22, 0, 0, 0
L -69, -555, -23, -102, -555, -30, 0, 0, 0
L -102, -555, -30, -125, -533, -30, 0, 0, 0
L -125, -533, -30, -125, -515, -35, 0, 0, 0
L -117, -515, -35, -117, -534, -30, 0, 0, 0
L -117, -534, -30, -102, -547, -30, 0, 0, 0
L -102, -547, -29, -67, -547, -22, 0, 0, 0
L -125, -515, -36, -153, -515, -36, 0, 0, 0
L -153, -515, -36, -153, -479, -36, 0, 0, 0
L -153, -479, -36, -116, -479, -36, 0, 0, 0
L -116, -479, -36, -111, -484, -36, 0, 0, 0
L -111, -484, -36, -111, -493, -36, 0, 0, 0
L -107, -493, -36, -111, -493, -36, 0, 0, 0
L -107, -501, -36, -111, -501, -36, 0, 0, 0
L -111, -501, -36, -111, -509, -36, 0, 0, 0
L -111, -509, -36, -117, -515, -36, 0, 0, 0
L -97, -485, -38, -93, -467, -38, 0, 0, 0
L -93, -467, -38, -89, -467, -38, 0, 0, 0
L -89, -467, -38, -83, -457, -38, 0, 0, 0
L -83, -457, -38, -57, -457, -38, 0, 0, 0
L -57, -457, -38, -57, -473, -38, 0, 0, 0
L -57, -473, -38, -87, -473, -38, 0, 0, 0
L -87, -473, -38, -87, -477, -38, 0, 0, 0
L -87, -477, -38, -64, -477, -38, 0, 0, 0
L -97, -485, -42, -107, -487, -42, 0, 0, 0
L -107, -487, -42, -107, -493, -42, 0, 0, 0
L -64, -477, -64, -61, -481, -64, 0, 0, 0
L -61, -481, -64, -45, -490, -64, 0, 0, 0
L -45, -490, -64, -45, -531, -58, 0, 0, 0
L -45, -531, -58, -56, -545, -61, 0, 0, 0
L -67, -547, -72, -88, -531, -69, 0, 0, 0
L -88, -531, -62, -97, -527, -62, 0, 0, 0
L -97, -527, -62, -107, -517, -62, 0, 0, 0
L -107, -517, -62, -107, -501, -63, 0, 0, 0
L -97, -485, -60, -97, -493, -60, 127, 127, 127
L -97, -493, -64, -107, -493, -63, 127, 127, 127
L -99, -501, -36, -107, -501, -36, 127, 64, 0
L -107, -493, -36, -99, -493, -36, 127, 64, 0
L -99, -493, -36, -99, -501, -36, 127, 64, 0
L -58, -545, -22, -58, -500, -22, 127, 64, 0
L -87, -493, -36, -87, -502, -36, 127, 64, 0
L -81, -502, -36, -68, -509, -32, 127, 64, 0
L -68, -509, -32, -68, -545, -22, 127, 64, 0
L -87, -502, -36, -81, -502, -36, 127, 64, 0
L -56, -545, -61, -58, -545, -62, 0, 0, 0
L -68, -545, -72, -70, -545, -72, 0, 0, 0
L -80, -493, -36, -87, -493, -36, 127, 64, 0
L -80, -493, -36, -69, -500, -32, 127, 64, 0
L -69, -500, -32, -58, -500, -32, 127, 64, 0
L 13, -673, -14, 44, -673, -14, 0, 0, 0
L 44, -673, -14, 28, -657, -14, 0, 0, 0
L 13, -673, -14, 13, -657, -15, 0, 0, 0
L 13, -657, -28, 28, -657, -28, 0, 0, 0
L 13, -617, -28, 28, -617, -28, 0, 0, 0
L 13, -617, -17, 13, -601, -14, 0, 0, 0
L 13, -601, -14, 44, -601, -14, 0, 0, 0
L 44, -601, -14, 28, -617, -14, 0, 0, 0
L 28, -617, -28, 42, -617, -28, 127, 127, 127
L 42, -617, -28, 57, -602, -28, 127, 127, 127
L 69, -602, -28, 98, -631, -28, 127, 127, 127
L 98, -642, -28, 69, -672, -28, 127, 127, 127
L 57, -672, -28, 42, -657, -28, 127, 127, 127
L 42, -657, -28, 28, -657, -28, 127, 127, 127
L 57, -672, -28, 69, -672, -28, 127, 127, 127
L 69, -602, -28, 57, -602, -28, 127, 127, 127
L 98, -631, -28, 98, -642, -28, 127, 127, 127
L 15, -617, -28, 15, -631, -28, 127, 127, 127
L 15, -657, -28, 15, -643, -28, 127, 127, 127
L 1, -631, -28, 15, -631, -28, 127, 127, 127
L 1, -629, -27, 15, -629, -27, 127, 127, 127
L 1, -627, -26, 15, -627, -27, 127, 127, 127
L 1, -625, -25, 15, -625, -25, 127, 127, 127
L 1, -623, -24, 15, -623, -24, 127, 127, 127
L 1, -621, -23, 15, -621, -23, 127, 127, 127
L 1, -619, -22, 15, -619, -22, 127, 127, 127
L 1, -617, -21, 15, -617, -21, 127, 127, 127
L 15, -657, -21, 1, -657, -21, 127, 127, 127
L 15, -655, -22, 1, -655, -22, 127, 127, 127
L 15, -653, -23, 1, -653, -23, 127, 127, 127
L 15, -651, -24, 1, -651, -24, 127, 127, 127
L 15, -649, -25, 1, -649, -25, 127, 127, 127
L 15, -647, -26, 1, -647, -26, 127, 127, 127
L 15, -645, -27, 1, -645, -27, 127, 127, 127
L 15, -643, -28, 1, -643, -28, 127, 127, 127
