L -78, -800, 443, -115, -762, 443, 153, 153, 153
L -78, -880, 443, -78, -800, 443, 153, 153, 153
L -115, -917, 443, -78, -880, 443, 153, 153, 153
L -73, -916, 443, -115, -917, 443, 153, 153, 153
L -74, -929, 443, -73, -916, 443, 153, 153, 153
L -247, -928, 523, -74, -929, 443, 153, 153, 153
L -247, -916, 523, -247, -928, 523, 153, 153, 153
L -282, -880, 523, -247, -916, 523, 153, 153, 153
L -282, -799, 523, -282, -880, 523, 153, 153, 153
L -248, -764, 523, -282, -799, 523, 153, 153, 153
L -245, -750, 523, -248, -764, 523, 153, 153, 153
L -73, -751, 443, -245, -750, 523, 153, 153, 153
L -72, -762, 443, -73, -751, 443, 153, 153, 153
L -115, -762, 443, -72, -762, 443, 153, 153, 153
L -115, -762, 4435, -115, -762, 443, 153, 153, 153
L -1098, -1787, 683, -1099, -1661, 683, 255, 255, 0
L -1098, -1787, 6834, -1098, -1787, 683, 255, 255, 0
L -1020, -1656, 683, -1021, -1785, 689, 255, 255, 0
L -1020, -1656, 6834, -1020, -1656, 683, 255, 255, 0
L 119, -1606, 689, 237, -1604, 688, 255, 255, 0
L 119, -1606, 6892, 119, -1606, 689, 255, 255, 0
L 247, -1682, 683, 118, -1681, 689, 255, 255, 0
L 247, -1682, 6834, 247, -1682, 683, 255, 255, 0
L -1324, -1596, 683, -1328, -1593, 683, 153, 153, 153
L -1319, -1597, 683, -1324, -1596, 683, 153, 153, 153
L -1281, -1634, 683, -1319, -1597, 683, 153, 153, 153
L -1237, -1594, 683, -1281, -1634, 683, 153, 153, 153
L -1184, -1608, 683, -1237, -1594, 683, 153, 153, 153
L -1156, -1633, 683, -1184, -1608, 683, 153, 153, 153
L -1116, -1638, 683, -1156, -1633, 683, 153, 153, 153
L -1096, -1656, 683, -1116, -1638, 683, 153, 153, 153
L -1025, -1656, 683, -1096, -1656, 683, 153, 153, 153
L -997, -1635, 683, -1025, -1656, 683, 153, 153, 153
L -927, -1635, 683, -997, -1635, 683, 153, 153, 153
L -960, -1602, 683, -927, -1635, 683, 153, 153, 153
L -1002, -1600, 683, -960, -1602, 683, 153, 153, 153
L -1040, -1562, 683, -1002, -1600, 683, 153, 153, 153
L -1123, -1559, 683, -1040, -1562, 683, 153, 153, 153
L -1162, -1522, 683, -1123, -1559, 683, 153, 153, 153
L -1328, -1527, 683, -1162, -1522, 683, 153, 153, 153
L -1329, -1531, 683, -1328, -1527, 683, 153, 153, 153
L -1353, -1530, 683, -1329, -1531, 683, 153, 153, 153
L -1358, -1522, 683, -1353, -1530, 683, 153, 153, 153
L -1363, -1519, 683, -1358, -1522, 683, 153, 153, 153
L -1399, -1483, 683, -1363, -1519, 683, 153, 153, 153
L -1399, -1315, 763, -1399, -1483, 683, 153, 153, 153
L -1355, -1274, 763, -1399, -1315, 763, 153, 153, 153
L -1276, -1321, 763, -1355, -1274, 763, 153, 153, 153
L -1231, -1397, 765, -1276, -1321, 763, 153, 153, 153
L -1197, -1396, 765, -1231, -1397, 765, 153, 153, 153
L -1165, -1380, 779, -1197, -1396, 765, 153, 153, 153
L -1122, -1358, 763, -1165, -1380, 779, 153, 153, 153
L -1122, -1321, 763, -1122, -1358, 763, 153, 153, 153
L -1161, -1277, 763, -1122, -1321, 763, 153, 153, 153
L -1126, -1192, 767, -1161, -1277, 763, 153, 153, 153
L -1122, -1166, 767, -1126, -1192, 767, 153, 153, 153
L -1160, -1084, 763, -1122, -1166, 767, 153, 153, 153
L -1196, -1084, 764, -1160, -1084, 763, 153, 153, 153
L -1242, -1122, 764, -1196, -1084, 764, 153, 153, 153
L -1320, -1123, 763, -1242, -1122, 764, 153, 153, 153
L -1357, -1167, 764, -1320, -1123, 763, 153, 153, 153
L -1357, -1193, 763, -1357, -1167, 764, 153, 153, 153
L -1363, -1202, 763, -1357, -1193, 763, 153, 153, 153
L -1397, -1202, 763, -1363, -1202, 763, 153, 153, 153
L -1476, -1280, 763, -1397, -1202, 763, 153, 153, 153
L -1477, -1517, 683, -1476, -1280, 763, 153, 153, 153
L -1399, -1597, 683, -1477, -1517, 683, 153, 153, 153
L -1355, -1595, 683, -1399, -1597, 683, 153, 153, 153
L -1351, -1587, 683, -1355, -1595, 683, 153, 153, 153
L -1328, -1589, 683, -1351, -1587, 683, 153, 153, 153
L -1324, -1597, 683, -1328, -1589, 683, 153, 153, 153
L -1324, -1597, 6834, -1324, -1597, 683, 153, 153, 153
L 508, -1370, 683, 512, -1362, 683, 153, 153, 153
L 483, -1367, 683, 508, -1370, 683, 153, 153, 153
L 479, -1363, 683, 483, -1367, 683, 153, 153, 153
L 361, -1362, 643, 479, -1363, 683, 153, 153, 153
L 281, -1440, 643, 361, -1362, 643, 153, 153, 153
L 281, -1518, 664, 281, -1440, 643, 153, 153, 153
L 321, -1561, 683, 281, -1518, 664, 153, 153, 153
L 274, -1602, 683, 321, -1561, 683, 153, 153, 153
L 244, -1602, 687, 274, -1602, 683, 153, 153, 153
L 247, -1685, 687, 244, -1602, 687, 153, 153, 153
L 282, -1715, 683, 247, -1685, 687, 153, 153, 153
L 319, -1713, 683, 282, -1715, 683, 153, 153, 153
L 357, -1679, 683, 319, -1713, 683, 153, 153, 153
L 399, -1676, 683, 357, -1679, 683, 153, 153, 153
L 437, -1633, 683, 399, -1676, 683, 153, 153, 153
L 434, -1558, 682, 437, -1633, 683, 153, 153, 153
L 356, -1481, 646, 434, -1558, 682, 153, 153, 153
L 396, -1438, 643, 356, -1481, 646, 153, 153, 153
L 480, -1434, 683, 396, -1438, 643, 153, 153, 153
L 484, -1428, 683, 480, -1434, 683, 153, 153, 153
L 507, -1428, 683, 484, -1428, 683, 153, 153, 153
L 513, -1437, 683, 507, -1428, 683, 153, 153, 153
L 558, -1437, 683, 513, -1437, 683, 153, 153, 153
L 636, -1359, 683, 558, -1437, 683, 153, 153, 153
L 639, -1316, 681, 636, -1359, 683, 153, 153, 153
L 676, -1279, 677, 639, -1316, 681, 153, 153, 153
L 639, -1196, 670, 676, -1279, 677, 153, 153, 153
L 676, -1159, 674, 639, -1196, 670, 153, 153, 153
L 637, -1085, 687, 676, -1159, 674, 153, 153, 153
L 558, -1122, 678, 637, -1085, 687, 153, 153, 153
L 477, -1125, 681, 558, -1122, 678, 153, 153, 153
L 443, -1158, 680, 477, -1125, 681, 153, 153, 153
L 485, -1237, 671, 443, -1158, 680, 153, 153, 153
L 521, -1238, 675, 485, -1237, 671, 153, 153, 153
L 521, -1277, 677, 521, -1238, 675, 153, 153, 153
L 561, -1321, 683, 521, -1277, 677, 153, 153, 153
L 523, -1358, 683, 561, -1321, 683, 153, 153, 153
L 512, -1362, 683, 523, -1358, 683, 153, 153, 153
L 512, -1362, 6834, 512, -1362, 683, 153, 153, 153
L -1669, -133, 27, -1668, -134, 27, 153, 153, 153
L -1665, -120, 22, -1669, -133, 27, 153, 153, 153
L -1641, -73, 23, -1665, -120, 22, 153, 153, 153
L -1648, -37, 25, -1641, -73, 23, 153, 153, 153
L -1678, -10, 25, -1648, -37, 25, 153, 153, 153
L -1696, -6, 20, -1678, -10, 25, 153, 153, 153
L -1742, 26, 14, -1696, -6, 20, 153, 153, 153
L -1784, 25, 9, -1742, 26, 14, 153, 153, 153
L -1835, 7, 4, -1784, 25, 9, 153, 153, 153
L -1831, -12, 4, -1835, 7, 4, 153, 153, 153
L -1800, -5, 7, -1831, -12, 4, 153, 153, 153
L -1767, -26, 11, -1800, -5, 7, 153, 153, 153
L -1738, -36, 19, -1767, -26, 11, 153, 153, 153
L -1721, -52, 23, -1738, -36, 19, 153, 153, 153
L -1708, -87, 23, -1721, -52, 23, 153, 153, 153
L -1723, -106, 19, -1708, -87, 23, 153, 153, 153
L -1729, -124, 28, -1723, -106, 19, 153, 153, 153
L -1731, -134, 27, -1729, -124, 28, 153, 153, 153
L -1732, -330, 23, -1731, -134, 27, 153, 153, 153
L -1744, -324, 23, -1732, -330, 23, 153, 153, 153
L -1760, -325, 23, -1744, -324, 23, 153, 153, 153
L -1791, -372, 29, -1760, -325, 23, 153, 153, 153
L -1762, -430, 23, -1791, -372, 29, 153, 153, 153
L -1752, -437, 42, -1762, -430, 23, 153, 153, 153
L -1757, -448, 43, -1752, -437, 42, 153, 153, 153
L -1737, -448, 43, -1757, -448, 43, 153, 153, 153
L -1742, -512, 43, -1737, -448, 43, 153, 153, 153
L -1757, -513, 43, -1742, -512, 43, 153, 153, 153
L -1757, -681, 43, -1757, -513, 43, 153, 153, 153
L -1837, -760, 43, -1757, -681, 43, 153, 153, 153
L -1837, -838, 43, -1837, -760, 43, 153, 153, 153
L -1759, -917, 43, -1837, -838, 43, 153, 153, 153
L -1641, -917, 43, -1759, -917, 43, 153, 153, 153
L -1561, -838, 43, -1641, -917, 43, 153, 153, 153
L -1238, -838, 203, -1561, -838, 43, 153, 153, 153
L -1223, -853, 202, -1238, -838, 203, 153, 153, 153
L -1213, -852, 202, -1223, -853, 202, 153, 153, 153
L -1208, -837, 205, -1213, -852, 202, 153, 153, 153
L -1017, -839, 202, -1208, -837, 205, 153, 153, 153
L -1017, -846, 202, -1017, -839, 202, 153, 153, 153
L -981, -858, 203, -1017, -846, 202, 153, 153, 153
L -958, -837, 203, -981, -858, 203, 153, 153, 153
L -878, -838, 203, -958, -837, 203, 153, 153, 153
L -838, -877, 204, -878, -838, 203, 153, 153, 153
L -837, -1038, 243, -838, -877, 204, 153, 153, 153
L -877, -1119, 243, -837, -1038, 243, 153, 153, 153
L -882, -1165, 243, -877, -1119, 243, 153, 153, 153
L -920, -1202, 243, -882, -1165, 243, 153, 153, 153
L -1114, -1202, 247, -920, -1202, 243, 153, 153, 153
L -1152, -1239, 250, -1114, -1202, 247, 153, 153, 153
L -1140, -1247, 248, -1152, -1239, 250, 153, 153, 153
L -1117, -1249, 247, -1140, -1247, 248, 153, 153, 153
L -1099, -1276, 254, -1117, -1249, 247, 153, 153, 153
L -881, -1277, 243, -1099, -1276, 254, 153, 153, 153
L -802, -1194, 247, -881, -1277, 243, 153, 153, 153
L -802, -1170, 259, -802, -1194, 247, 153, 153, 153
L -761, -1117, 243, -802, -1170, 259, 153, 153, 153
L -599, -1117, 275, -761, -1117, 243, 153, 153, 153
L -555, -1121, 283, -599, -1117, 275, 153, 153, 153
L -518, -1160, 287, -555, -1121, 283, 153, 153, 153
L -560, -1242, 254, -518, -1160, 287, 153, 153, 153
L -634, -1280, 254, -560, -1242, 254, 153, 153, 153
L -719, -1242, 254, -634, -1280, 254, 153, 153, 153
L -798, -1321, 254, -719, -1242, 254, 153, 153, 153
L -837, -1402, 255, -798, -1321, 254, 153, 153, 153
L -837, -1556, 254, -837, -1402, 255, 153, 153, 153
L -792, -1642, 254, -837, -1556, 254, 153, 153, 153
L -681, -1716, 254, -792, -1642, 254, 153, 153, 153
L -441, -1717, 254, -681, -1716, 254, 153, 153, 153
L -402, -1678, 254, -441, -1717, 254, 153, 153, 153
L -366, -1606, 256, -402, -1678, 254, 153, 153, 153
L -322, -1480, 254, -366, -1606, 256, 153, 153, 153
L -360, -1405, 254, -322, -1480, 254, 153, 153, 153
L -442, -1280, 253, -360, -1405, 254, 153, 153, 153
L -442, -1214, 259, -442, -1280, 253, 153, 153, 153
L -442, -1121, 283, -442, -1214, 259, 153, 153, 153
L -520, -1042, 283, -442, -1121, 283, 153, 153, 153
L -724, -1038, 243, -520, -1042, 283, 153, 153, 153
L -761, -1002, 247, -724, -1038, 243, 153, 153, 153
L -766, -836, 203, -761, -1002, 247, 153, 153, 153
L -840, -762, 203, -766, -836, 203, 153, 153, 153
L -963, -759, 203, -840, -762, 203, 153, 153, 153
L -993, -732, 203, -963, -759, 203, 153, 153, 153
L -999, -732, 203, -993, -732, 203, 153, 153, 153
L -1012, -726, 203, -999, -732, 203, 153, 153, 153
L -1012, -711, 203, -1012, -726, 203, 153, 153, 153
L -1042, -678, 203, -1012, -711, 203, 153, 153, 153
L -1040, -558, 203, -1042, -678, 203, 153, 153, 153
L -965, -520, 202, -1040, -558, 203, 153, 153, 153
L -717, -513, 289, -965, -520, 202, 153, 153, 153
L -643, -438, 326, -717, -513, 289, 153, 153, 153
L -476, -440, 362, -643, -438, 326, 153, 153, 153
L -401, -515, 369, -476, -440, 362, 153, 153, 153
L -42, -518, 362, -401, -515, 369, 153, 153, 153
L -3, -479, 362, -42, -518, 362, 153, 153, 153
L -2, -442, 362, -3, -479, 362, 153, 153, 153
L -82, -439, 363, -2, -442, 362, 153, 153, 153
L -82, -437, 363, -82, -439, 363, 153, 153, 153
L -87, -436, 363, -82, -437, 363, 153, 153, 153
L -84, -422, 368, -87, -436, 363, 153, 153, 153
L -86, -410, 368, -84, -422, 368, 153, 153, 153
L -74, -393, 368, -86, -410, 368, 153, 153, 153
L -71, -391, 368, -74, -393, 368, 153, 153, 153
L -62, -391, 368, -71, -391, 368, 153, 153, 153
L -62, -320, 368, -62, -391, 368, 153, 153, 153
L -76, -309, 368, -62, -320, 368, 153, 153, 153
L -75, -291, 368, -76, -309, 368, 153, 153, 153
L -71, -287, 368, -75, -291, 368, 153, 153, 153
L -62, -283, 368, -71, -287, 368, 153, 153, 153
L -62, -203, 369, -62, -283, 368, 153, 153, 153
L -77, -183, 368, -62, -203, 369, 153, 153, 153
L -73, -169, 368, -77, -183, 368, 153, 153, 153
L -62, -158, 363, -73, -169, 368, 153, 153, 153
L -66, -101, 368, -62, -158, 363, 153, 153, 153
L -84, -72, 368, -66, -101, 368, 153, 153, 153
L -86, -43, 363, -84, -72, 368, 153, 153, 153
L -81, -38, 362, -86, -43, 363, 153, 153, 153
L -42, -38, 368, -81, -38, 362, 153, 153, 153
L -42, -3, 382, -42, -38, 368, 153, 153, 153
L -85, 37, 362, -42, -3, 382, 153, 153, 153
L -203, 38, 362, -85, 37, 362, 153, 153, 153
L -277, 75, 362, -203, 38, 362, 153, 153, 153
L -321, 117, 384, -277, 75, 362, 153, 153, 153
L -278, 160, 363, -321, 117, 384, 153, 153, 153
L -202, 122, 363, -278, 160, 363, 153, 153, 153
L -123, 121, 360, -202, 122, 363, 153, 153, 153
L -43, 199, 358, -123, 121, 360, 153, 153, 153
L -42, 238, 353, -43, 199, 358, 153, 153, 153
L -113, 198, 360, -42, 238, 353, 153, 153, 153
L -161, 197, 363, -113, 198, 360, 153, 153, 153
L -202, 238, 365, -161, 197, 363, 153, 153, 153
L -164, 321, 391, -202, 238, 365, 153, 153, 153
L -162, 361, 405, -164, 321, 391, 153, 153, 153
L -164, 396, 403, -162, 361, 405, 153, 153, 153
L -120, 441, 410, -164, 396, 403, 153, 153, 153
L 1, 440, 427, -120, 441, 410, 153, 153, 153
L 41, 358, 436, 1, 440, 427, 153, 153, 153
L 1, 278, 423, 41, 358, 436, 153, 153, 153
L 3, 240, 423, 1, 278, 423, 153, 153, 153
L 37, 204, 430, 3, 240, 423, 153, 153, 153
L 39, 247, 423, 37, 204, 430, 153, 153, 153
L 50, 256, 423, 39, 247, 423, 153, 153, 153
L 69, 256, 423, 50, 256, 423, 153, 153, 153
L 81, 244, 423, 69, 256, 423, 153, 153, 153
L 81, 40, 443, 81, 244, 423, 153, 153, 153
L 120, 2, 443, 81, 40, 443, 153, 153, 153
L 321, 0, 443, 120, 2, 443, 153, 153, 153
L 360, -38, 443, 321, 0, 443, 153, 153, 153
L 359, -122, 443, 360, -38, 443, 153, 153, 153
L 280, -122, 443, 359, -122, 443, 153, 153, 153
L 161, -241, 443, 280, -122, 443, 153, 153, 153
L 161, -398, 443, 161, -241, 443, 153, 153, 153
L 230, -467, 443, 161, -398, 443, 153, 153, 153
L 284, -518, 443, 230, -467, 443, 153, 153, 153
L 360, -518, 443, 284, -518, 443, 153, 153, 153
L 362, -597, 443, 360, -518, 443, 153, 153, 153
L 240, -802, 443, 362, -597, 443, 153, 153, 153
L 77, -801, 443, 240, -802, 443, 153, 153, 153
L 77, -762, 443, 77, -801, 443, 153, 153, 153
L 37, -758, 443, 77, -762, 443, 153, 153, 153
L 37, -721, 443, 37, -758, 443, 153, 153, 153
L -1, -682, 443, 37, -721, 443, 153, 153, 153
L -319, -682, 523, -1, -682, 443, 153, 153, 153
L -357, -720, 523, -319, -682, 523, 153, 153, 153
L -356, -760, 523, -357, -720, 523, 153, 153, 153
L -398, -762, 523, -356, -760, 523, 153, 153, 153
L -399, -802, 523, -398, -762, 523, 153, 153, 153
L -597, -802, 523, -399, -802, 523, 153, 153, 153
L -677, -881, 523, -597, -802, 523, 153, 153, 153
L -677, -1159, 604, -677, -881, 523, 153, 153, 153
L -720, -1243, 593, -677, -1159, 604, 153, 153, 153
L -734, -1259, 593, -720, -1243, 593, 153, 153, 153
L -681, -1309, 593, -734, -1259, 593, 153, 153, 153
L -678, -1296, 593, -681, -1309, 593, 153, 153, 153
L -656, -1299, 593, -678, -1296, 593, 153, 153, 153
L -656, -1316, 593, -656, -1299, 593, 153, 153, 153
L -571, -1316, 593, -656, -1316, 593, 153, 153, 153
L -569, -1296, 593, -571, -1316, 593, 153, 153, 153
L -547, -1305, 593, -569, -1296, 593, 153, 153, 153
L -546, -1319, 593, -547, -1305, 593, 153, 153, 153
L -550, -1322, 593, -546, -1319, 593, 153, 153, 153
L -441, -1395, 593, -550, -1322, 593, 153, 153, 153
L -439, -1387, 593, -441, -1395, 593, 153, 153, 153
L -417, -1392, 593, -439, -1387, 593, 153, 153, 153
L -419, -1412, 593, -417, -1392, 593, 153, 153, 153
L -437, -1414, 593, -419, -1412, 593, 153, 153, 153
L -435, -1547, 593, -437, -1414, 593, 153, 153, 153
L -417, -1549, 593, -435, -1547, 593, 153, 153, 153
L -426, -1572, 593, -417, -1549, 593, 153, 153, 153
L -440, -1571, 593, -426, -1572, 593, 153, 153, 153
L -441, -1568, 593, -440, -1571, 593, 153, 153, 153
L -513, -1638, 593, -441, -1568, 593, 153, 153, 153
L -507, -1640, 593, -513, -1638, 593, 153, 153, 153
L -508, -1662, 593, -507, -1640, 593, 153, 153, 153
L -531, -1660, 593, -508, -1662, 593, 153, 153, 153
L -531, -1642, 593, -531, -1660, 593, 153, 153, 153
L -656, -1644, 593, -531, -1642, 593, 153, 153, 153
L -655, -1662, 593, -656, -1644, 593, 153, 153, 153
L -681, -1659, 593, -655, -1662, 593, 153, 153, 153
L -681, -1646, 593, -681, -1659, 593, 153, 153, 153
L -721, -1689, 593, -681, -1646, 593, 153, 153, 153
L -679, -1717, 593, -721, -1689, 593, 153, 153, 153
L -650, -1746, 599, -679, -1717, 593, 153, 153, 153
L -634, -1749, 604, -650, -1746, 599, 153, 153, 153
L -633, -1754, 604, -634, -1749, 604, 153, 153, 153
L -627, -1764, 604, -633, -1754, 604, 153, 153, 153
L -627, -1775, 604, -627, -1764, 604, 153, 153, 153
L -630, -1784, 604, -627, -1775, 604, 153, 153, 153
L -628, -1789, 604, -630, -1784, 604, 153, 153, 153
L -629, -1811, 603, -628, -1789, 604, 153, 153, 153
L -642, -1808, 603, -629, -1811, 603, 153, 153, 153
L -643, -1806, 603, -642, -1808, 603, 153, 153, 153
L -678, -1841, 603, -643, -1806, 603, 153, 153, 153
L -794, -1841, 661, -678, -1841, 603, 153, 153, 153
L -838, -1880, 683, -794, -1841, 661, 153, 153, 153
L -966, -1875, 683, -838, -1880, 683, 153, 153, 153
L -1002, -1839, 683, -966, -1875, 683, 153, 153, 153
L -1004, -1757, 683, -1002, -1839, 683, 153, 153, 153
L -1041, -1722, 683, -1004, -1757, 683, 153, 153, 153
L -1078, -1721, 683, -1041, -1722, 683, 153, 153, 153
L -1114, -1759, 683, -1078, -1721, 683, 153, 153, 153
L -1114, -1801, 683, -1114, -1759, 683, 153, 153, 153
L -1077, -1837, 683, -1114, -1801, 683, 153, 153, 153
L -1084, -1888, 683, -1077, -1837, 683, 153, 153, 153
L -1117, -1916, 683, -1084, -1888, 683, 153, 153, 153
L -1082, -1869, 666, -1117, -1916, 683, 153, 153, 153
L -1083, -1839, 656, -1082, -1869, 666, 153, 153, 153
L -1125, -1802, 644, -1083, -1839, 656, 153, 153, 153
L -1158, -1801, 644, -1125, -1802, 644, 153, 153, 153
L -1153, -1813, 649, -1158, -1801, 644, 153, 153, 153
L -1157, -1920, 683, -1153, -1813, 649, 153, 153, 153
L -1157, -1959, 683, -1157, -1920, 683, 153, 153, 153
L -1120, -1996, 683, -1157, -1959, 683, 153, 153, 153
L -1081, -1997, 683, -1120, -1996, 683, 153, 153, 153
L -1040, -1957, 683, -1081, -1997, 683, 153, 153, 153
L -800, -1956, 664, -1040, -1957, 683, 153, 153, 153
L -760, -1917, 644, -800, -1956, 664, 153, 153, 153
L -641, -1917, 603, -760, -1917, 644, 153, 153, 153
L -562, -1838, 603, -641, -1917, 603, 153, 153, 153
L -562, -1812, 603, -562, -1838, 603, 153, 153, 153
L -569, -1812, 603, -562, -1812, 603, 153, 153, 153
L -572, -1788, 604, -569, -1812, 603, 153, 153, 153
L -570, -1786, 604, -572, -1788, 604, 153, 153, 153
L -574, -1767, 604, -570, -1786, 604, 153, 153, 153
L -573, -1763, 604, -574, -1767, 604, 153, 153, 153
L -567, -1755, 604, -573, -1763, 604, 153, 153, 153
L -563, -1747, 600, -567, -1755, 604, 153, 153, 153
L -552, -1747, 600, -563, -1747, 600, 153, 153, 153
L -519, -1717, 593, -552, -1747, 600, 153, 153, 153
L -440, -1717, 593, -519, -1717, 593, 153, 153, 153
L -403, -1678, 593, -440, -1717, 593, 153, 153, 153
L -341, -1677, 601, -403, -1678, 593, 153, 153, 153
L -327, -1665, 602, -341, -1677, 601, 153, 153, 153
L -319, -1669, 604, -327, -1665, 602, 153, 153, 153
L -315, -1669, 604, -319, -1669, 604, 153, 153, 153
L -304, -1674, 604, -315, -1669, 604, 153, 153, 153
L -301, -1678, 604, -304, -1674, 604, 153, 153, 153
L -300, -1691, 604, -301, -1678, 604, 153, 153, 153
L -297, -1695, 604, -300, -1691, 604, 153, 153, 153
L -295, -1701, 603, -297, -1695, 604, 153, 153, 153
L -278, -1719, 603, -295, -1701, 603, 153, 153, 153
L -278, -1722, 603, -278, -1719, 603, 153, 153, 153
L -268, -1730, 603, -278, -1722, 603, 153, 153, 153
L -268, -1752, 603, -268, -1730, 603, 153, 153, 153
L -278, -1753, 603, -268, -1752, 603, 153, 153, 153
L -278, -1797, 603, -278, -1753, 603, 153, 153, 153
L -199, -1877, 603, -278, -1797, 603, 153, 153, 153
L -41, -1877, 563, -199, -1877, 603, 153, 153, 153
L 36, -1799, 563, -41, -1877, 563, 153, 153, 153
L 37, -1640, 498, 36, -1799, 563, 153, 153, 153
L -42, -1559, 445, 37, -1640, 498, 153, 153, 153
L -42, -1520, 443, -42, -1559, 445, 153, 153, 153
L 0, -1477, 443, -42, -1520, 443, 153, 153, 153
L 17, -1467, 443, 0, -1477, 443, 153, 153, 153
L 37, -1467, 443, 17, -1467, 443, 153, 153, 153
L 43, -1480, 443, 37, -1467, 443, 153, 153, 153
L 83, -1517, 443, 43, -1480, 443, 153, 153, 153
L 118, -1517, 444, 83, -1517, 443, 153, 153, 153
L 156, -1479, 443, 118, -1517, 444, 153, 153, 153
L 165, -1477, 443, 156, -1479, 443, 153, 153, 153
L 198, -1477, 446, 165, -1477, 443, 153, 153, 153
L 232, -1443, 443, 198, -1477, 446, 153, 153, 153
L 234, -1400, 444, 232, -1443, 443, 153, 153, 153
L 158, -1362, 443, 234, -1400, 444, 153, 153, 153
L 157, -1280, 446, 158, -1362, 443, 153, 153, 153
L 118, -1242, 444, 157, -1280, 446, 153, 153, 153
L 41, -1281, 446, 118, -1242, 444, 153, 153, 153
L 44, -1321, 443, 41, -1281, 446, 153, 153, 153
L 79, -1362, 443, 44, -1321, 443, 153, 153, 153
L 44, -1397, 443, 79, -1362, 443, 153, 153, 153
L 40, -1409, 443, 44, -1397, 443, 153, 153, 153
L 15, -1410, 443, 40, -1409, 443, 153, 153, 153
L 4, -1402, 443, 15, -1410, 443, 153, 153, 153
L -39, -1402, 446, 4, -1402, 443, 153, 153, 153
L -118, -1483, 443, -39, -1402, 446, 153, 153, 153
L -118, -1598, 470, -118, -1483, 443, 153, 153, 153
L -38, -1678, 522, -118, -1598, 470, 153, 153, 153
L -38, -1760, 563, -38, -1678, 522, 153, 153, 153
L -78, -1800, 563, -38, -1760, 563, 153, 153, 153
L -161, -1801, 603, -78, -1800, 563, 153, 153, 153
L -202, -1760, 603, -161, -1801, 603, 153, 153, 153
L -202, -1753, 603, -202, -1760, 603, 153, 153, 153
L -210, -1753, 603, -202, -1753, 603, 153, 153, 153
L -208, -1728, 603, -210, -1753, 603, 153, 153, 153
L -202, -1724, 603, -208, -1728, 603, 153, 153, 153
L -202, -1641, 603, -202, -1724, 603, 153, 153, 153
L -222, -1624, 604, -202, -1641, 603, 153, 153, 153
L -230, -1620, 604, -222, -1624, 604, 153, 153, 153
L -241, -1618, 604, -230, -1620, 604, 153, 153, 153
L -248, -1611, 604, -241, -1618, 604, 153, 153, 153
L -250, -1608, 604, -248, -1611, 604, 153, 153, 153
L -250, -1597, 604, -250, -1608, 604, 153, 153, 153
L -253, -1589, 601, -250, -1597, 604, 153, 153, 153
L -251, -1587, 601, -253, -1589, 601, 153, 153, 153
L -323, -1478, 593, -251, -1587, 601, 153, 153, 153
L -361, -1397, 593, -323, -1478, 593, 153, 153, 153
L -323, -1397, 597, -361, -1397, 593, 153, 153, 153
L -282, -1358, 603, -323, -1397, 597, 153, 153, 153
L -276, -1349, 603, -282, -1358, 603, 153, 153, 153
L -252, -1348, 603, -276, -1349, 603, 153, 153, 153
L -251, -1357, 603, -252, -1348, 603, 153, 153, 153
L -201, -1357, 603, -251, -1357, 603, 153, 153, 153
L -122, -1277, 603, -201, -1357, 603, 153, 153, 153
L -122, -1238, 603, -122, -1277, 603, 153, 153, 153
L -82, -1197, 603, -122, -1238, 603, 153, 153, 153
L -38, -1237, 603, -82, -1197, 603, 153, 153, 153
L -77, -1319, 646, -38, -1237, 603, 153, 153, 153
L -77, -1399, 683, -77, -1319, 646, 153, 153, 153
L -117, -1440, 683, -77, -1399, 683, 153, 153, 153
L -118, -1517, 683, -117, -1440, 683, 153, 153, 153
L -78, -1559, 683, -118, -1517, 683, 153, 153, 153
L -77, -1599, 683, -78, -1559, 683, 153, 153, 153
L -40, -1636, 683, -77, -1599, 683, 153, 153, 153
L 40, -1638, 683, -40, -1636, 683, 153, 153, 153
L 82, -1676, 684, 40, -1638, 683, 153, 153, 153
L 42, -1719, 689, 82, -1676, 684, 153, 153, 153
L 123, -1797, 681, 42, -1719, 689, 153, 153, 153
L 158, -1797, 677, 123, -1797, 681, 153, 153, 153
L 196, -1759, 673, 158, -1797, 677, 153, 153, 153
L 191, -1715, 674, 196, -1759, 673, 153, 153, 153
L 155, -1675, 683, 191, -1715, 674, 153, 153, 153
L 148, -1594, 683, 155, -1675, 683, 153, 153, 153
L 112, -1560, 683, 148, -1594, 683, 153, 153, 153
L 36, -1561, 683, 112, -1560, 683, 153, 153, 153
L -2, -1519, 683, 36, -1561, 683, 153, 153, 153
L -1, -1477, 683, -2, -1519, 683, 153, 153, 153
L 39, -1475, 683, -1, -1477, 683, 153, 153, 153
L 76, -1439, 683, 39, -1475, 683, 153, 153, 153
L 37, -1401, 683, 76, -1439, 683, 153, 153, 153
L 37, -1202, 603, 37, -1401, 683, 153, 153, 153
L -41, -1122, 603, 37, -1202, 603, 153, 153, 153
L -122, -1125, 603, -41, -1122, 603, 153, 153, 153
L -197, -1200, 603, -122, -1125, 603, 153, 153, 153
L -198, -1241, 603, -197, -1200, 603, 153, 153, 153
L -239, -1282, 603, -198, -1241, 603, 153, 153, 153
L -251, -1282, 603, -239, -1282, 603, 153, 153, 153
L -253, -1292, 603, -251, -1282, 603, 153, 153, 153
L -275, -1291, 603, -253, -1292, 603, 153, 153, 153
L -280, -1282, 603, -275, -1291, 603, 153, 153, 153
L -442, -1281, 593, -280, -1282, 603, 153, 153, 153
L -561, -1241, 593, -442, -1281, 593, 153, 153, 153
L -602, -1160, 608, -561, -1241, 593, 153, 153, 153
L -601, -958, 531, -602, -1160, 608, 153, 153, 153
L -520, -877, 523, -601, -958, 531, 153, 153, 153
L -398, -878, 523, -520, -877, 523, 153, 153, 153
L -398, -917, 523, -398, -878, 523, 153, 153, 153
L -358, -918, 523, -398, -917, 523, 153, 153, 153
L -358, -958, 523, -358, -918, 523, 153, 153, 153
L -318, -997, 523, -358, -958, 523, 153, 153, 153
L -3, -997, 443, -318, -997, 523, 153, 153, 153
L 37, -957, 443, -3, -997, 443, 153, 153, 153
L 38, -918, 443, 37, -957, 443, 153, 153, 153
L 77, -917, 443, 38, -918, 443, 153, 153, 153
L 79, -877, 443, 77, -917, 443, 153, 153, 153
L 277, -877, 443, 79, -877, 443, 153, 153, 153
L 398, -718, 443, 277, -877, 443, 153, 153, 153
L 441, -719, 443, 398, -718, 443, 153, 153, 153
L 560, -877, 443, 441, -719, 443, 153, 153, 153
L 768, -877, 443, 560, -877, 443, 153, 153, 153
L 789, -857, 443, 768, -877, 443, 153, 153, 153
L 808, -856, 443, 789, -857, 443, 153, 153, 153
L 825, -831, 443, 808, -856, 443, 153, 153, 153
L 769, -802, 443, 825, -831, 443, 153, 153, 153
L 599, -802, 443, 769, -802, 443, 153, 153, 153
L 477, -600, 443, 599, -802, 443, 153, 153, 153
L 479, -518, 443, 477, -600, 443, 153, 153, 153
L 796, -518, 453, 479, -518, 443, 153, 153, 153
L 796, -359, 463, 796, -518, 453, 153, 153, 153
L 912, -358, 463, 796, -359, 463, 153, 153, 153
L 913, -348, 463, 912, -358, 463, 153, 153, 153
L 936, -348, 463, 913, -348, 463, 153, 153, 153
L 944, -358, 463, 936, -348, 463, 153, 153, 153
L 959, -356, 463, 944, -358, 463, 153, 153, 153
L 996, -318, 463, 959, -356, 463, 153, 153, 153
L 999, 41, 443, 996, -318, 463, 153, 153, 153
L 1036, 41, 443, 999, 41, 443, 153, 153, 153
L 1038, 122, 443, 1036, 41, 443, 153, 153, 153
L 1077, 161, 447, 1038, 122, 443, 153, 153, 153
L 1276, 161, 363, 1077, 161, 447, 153, 153, 153
L 1356, 240, 363, 1276, 161, 363, 153, 153, 153
L 1356, 440, 323, 1356, 240, 363, 153, 153, 153
L 1394, 481, 304, 1356, 440, 323, 153, 153, 153
L 1359, 514, 304, 1394, 481, 304, 153, 153, 153
L 1316, 478, 323, 1359, 514, 304, 153, 153, 153
L 1314, 560, 323, 1316, 478, 323, 153, 153, 153
L 1279, 597, 323, 1314, 560, 323, 153, 153, 153
L 1080, 597, 297, 1279, 597, 323, 153, 153, 153
L 1036, 639, 283, 1080, 597, 297, 153, 153, 153
L 1036, 656, 283, 1036, 639, 283, 153, 153, 153
L 1027, 657, 283, 1036, 656, 283, 153, 153, 153
L 1027, 680, 283, 1027, 657, 283, 153, 153, 153
L 1037, 680, 283, 1027, 680, 283, 153, 153, 153
L 1072, 721, 283, 1037, 680, 283, 153, 153, 153
L 1083, 717, 287, 1072, 721, 283, 153, 153, 153
L 1119, 681, 283, 1083, 717, 287, 153, 153, 153
L 1196, 681, 283, 1119, 681, 283, 153, 153, 153
L 1276, 760, 283, 1196, 681, 283, 153, 153, 153
L 1276, 796, 283, 1276, 760, 283, 153, 153, 153
L 1197, 957, 283, 1276, 796, 283, 153, 153, 153
L 1196, 1010, 283, 1197, 957, 283, 153, 153, 153
L 1186, 1012, 283, 1196, 1010, 283, 153, 153, 153
L 1188, 1034, 283, 1186, 1012, 283, 153, 153, 153
L 1196, 1034, 283, 1188, 1034, 283, 153, 153, 153
L 1196, 1039, 283, 1196, 1034, 283, 153, 153, 153
L 1240, 1080, 285, 1196, 1039, 283, 153, 153, 153
L 1281, 1041, 286, 1240, 1080, 285, 153, 153, 153
L 1357, 1042, 285, 1281, 1041, 286, 153, 153, 153
L 1396, 1118, 286, 1357, 1042, 285, 153, 153, 153
L 1396, 1157, 285, 1396, 1118, 286, 153, 153, 153
L 1320, 1195, 284, 1396, 1157, 285, 153, 153, 153
L 1278, 1195, 283, 1320, 1195, 284, 153, 153, 153
L 1241, 1157, 283, 1278, 1195, 283, 153, 153, 153
L 1202, 1156, 284, 1241, 1157, 283, 153, 153, 153
L 1122, 1079, 283, 1202, 1156, 284, 153, 153, 153
L 1121, 1034, 283, 1122, 1079, 283, 153, 153, 153
L 1130, 1034, 283, 1121, 1034, 283, 153, 153, 153
L 1129, 1010, 283, 1130, 1034, 283, 153, 153, 153
L 1121, 1010, 283, 1129, 1010, 283, 153, 153, 153
L 1121, 879, 283, 1121, 1010, 283, 153, 153, 153
L 1081, 799, 283, 1121, 879, 283, 153, 153, 153
L 1073, 793, 294, 1081, 799, 283, 153, 153, 153
L 1040, 796, 283, 1073, 793, 294, 153, 153, 153
L 962, 719, 283, 1040, 796, 283, 153, 153, 153
L 961, 680, 283, 962, 719, 283, 153, 153, 153
L 966, 680, 283, 961, 680, 283, 153, 153, 153
L 968, 656, 283, 966, 680, 283, 153, 153, 153
L 961, 656, 283, 968, 656, 283, 153, 153, 153
L 962, 599, 283, 961, 656, 283, 153, 153, 153
L 1039, 522, 283, 962, 599, 283, 153, 153, 153
L 1201, 519, 323, 1039, 522, 283, 153, 153, 153
L 1240, 481, 323, 1201, 519, 323, 153, 153, 153
L 1241, 401, 323, 1240, 481, 323, 153, 153, 153
L 1277, 363, 331, 1241, 401, 323, 153, 153, 153
L 1281, 279, 365, 1277, 363, 331, 153, 153, 153
L 1237, 237, 376, 1281, 279, 365, 153, 153, 153
L 1001, 237, 443, 1237, 237, 376, 153, 153, 153
L 959, 197, 443, 1001, 237, 443, 153, 153, 153
L 921, 197, 443, 959, 197, 443, 153, 153, 153
L 881, 155, 443, 921, 197, 443, 153, 153, 153
L 881, 41, 443, 881, 155, 443, 153, 153, 153
L 918, 42, 443, 881, 41, 443, 153, 153, 153
L 921, -276, 463, 918, 42, 443, 153, 153, 153
L 936, -277, 463, 921, -276, 463, 153, 153, 153
L 934, -292, 463, 936, -277, 463, 153, 153, 153
L 913, -292, 463, 934, -292, 463, 153, 153, 153
L 912, -282, 463, 913, -292, 463, 153, 153, 153
L 797, -281, 463, 912, -282, 463, 153, 153, 153
L 796, -122, 453, 797, -281, 463, 153, 153, 153
L 546, -122, 443, 796, -122, 453, 153, 153, 153
L 477, -121, 443, 546, -122, 443, 153, 153, 153
L 476, -41, 443, 477, -121, 443, 153, 153, 153
L 517, 0, 443, 476, -41, 443, 153, 153, 153
L 718, 1, 443, 517, 0, 443, 153, 153, 153
L 756, 41, 443, 718, 1, 443, 153, 153, 153
L 756, 238, 443, 756, 41, 443, 153, 153, 153
L 708, 267, 443, 756, 238, 443, 153, 153, 153
L 691, 258, 443, 708, 267, 443, 153, 153, 153
L 681, 242, 443, 691, 258, 443, 153, 153, 153
L 682, 80, 443, 681, 242, 443, 153, 153, 153
L 157, 78, 443, 682, 80, 443, 153, 153, 153
L 157, 201, 442, 157, 78, 443, 153, 153, 153
L 157, 245, 423, 157, 201, 442, 153, 153, 153
L 167, 256, 423, 157, 245, 423, 153, 153, 153
L 188, 256, 423, 167, 256, 423, 153, 153, 153
L 197, 249, 425, 188, 256, 423, 153, 153, 153
L 197, 277, 423, 197, 249, 425, 153, 153, 153
L 119, 356, 423, 197, 277, 423, 153, 153, 153
L 115, 443, 427, 119, 356, 423, 153, 153, 153
L 71, 517, 423, 115, 443, 427, 153, 153, 153
L -159, 517, 403, 71, 517, 423, 153, 153, 153
L -237, 438, 411, -159, 517, 403, 153, 153, 153
L -242, 354, 402, -237, 438, 411, 153, 153, 153
L -278, 317, 390, -242, 354, 402, 153, 153, 153
L -279, 237, 371, -278, 317, 390, 153, 153, 153
L -320, 236, 363, -279, 237, 371, 153, 153, 153
L -398, 192, 363, -320, 236, 363, 153, 153, 153
L -398, 2, 372, -398, 192, 363, 153, 153, 153
L -326, -35, 365, -398, 2, 372, 153, 153, 153
L -278, -40, 363, -326, -35, 365, 153, 153, 153
L -274, -58, 368, -278, -40, 363, 153, 153, 153
L -277, -58, 368, -274, -58, 368, 153, 153, 153
L -272, -61, 368, -277, -58, 368, 153, 153, 153
L -276, -79, 368, -272, -61, 368, 153, 153, 153
L -287, -86, 368, -276, -79, 368, 153, 153, 153
L -298, -85, 368, -287, -86, 368, 153, 153, 153
L -296, -161, 368, -298, -85, 368, 153, 153, 153
L -283, -175, 368, -296, -161, 368, 153, 153, 153
L -284, -188, 368, -283, -175, 368, 153, 153, 153
L -293, -197, 368, -284, -188, 368, 153, 153, 153
L -298, -197, 368, -293, -197, 368, 153, 153, 153
L -298, -278, 369, -298, -197, 368, 153, 153, 153
L -283, -297, 368, -298, -278, 369, 153, 153, 153
L -287, -311, 368, -283, -297, 368, 153, 153, 153
L -292, -316, 368, -287, -311, 368, 153, 153, 153
L -298, -317, 368, -292, -316, 368, 153, 153, 153
L -298, -322, 363, -298, -317, 368, 153, 153, 153
L -295, -401, 368, -298, -322, 363, 153, 153, 153
L -279, -402, 368, -295, -401, 368, 153, 153, 153
L -270, -411, 368, -279, -402, 368, 153, 153, 153
L -270, -423, 368, -270, -411, 368, 153, 153, 153
L -272, -433, 368, -270, -423, 368, 153, 153, 153
L -280, -442, 363, -272, -433, 368, 153, 153, 153
L -361, -442, 362, -280, -442, 363, 153, 153, 153
L -363, -400, 370, -361, -442, 362, 153, 153, 153
L -401, -362, 362, -363, -400, 370, 153, 153, 153
L -469, -362, 377, -401, -362, 362, 153, 153, 153
L -480, -386, 362, -469, -362, 377, 153, 153, 153
L -497, -365, 358, -480, -386, 362, 153, 153, 153
L -639, -361, 325, -497, -365, 358, 153, 153, 153
L -684, -366, 301, -639, -361, 325, 153, 153, 153
L -803, -442, 242, -684, -366, 301, 153, 153, 153
L -822, -445, 238, -803, -442, 242, 153, 153, 153
L -856, -461, 231, -822, -445, 238, 153, 153, 153
L -900, -461, 214, -856, -461, 231, 153, 153, 153
L -959, -448, 204, -900, -461, 214, 153, 153, 153
L -1041, -447, 202, -959, -448, 204, 153, 153, 153
L -1116, -525, 202, -1041, -447, 202, 153, 153, 153
L -1114, -602, 202, -1116, -525, 202, 153, 153, 153
L -1077, -648, 202, -1114, -602, 202, 153, 153, 153
L -1079, -685, 202, -1077, -648, 202, 153, 153, 153
L -1086, -704, 202, -1079, -685, 202, 153, 153, 153
L -1075, -749, 202, -1086, -704, 202, 153, 153, 153
L -1030, -748, 203, -1075, -749, 202, 153, 153, 153
L -1017, -750, 203, -1030, -748, 203, 153, 153, 153
L -1019, -762, 205, -1017, -750, 203, 153, 153, 153
L -1212, -761, 202, -1019, -762, 205, 153, 153, 153
L -1212, -752, 202, -1212, -761, 202, 153, 153, 153
L -1207, -747, 202, -1212, -752, 202, 153, 153, 153
L -1219, -742, 202, -1207, -747, 202, 153, 153, 153
L -1236, -762, 203, -1219, -742, 202, 153, 153, 153
L -1560, -762, 43, -1236, -762, 203, 153, 153, 153
L -1642, -680, 43, -1560, -762, 43, 153, 153, 153
L -1642, -512, 43, -1642, -680, 43, 153, 153, 153
L -1660, -513, 43, -1642, -512, 43, 153, 153, 153
L -1659, -448, 43, -1660, -513, 43, 153, 153, 153
L -1642, -448, 43, -1659, -448, 43, 153, 153, 153
L -1644, -436, 42, -1642, -448, 43, 153, 153, 153
L -1637, -430, 23, -1644, -436, 42, 153, 153, 153
L -1603, -361, 23, -1637, -430, 23, 153, 153, 153
L -1643, -322, 23, -1603, -361, 23, 153, 153, 153
L -1655, -324, 23, -1643, -322, 23, 153, 153, 153
L -1655, -330, 23, -1655, -324, 23, 153, 153, 153
L -1668, -316, 27, -1655, -330, 23, 153, 153, 153
L -1668, -134, 27, -1668, -316, 27, 153, 153, 153
L -1668, -134, 277, -1668, -134, 27, 153, 153, 153
L -1861, 198, 4, -1889, 190, 4, 240, 83, 0
L -1889, 190, 4, -1892, 190, 4, 240, 83, 0
L -1892, 190, 4, -1997, 119, 3, 240, 83, 0
L -1997, 119, 3, -1997, 81, 4, 240, 83, 0
L -1997, 81, 4, -1983, 66, 4, 240, 83, 0
L -1983, 66, 4, -1956, 39, 4, 240, 83, 0
L -1956, 39, 4, -1955, 36, 4, 240, 83, 0
L -1955, 36, 4, -1954, 31, 3, 240, 83, 0
L -1954, 31, 3, -1955, 30, 3, 240, 83, 0
L -1955, 30, 3, -1957, 27, 3, 240, 83, 0
L -1957, 27, 3, -1957, -81, 3, 240, 83, 0
L -1957, -81, 3, -1959, -83, 3, 240, 83, 0
L -1959, -83, 3, -1968, -102, 3, 240, 83, 0
L -1968, -102, 3, -1986, -137, 3, 240, 83, 0
L -1986, -137, 3, -1997, -160, 3, 240, 83, 0
L -1997, -160, 3, -1994, -170, 3, 240, 83, 0
L -1994, -170, 3, -1989, -184, 4, 240, 83, 0
L -1989, -184, 4, -1980, -212, 3, 240, 83, 0
L -1980, -212, 3, -1963, -263, 4, 240, 83, 0
L -1963, -263, 4, -1958, -279, 3, 240, 83, 0
L -1958, -279, 3, -1956, -278, 3, 240, 83, 0
L -1956, -278, 3, -1956, -280, 3, 240, 83, 0
L -1956, -280, 3, -1955, -281, 3, 240, 83, 0
L -1955, -281, 3, -1839, -358, 3, 240, 83, 0
L -1839, -358, 3, -1838, -357, 3, 240, 83, 0
L -1838, -357, 3, -1836, -358, 3, 240, 83, 0
L -1836, -358, 3, -1806, -358, 4, 240, 83, 0
L -1806, -358, 4, -1800, -358, 3, 240, 83, 0
L -1800, -358, 3, -1799, -357, 3, 240, 83, 0
L -1799, -357, 3, -1797, -355, 4, 240, 83, 0
L -1797, -355, 4, -1798, -354, 4, 240, 83, 0
L -1798, -354, 4, -1795, -352, 4, 240, 83, 0
L -1795, -352, 4, -1787, -345, 4, 240, 83, 0
L -1787, -345, 4, -1766, -324, 3, 240, 83, 0
L -1766, -324, 3, -1762, -320, 3, 240, 83, 0
L -1762, -320, 3, -1761, -319, 4, 240, 83, 0
L -1761, -319, 4, -1760, -318, 4, 240, 83, 0
L -1760, -318, 4, -1750, -318, 4, 240, 83, 0
L -1750, -318, 4, -1750, -317, 4, 240, 83, 0
L -1750, -317, 4, -1748, -317, 4, 240, 83, 0
L -1748, -317, 4, -1744, -318, 3, 240, 83, 0
L -1744, -318, 3, -1743, -316, 4, 240, 83, 0
L -1743, -316, 4, -1742, -316, 4, 240, 83, 0
L -1742, -316, 4, -1732, -316, 3, 240, 83, 0
L -1732, -316, 3, -1731, -316, 4, 240, 83, 0
L -1731, -316, 4, -1727, -318, 4, 240, 83, 0
L -1727, -318, 4, -1697, -318, 4, 240, 83, 0
L -1697, -318, 4, -1669, -318, 3, 240, 83, 0
L -1669, -318, 3, -1669, -316, 3, 240, 83, 0
L -1669, -316, 3, -1667, -316, 4, 240, 83, 0
L -1667, -316, 4, -1656, -316, 3, 240, 83, 0
L -1656, -316, 3, -1655, -317, 3, 240, 83, 0
L -1655, -317, 3, -1652, -318, 2, 240, 83, 0
L -1652, -318, 2, -1651, -318, 2, 240, 83, 0
L -1651, -318, 2, -1641, -318, 3, 240, 83, 0
L -1641, -318, 3, -1638, -318, 3, 240, 83, 0
L -1638, -318, 3, -1624, -332, 3, 240, 83, 0
L -1624, -332, 3, -1616, -341, 3, 240, 83, 0
L -1616, -341, 3, -1599, -358, 3, 240, 83, 0
L -1599, -358, 3, -1598, -357, 3, 240, 83, 0
L -1598, -357, 3, -1597, -358, 3, 240, 83, 0
L -1597, -358, 3, -1480, -358, 3, 240, 83, 0
L -1480, -358, 3, -1480, -357, 4, 240, 83, 0
L -1480, -357, 4, -1469, -341, 3, 240, 83, 0
L -1469, -341, 3, -1401, -239, 4, 240, 83, 0
L -1401, -239, 4, -1401, -238, 3, 240, 83, 0
L -1401, -238, 3, -1401, -161, 3, 240, 83, 0
L -1401, -161, 3, -1402, -159, 3, 240, 83, 0
L -1402, -159, 3, -1416, -146, 3, 240, 83, 0
L -1416, -146, 3, -1478, -84, 4, 240, 83, 0
L -1478, -84, 4, -1481, -81, 3, 240, 83, 0
L -1481, -81, 3, -1481, 39, 4, 240, 83, 0
L -1481, 39, 4, -1482, 39, 4, 240, 83, 0
L -1482, 39, 4, -1483, 41, 4, 240, 83, 0
L -1483, 41, 4, -1504, 62, 3, 240, 83, 0
L -1504, 62, 3, -1521, 79, 4, 240, 83, 0
L -1521, 79, 4, -1522, 77, 4, 240, 83, 0
L -1522, 77, 4, -1523, 80, 4, 240, 83, 0
L -1523, 80, 4, -1525, 81, 4, 240, 83, 0
L -1525, 81, 4, -1551, 99, 3, 240, 83, 0
L -1551, 99, 3, -1640, 158, 3, 240, 83, 0
L -1640, 158, 3, -1642, 159, 3, 240, 83, 0
L -1642, 159, 3, -1760, 198, 3, 240, 83, 0
L -1760, 198, 3, -1760, 196, 3, 240, 83, 0
L -1760, 196, 3, -1762, 198, 3, 240, 83, 0
L -1762, 198, 3, -1792, 198, 4, 240, 83, 0
L -1792, 198, 4, -1879, 198, 4, 240, 83, 0
L -1879, 198, 4, -1878, 196, 4, 240, 83, 0
L -1878, 196, 4, -1881, 197, 4, 240, 83, 0
L -1881, 197, 4, -1882, 196, 3, 240, 83, 0
L -1882, 196, 3, -1906, 180, 4, 240, 83, 0
L -1906, 180, 4, -1917, 172, 3, 240, 83, 0
L -1253, -1033, 229, -1252, -1030, 229, 240, 83, 0
L -1252, -1030, 229, -1253, -1027, 229, 240, 83, 0
L -1253, -1027, 229, -1253, -1023, 229, 240, 83, 0
L -1253, -1023, 229, -1253, -1011, 230, 240, 83, 0
L -1253, -1011, 230, -1168, -1011, 230, 240, 83, 0
L -1168, -1011, 230, -1160, -1007, 230, 240, 83, 0
L -1160, -1007, 230, -1143, -999, 229, 240, 83, 0
L -1143, -999, 229, -1142, -999, 229, 240, 83, 0
L -1142, -999, 229, -1141, -997, 230, 240, 83, 0
L -1141, -997, 230, -1137, -995, 230, 240, 83, 0
L -1137, -995, 230, -1128, -991, 229, 240, 83, 0
L -1128, -991, 229, -1127, -991, 229, 240, 83, 0
L -1127, -991, 229, -1127, -982, 229, 240, 83, 0
L -1127, -982, 229, -1128, -980, 230, 240, 83, 0
L -1128, -980, 230, -1128, -976, 229, 240, 83, 0
L -1253, -1033, 229, -1251, -1033, 229, 240, 83, 0
L -1251, -1033, 229, -1232, -1033, 228, 240, 83, 0
L -1232, -1033, 228, -1232, -1032, 228, 240, 83, 0
L -1232, -1032, 228, -1230, -1033, 228, 240, 83, 0
L -1230, -1033, 228, -1199, -1033, 229, 240, 83, 0
L -1199, -1033, 229, -1135, -1033, 229, 240, 83, 0
L -1135, -1033, 229, -1134, -1031, 229, 240, 83, 0
L -1134, -1031, 229, -1132, -1032, 229, 240, 83, 0
L -1132, -1032, 229, -1130, -1031, 229, 240, 83, 0
L -1130, -1031, 229, -1124, -1029, 229, 240, 83, 0
L -1124, -1029, 229, -1107, -1023, 228, 240, 83, 0
L -1107, -1023, 228, -1106, -1023, 229, 240, 83, 0
L -1106, -1023, 229, -1104, -1015, 229, 240, 83, 0
L -1104, -1015, 229, -1099, -998, 228, 240, 83, 0
L -1099, -998, 228, -1097, -993, 228, 240, 83, 0
L -1097, -993, 228, -1094, -982, 227, 240, 83, 0
L -1094, -982, 227, -1089, -966, 228, 240, 83, 0
L -1089, -966, 228, -1088, -963, 228, 240, 83, 0
L -1088, -963, 228, -1084, -948, 229, 240, 83, 0
L -1084, -948, 229, -1082, -943, 227, 240, 83, 0
L -1082, -943, 227, -1081, -939, 226, 240, 83, 0
L -1081, -939, 226, -1081, -938, 224, 240, 83, 0
L -1081, -938, 224, -1080, -937, 221, 240, 83, 0
L -1080, -937, 221, -1079, -935, 220, 240, 83, 0
L -1079, -935, 220, -1078, -933, 218, 240, 83, 0
L -1078, -933, 218, -1071, -918, 206, 240, 83, 0
L -1071, -918, 206, -1070, -917, 205, 240, 83, 0
L -1070, -917, 205, -1068, -916, 197, 240, 83, 0
L -1068, -916, 197, -1066, -916, 196, 240, 83, 0
L -1066, -916, 196, -1056, -918, 188, 240, 83, 0
L -1056, -918, 188, -1041, -918, 175, 240, 83, 0
L -1041, -918, 175, -1041, -891, 176, 240, 83, 0
L -1041, -891, 176, -1046, -892, 176, 240, 83, 0
L -1046, -892, 176, -1045, -829, 175, 240, 83, 0
L -1045, -829, 175, -1044, -815, 176, 240, 83, 0
L -1044, -815, 176, -1043, -809, 176, 240, 83, 0
L -1043, -809, 176, -1043, -806, 176, 240, 83, 0
L -1043, -806, 176, -1042, -800, 175, 240, 83, 0
L -1042, -800, 175, -1042, -797, 175, 240, 83, 0
L -1042, -797, 175, -1041, -795, 175, 240, 83, 0
L -1041, -795, 175, -1042, -780, 175, 240, 83, 0
L -1042, -780, 175, -1043, -780, 175, 240, 83, 0
L -1043, -780, 175, -1066, -762, 177, 240, 83, 0
L -1066, -762, 177, -1082, -750, 176, 240, 83, 0
L -1082, -750, 176, -1084, -748, 176, 240, 83, 0
L -1084, -748, 176, -1099, -729, 177, 240, 83, 0
L -1099, -729, 177, -1089, -710, 177, 240, 83, 0
L -1089, -710, 177, -1091, -700, 177, 240, 83, 0
L -1091, -700, 177, -1090, -695, 177, 240, 83, 0
L -1090, -695, 177, -1083, -683, 177, 240, 83, 0
L -1083, -683, 177, -1082, -680, 177, 240, 83, 0
L -1082, -680, 177, -1082, -679, 177, 240, 83, 0
L -1082, -679, 177, -1081, -677, 177, 240, 83, 0
L -1081, -677, 177, -1081, -675, 176, 240, 83, 0
L -1081, -675, 176, -1081, -640, 177, 240, 83, 0
L -1081, -640, 177, -1083, -641, 177, 240, 83, 0
L -1083, -641, 177, -1083, -638, 177, 240, 83, 0
L -1083, -638, 177, -1098, -624, 178, 240, 83, 0
L -1098, -624, 178, -1113, -624, 178, 240, 83, 0
L -1113, -624, 178, -1114, -625, 178, 240, 83, 0
L -1114, -625, 178, -1116, -625, 178, 240, 83, 0
L -1116, -625, 178, -1117, -625, 179, 240, 83, 0
L -1117, -625, 179, -1125, -619, 179, 240, 83, 0
L -1125, -619, 179, -1131, -615, 180, 240, 83, 0
L -1131, -615, 180, -1131, -613, 180, 240, 83, 0
L -1131, -613, 180, -1132, -607, 182, 240, 83, 0
L -1132, -607, 182, -1132, -606, 182, 240, 83, 0
L -1132, -606, 182, -1132, -602, 186, 240, 83, 0
L -1132, -602, 186, -1131, -600, 187, 240, 83, 0
L -1131, -600, 187, -1124, -590, 186, 240, 83, 0
L -1124, -590, 186, -1122, -587, 186, 240, 83, 0
L -1122, -587, 186, -1121, -583, 186, 240, 83, 0
L -1121, -583, 186, -1121, -517, 187, 240, 83, 0
L -1121, -517, 187, -1120, -516, 186, 240, 83, 0
L -1120, -516, 186, -1114, -511, 187, 240, 83, 0
L -1114, -511, 187, -1111, -508, 187, 240, 83, 0
L -1111, -508, 187, -1095, -493, 188, 240, 83, 0
L -1095, -493, 188, -1090, -488, 186, 240, 83, 0
L -1090, -488, 186, -1050, -448, 188, 240, 83, 0
L -1050, -448, 188, -1040, -438, 187, 240, 83, 0
L -1040, -438, 187, -1039, -438, 185, 240, 83, 0
L -1039, -438, 185, -1036, -438, 184, 240, 83, 0
L -1036, -438, 184, -1005, -438, 178, 240, 83, 0
L -1005, -438, 178, -969, -438, 175, 240, 83, 0
L -969, -438, 175, -969, -437, 175, 240, 83, 0
L -969, -437, 175, -967, -436, 174, 240, 83, 0
L -967, -436, 174, -961, -437, 174, 240, 83, 0
L -961, -437, 174, -954, -437, 173, 240, 83, 0
L -954, -437, 173, -952, -438, 173, 240, 83, 0
L -952, -438, 173, -942, -441, 173, 240, 83, 0
L -942, -441, 173, -941, -442, 176, 240, 83, 0
L -941, -442, 176, -939, -441, 177, 240, 83, 0
L -939, -441, 177, -937, -442, 178, 240, 83, 0
L -937, -442, 178, -923, -450, 178, 240, 83, 0
L -923, -450, 178, -919, -452, 177, 240, 83, 0
L -919, -452, 177, -903, -457, 177, 240, 83, 0
L -903, -457, 177, -899, -458, 178, 240, 83, 0
L -899, -458, 178, -895, -458, 178, 240, 83, 0
L -895, -458, 178, -850, -458, 175, 240, 83, 0
L -850, -458, 175, -850, -456, 175, 240, 83, 0
L -850, -456, 175, -848, -457, 175, 240, 83, 0
L -848, -457, 175, -847, -456, 175, 240, 83, 0
L -847, -456, 175, -832, -446, 177, 240, 83, 0
L -832, -446, 177, -822, -439, 178, 240, 83, 0
L -822, -439, 178, -822, -438, 179, 240, 83, 0
L -822, -438, 179, -822, -436, 178, 240, 83, 0
L -822, -436, 178, -824, -431, 176, 240, 83, 0
L -824, -431, 176, -824, -429, 181, 240, 83, 0
L -824, -429, 181, -822, -439, 178, 240, 83, 0
L -822, -439, 178, -822, -439, 177, 240, 83, 0
L -822, -439, 177, -823, -436, 177, 240, 83, 0
L -823, -436, 177, -822, -438, 180, 240, 83, 0
L -822, -438, 180, -822, -439, 184, 240, 83, 0
L -822, -439, 184, -823, -435, 184, 240, 83, 0
L -823, -435, 184, -822, -437, 184, 240, 83, 0
L -822, -437, 184, -822, -439, 184, 240, 83, 0
L -822, -439, 184, -823, -436, 184, 240, 83, 0
L -823, -436, 184, -822, -437, 183, 240, 83, 0
L -822, -437, 183, -822, -439, 184, 240, 83, 0
L -822, -439, 184, -823, -435, 184, 240, 83, 0
L -823, -435, 184, -822, -437, 183, 240, 83, 0
L -822, -437, 183, -822, -438, 183, 240, 83, 0
L -822, -438, 183, -822, -439, 182, 240, 83, 0
L -822, -439, 182, -823, -436, 182, 240, 83, 0
L -823, -436, 182, -822, -437, 181, 240, 83, 0
L -822, -437, 181, -822, -437, 175, 240, 83, 0
L -847, -355, 175, -847, -355, 178, 240, 83, 0
L -847, -355, 178, -861, -341, 176, 240, 83, 0
L -861, -341, 176, -880, -322, 176, 240, 83, 0
L -880, -322, 176, -911, -322, 179, 240, 83, 0
L -911, -322, 179, -919, -322, 176, 240, 83, 0
L -919, -322, 176, -951, -354, 176, 240, 83, 0
L -951, -354, 176, -959, -361, 176, 240, 83, 0
L -959, -361, 176, -960, -362, 176, 240, 83, 0
L -960, -362, 176, -962, -362, 176, 240, 83, 0
L -962, -362, 176, -963, -362, 177, 240, 83, 0
L -963, -362, 177, -1119, -362, 177, 240, 83, 0
L -1119, -362, 177, -1141, -384, 178, 240, 83, 0
L -1141, -384, 178, -1162, -405, 177, 240, 83, 0
L -1162, -405, 177, -1198, -441, 177, 240, 83, 0
L -1198, -441, 177, -1196, -442, 177, 240, 83, 0
L -1196, -442, 177, -1198, -444, 177, 240, 83, 0
L -1198, -444, 177, -1198, -519, 178, 240, 83, 0
L -1198, -519, 178, -1193, -518, 178, 240, 83, 0
L -1193, -518, 178, -1193, -529, 178, 240, 83, 0
L -1193, -529, 178, -1173, -570, 177, 240, 83, 0
L -1173, -570, 177, -1168, -578, 177, 240, 83, 0
L -1168, -578, 177, -1165, -584, 178, 240, 83, 0
L -1165, -584, 178, -1161, -593, 178, 240, 83, 0
L -1161, -593, 178, -1158, -598, 177, 240, 83, 0
L -1158, -598, 177, -1157, -598, 177, 240, 83, 0
L -1157, -598, 177, -1158, -601, 177, 240, 83, 0
L -1158, -601, 177, -1158, -681, 178, 240, 83, 0
L -1158, -681, 178, -1161, -684, 177, 240, 83, 0
L -1161, -684, 177, -1188, -711, 177, 240, 83, 0
L -1188, -711, 177, -1185, -712, 177, 240, 83, 0
L -1185, -712, 177, -1188, -715, 177, 240, 83, 0
L -1188, -715, 177, -1188, -726, 178, 240, 83, 0
L -1188, -726, 178, -1191, -729, 178, 240, 83, 0
L -1191, -729, 178, -1197, -735, 177, 240, 83, 0
L -1197, -735, 177, -1206, -732, 177, 240, 83, 0
L -1206, -732, 177, -1209, -732, 177, 240, 83, 0
L -1209, -732, 177, -1208, -734, 177, 240, 83, 0
L -1208, -734, 177, -1211, -734, 177, 240, 83, 0
L -1211, -734, 177, -1216, -739, 177, 240, 83, 0
L -1216, -739, 177, -1215, -739, 177, 240, 83, 0
L -1215, -739, 177, -1214, -741, 177, 240, 83, 0
L -1214, -741, 177, -1211, -742, 177, 240, 83, 0
L -1211, -742, 177, -1199, -748, 182, 240, 83, 0
L -1199, -748, 182, -1196, -750, 182, 240, 83, 0
L -1196, -750, 182, -1195, -752, 182, 240, 83, 0
L -1195, -752, 182, -1194, -754, 183, 240, 83, 0
L -1194, -754, 183, -1193, -756, 183, 240, 83, 0
L -1193, -756, 183, -1186, -766, 184, 240, 83, 0
L -1186, -766, 184, -1177, -780, 183, 240, 83, 0
L -1177, -780, 183, -1178, -816, 184, 240, 83, 0
L -1178, -816, 184, -1176, -817, 184, 240, 83, 0
L -1176, -817, 184, -1178, -819, 183, 240, 83, 0
L -1178, -819, 183, -1178, -821, 183, 240, 83, 0
L -1178, -821, 183, -1179, -822, 183, 240, 83, 0
L -1179, -822, 183, -1198, -846, 184, 240, 83, 0
L -1198, -846, 184, -1195, -847, 184, 240, 83, 0
L -1195, -847, 184, -1198, -850, 184, 240, 83, 0
L -1198, -850, 184, -1198, -853, 184, 240, 83, 0
L -1198, -853, 184, -1209, -860, 184, 240, 83, 0
L -1209, -860, 184, -1209, -862, 184, 240, 83, 0
L -1209, -862, 184, -1209, -867, 183, 240, 83, 0
L -1209, -867, 183, -1209, -866, 183, 240, 83, 0
L -1209, -866, 183, -1208, -867, 183, 240, 83, 0
L -1208, -867, 183, -1207, -868, 184, 240, 83, 0
L -1207, -868, 184, -1193, -868, 183, 240, 83, 0
L -1193, -868, 183, -1188, -874, 183, 240, 83, 0
L -1188, -874, 183, -1187, -875, 184, 240, 83, 0
L -1187, -875, 184, -1187, -876, 184, 240, 83, 0
L -1187, -876, 184, -1184, -890, 184, 240, 83, 0
L -1184, -890, 184, -1183, -893, 184, 240, 83, 0
L -1183, -893, 184, -1159, -918, 183, 240, 83, 0
L -1159, -918, 183, -1139, -918, 183, 240, 83, 0
L -1139, -918, 183, -1138, -919, 184, 240, 83, 0
L -1138, -919, 184, -1137, -920, 184, 240, 83, 0
L -1137, -920, 184, -1128, -938, 184, 240, 83, 0
L -1128, -938, 184, -1127, -938, 184, 240, 83, 0
L -1127, -938, 184, -1128, -938, 183, 240, 83, 0
L -1128, -938, 183, -1129, -938, 183, 240, 83, 0
L -422, -318, 289, -423, -318, 290, 240, 83, 0
L -423, -318, 290, -434, -318, 288, 240, 83, 0
L -434, -318, 288, -441, -318, 289, 240, 83, 0
L -441, -318, 289, -442, -319, 289, 240, 83, 0
L -442, -319, 289, -449, -326, 290, 240, 83, 0
L -449, -326, 290, -466, -343, 290, 240, 83, 0
L -466, -343, 290, -481, -358, 289, 240, 83, 0
L -481, -358, 289, -482, -355, 289, 240, 83, 0
L -482, -355, 289, -486, -358, 289, 240, 83, 0
L -486, -358, 289, -516, -358, 290, 240, 83, 0
L -516, -358, 290, -547, -358, 289, 240, 83, 0
L -547, -358, 289, -594, -358, 290, 240, 83, 0
L -594, -358, 290, -635, -358, 289, 240, 83, 0
L -635, -358, 289, -610, -355, 290, 240, 83, 0
L -431, -282, 289, -441, -282, 289, 240, 83, 0
L -441, -282, 289, -442, -281, 289, 240, 83, 0
L -442, -281, 289, -459, -272, 289, 240, 83, 0
L -459, -272, 289, -485, -259, 290, 240, 83, 0
L -485, -259, 290, -520, -242, 289, 240, 83, 0
L -520, -242, 289, -521, -245, 289, 240, 83, 0
L -521, -245, 289, -524, -243, 289, 240, 83, 0
L -524, -243, 289, -527, -242, 289, 240, 83, 0
L -527, -242, 289, -559, -242, 289, 240, 83, 0
L -559, -242, 289, -559, -244, 289, 240, 83, 0
L -559, -244, 289, -562, -243, 289, 240, 83, 0
L -562, -243, 289, -640, -282, 289, 240, 83, 0
L -640, -282, 289, -642, -282, 288, 240, 83, 0
L -642, -282, 288, -645, -284, 287, 240, 83, 0
L -645, -284, 287, -645, -286, 287, 240, 83, 0
L -645, -286, 287, -648, -286, 287, 240, 83, 0
L -648, -286, 287, -658, -288, 285, 240, 83, 0
L -658, -288, 285, -659, -288, 283, 240, 83, 0
L -659, -288, 283, -677, -294, 273, 240, 83, 0
L -677, -294, 273, -705, -303, 260, 240, 83, 0
L -705, -303, 260, -758, -321, 257, 240, 83, 0
L -758, -321, 257, -762, -323, 257, 240, 83, 0
L -762, -323, 257, -780, -332, 239, 240, 83, 0
L -780, -332, 239, -824, -354, 209, 240, 83, 0
L -824, -354, 209, -839, -362, 210, 240, 83, 0
L -839, -362, 210, -839, -361, 209, 240, 83, 0
L -839, -361, 209, -813, -353, 208, 240, 83, 0
L -683, -360, 210, -688, -363, 211, 240, 83, 0
L -688, -363, 211, -698, -369, 209, 240, 83, 0
L -698, -369, 209, -702, -373, 209, 240, 83, 0
L -702, -373, 209, -727, -389, 209, 240, 83, 0
L -727, -389, 209, -800, -438, 209, 240, 83, 0
L -800, -438, 209, -801, -434, 209, 240, 83, 0
L -801, -434, 209, -809, -438, 209, 240, 83, 0
L -809, -438, 209, -823, -438, 209, 240, 83, 0
L -823, -438, 209, -825, -439, 207, 240, 83, 0
L -825, -439, 207, -831, -445, 205, 240, 83, 0
L -831, -445, 205, -834, -447, 205, 240, 83, 0
L -834, -447, 205, -850, -458, 201, 240, 83, 0
L -850, -458, 201, -851, -455, 201, 240, 83, 0
L -851, -455, 201, -855, -458, 201, 240, 83, 0
L -855, -458, 201, -858, -458, 201, 240, 83, 0
L -858, -458, 201, -879, -458, 196, 240, 83, 0
L -347, -203, 380, -347, -187, 380, 240, 83, 0
L -347, -187, 380, -348, -186, 381, 240, 83, 0
L -348, -186, 381, -395, -182, 380, 240, 83, 0
L -395, -182, 380, -396, -185, 380, 240, 83, 0
L -396, -185, 380, -402, -182, 380, 240, 83, 0
L -402, -182, 380, -404, -182, 380, 240, 83, 0
L -404, -182, 380, -407, -182, 381, 240, 83, 0
L -407, -182, 381, -411, -183, 381, 240, 83, 0
L -411, -183, 381, -418, -191, 381, 240, 83, 0
L -418, -191, 381, -418, -192, 381, 240, 83, 0
L -418, -192, 381, -416, -192, 381, 240, 83, 0
L -416, -192, 381, -418, -200, 381, 240, 83, 0
L -418, -200, 381, -418, -260, 380, 240, 83, 0
L -418, -260, 380, -417, -262, 381, 240, 83, 0
L -417, -262, 381, -418, -264, 380, 240, 83, 0
L -418, -265, 380, -418, -267, 381, 240, 83, 0
L -397, -253, 380, -397, -252, 381, 240, 83, 0
L -397, -252, 381, -396, -204, 381, 240, 83, 0
L -396, -204, 381, -394, -202, 381, 240, 83, 0
L -394, -202, 381, -391, -201, 381, 240, 83, 0
L -391, -201, 381, -378, -199, 381, 240, 83, 0
L -378, -199, 381, -373, -203, 381, 240, 83, 0
L -373, -203, 381, -347, -203, 381, 240, 83, 0
L -347, -203, 381, -347, -187, 381, 240, 83, 0
L -397, -254, 380, -397, -255, 381, 240, 83, 0
L -397, -255, 381, -397, -280, 381, 240, 83, 0
L -397, -280, 381, -399, -280, 381, 240, 83, 0
L -399, -280, 381, -398, -286, 381, 240, 83, 0
L -398, -286, 381, -398, -288, 380, 240, 83, 0
L -398, -288, 380, -402, -304, 378, 240, 83, 0
L -402, -304, 378, -403, -303, 378, 240, 83, 0
L -403, -303, 378, -403, -305, 378, 240, 83, 0
L -403, -305, 378, -405, -306, 372, 240, 83, 0
L -405, -306, 372, -420, -318, 370, 240, 83, 0
L -420, -318, 370, -422, -318, 370, 240, 83, 0
L -432, -282, 337, -441, -281, 334, 240, 83, 0
L -441, -281, 334, -443, -280, 333, 240, 83, 0
L -443, -280, 333, -444, -280, 333, 240, 83, 0
L -444, -280, 333, -447, -278, 327, 240, 83, 0
L -447, -278, 327, -447, -279, 322, 240, 83, 0
L -417, -214, 381, -418, -218, 380, 240, 83, 0
L -418, -218, 380, -418, -265, 380, 240, 83, 0
L -418, -264, 380, -417, -265, 380, 240, 83, 0
L -417, -265, 380, -418, -267, 380, 240, 83, 0
L -418, -267, 380, -418, -269, 380, 240, 83, 0
L -418, -269, 380, -419, -271, 381, 240, 83, 0
L -419, -271, 381, -420, -272, 379, 240, 83, 0
L -420, -272, 379, -425, -278, 378, 240, 83, 0
L -425, -278, 378, -425, -279, 378, 240, 83, 0
L -425, -279, 378, -427, -280, 378, 240, 83, 0
L -427, -280, 378, -428, -281, 379, 240, 83, 0
L -428, -281, 379, -430, -282, 379, 240, 83, 0
L -430, -282, 379, -431, -282, 378, 240, 83, 0
L -431, -282, 378, -436, -282, 378, 240, 83, 0
L -555, -358, 290, -556, -358, 289, 240, 83, 0
L -556, -358, 289, -576, -358, 289, 240, 83, 0
L -576, -358, 289, -671, -358, 253, 240, 83, 0
L -671, -358, 253, -680, -358, 243, 240, 83, 0
L -680, -358, 243, -682, -359, 242, 240, 83, 0
L -682, -359, 242, -686, -362, 240, 240, 83, 0
L -686, -362, 240, -690, -364, 238, 240, 83, 0
L -690, -364, 238, -696, -369, 220, 240, 83, 0
L -721, -1244, 265, -728, -1250, 264, 240, 83, 0
L -728, -1250, 264, -768, -1290, 265, 240, 83, 0
L -768, -1290, 265, -798, -1321, 263, 240, 83, 0
L -798, -1321, 263, -797, -1322, 263, 240, 83, 0
L -797, -1322, 263, -801, -1326, 263, 240, 83, 0
L -801, -1326, 263, -838, -1400, 262, 240, 83, 0
L -838, -1400, 262, -838, -1528, 260, 240, 83, 0
